5.857
5.328
5.743
5.727
6.049
5.605
5.413
6.012
5.606
5.514
5.670
6.026
5.707
5.633
5.962
5.486
5.584
5.803
4.171
5.627
5.737
5.268
4.895
5.376
5.327
5.053
5.304
5.916
5.863
5.412
5.477
6.014
5.808
5.715
5.913
5.790
5.347
5.890
5.352
5.473
5.633
5.796
5.718
5.574
5.341
5.362
5.981
5.811
5.177
5.488
5.615
4.339
5.106
5.384
5.962
5.500
6.255
5.762
5.406
5.847
4.771
4.503
5.767
5.646
4.920
5.695
4.872
4.674
4.752
3.174
5.250
5.840
5.020
4.060
5.941
5.518
5.251
5.576
5.330
5.620
4.455
6.033
5.109
4.781
5.308
5.552
4.549
5.879
5.872
5.661
5.818
5.795
5.403
5.690
5.527
5.768
5.700
5.561
3.537
6.123
5.758
5.636
5.256
5.588
5.551
5.896
5.991
6.084
4.739
5.448
5.964
4.797
5.619
5.831
5.488
6.066
5.616
5.661
5.866
6.217
5.588
5.442
5.498
5.471
5.422
3.829
4.994
4.231
6.129
6.014
4.766
6.081
5.966
5.589
6.180
6.042
4.432
5.398
5.679
5.887
5.845
6.047
5.418
5.444
5.250
4.780
5.470
3.819
5.520
5.140
4.941
5.662
5.467
5.712
4.639
5.488
4.249
5.583
5.272
5.917
5.804
5.494
5.559
5.648
5.214
6.035
6.274
4.732
5.417
5.423
5.196
5.613
5.492
5.803
5.646
5.204
5.711
3.913
5.601
5.089
5.624
4.442
6.345
6.209
5.420
5.978
6.112
5.193
5.291
6.023
5.905
5.310
6.129
5.982
6.126
5.297
5.941
6.084
5.991
5.964
5.268
5.797
5.708
6.048
6.217
5.129
5.765
6.020
5.950
6.123
5.076
6.016
5.845
5.905
5.556
5.841
5.934
5.727
5.979
5.217
5.662
6.005
5.759
5.763
5.718
5.918
5.779
5.828
5.747
5.753
3.639
4.549
4.941
4.400
5.869
5.777
5.913
5.897
4.931
5.624
4.938
5.574
3.156
5.705
5.336
5.704
5.632
5.326
5.695
6.129
6.345
5.978
6.209
5.905
5.330
5.790
1.271
4.863
5.736
5.982
6.126
5.803
5.708
5.785
5.493
4.969
5.572
5.645
6.192
5.966
6.281
5.619
6.277
6.067
5.481
5.818
6.091
6.039
5.897
5.862
5.467
5.936
5.610
4.467
3.951
5.737
5.262
5.821
5.582
5.611
6.014
2.419
5.230
6.004
5.284
6.153
6.276
6.002
2.982
5.597
5.866
5.503
5.706
5.865
2.366
1.762
5.473
5.874
5.573
1.286
5.941
6.005
6.084
5.979
6.217
5.845
4.685
5.347
5.805
5.791
5.808
5.879
5.662
5.453
5.171
5.879
6.007
5.884
5.879
5.924
5.210
4.813
5.998
5.698
5.401
5.690
5.972
6.014
5.713
5.505
5.634
5.635
5.568
5.858
5.909
6.281
5.706
5.721
5.416
5.545
5.241
3.762
5.865
5.856
5.532
5.130
3.647
6.129
5.978
5.440
5.062
6.159
6.089
5.689
5.856
5.998
5.106
6.209
6.123
5.982
6.048
6.091
6.153
3.087
4.190
5.832
5.840
5.884
4.836
5.959
6.269
6.125
5.258
5.363
5.405
5.242
5.979
5.248
6.061
5.982
5.682
5.265
6.206
5.613
2.597
5.663
2.994
5.049
5.585
5.868
5.266
2.977
2.244
6.239
5.853
5.605
6.081
5.254
6.096
5.936
5.974
5.256
6.101
6.160
6.054
6.237
5.711
5.351
5.984
6.301
6.274
5.941
6.005
6.084
6.159
6.217
6.281
5.938
6.005
5.798
5.703
5.235
5.117
5.474
5.988
5.946
5.941
5.987
5.134
5.825
3.955
5.609
5.348
5.575
5.350
5.479
5.859
5.375
5.778
5.950
6.118
5.507
5.939
5.920
5.793
5.528
5.179
5.397
5.451
5.869
6.271
6.272
6.163
5.552
2.359
6.129
5.978
6.209
1.376
6.032
6.036
5.711
5.828
5.726
6.101
6.160
5.394
5.595
2.903
4.000
5.982
6.091
6.153
5.153
2.701
5.241
6.131
4.493
5.319
5.674
5.356
5.091
5.271
6.001
6.031
6.204
5.829
6.293
6.065
5.273
5.320
6.055
1.983
6.194
6.232
5.434
5.372
3.076
0.789
5.670
5.270
5.597
6.000
5.596
5.191
5.879
5.141
5.898
6.033
6.236
6.217
6.175
6.286
6.233
1.839
5.352
5.914
6.158
5.901
5.941
6.084
6.159
6.281
6.175
5.756
5.170
6.167
6.021
5.993
6.273
5.999
5.899
5.680
6.162
5.939
6.018
5.801
5.702
6.084
5.989
6.085
6.174
6.163
5.970
5.793
5.817
5.806
6.080
5.705
6.084
5.990
5.955
5.686
5.528
5.897
5.757
5.667
5.952
6.136
5.609
5.853
6.083
5.493
5.768
2.606
4.999
5.996
6.031
6.129
6.293
5.978
6.209
0.880
5.232
5.711
5.552
6.101
6.160
5.364
3.146
5.534
5.982
6.091
6.153
5.527
5.344
6.015
6.334
5.362
5.584
5.214
5.548
6.175
6.269
5.758
6.345
6.180
6.090
6.040
5.194
5.295
6.008
6.198
5.990
6.190
6.019
6.127
5.899
5.412
6.183
6.231
6.234
6.255
4.310
6.111
6.053
6.140
6.354
5.425
6.160
6.246
6.061
5.457
6.239
5.283
3.274
6.084
6.136
6.281
5.938
6.137
5.947
6.085
4.961
5.999
6.018
6.084
5.684
5.768
5.442
5.658
5.883
5.969
6.079
5.522
4.398
6.147
5.983
5.837
5.841
5.376
5.382
6.101
5.981
5.713
3.825
6.090
5.976
5.499
5.202
5.596
5.772
5.261
5.771
5.641
5.624
6.031
6.129
6.293
6.198
5.978
6.183
6.096
6.209
5.852
5.709
4.697
5.711
5.962
5.743
5.565
5.622
4.485
5.515
5.146
5.982
5.546
6.091
6.160
6.354
6.005
5.013
6.080
6.300
6.123
6.291
6.147
5.332
6.183
6.163
6.052
5.265
6.248
5.651
5.968
5.960
6.048
6.143
5.746
5.175
5.649
5.626
5.607
5.333
5.569
4.305
5.982
5.278
5.395
6.053
5.336
5.238
6.168
5.390
3.389
6.066
6.165
6.098
6.112
6.260
6.006
5.280
5.953
5.991
5.955
6.109
6.084
6.037
6.084
6.136
6.281
5.296
5.517
6.275
5.937
4.937
6.307
6.052
6.275
5.414
6.159
6.147
6.085
5.994
5.990
5.968
6.086
5.853
6.131
6.084
5.520
5.157
5.684
5.653
5.697
6.276
6.102
5.972
5.445
5.308
5.723
4.436
5.271
5.228
5.289
5.052
5.733
5.907
6.031
6.129
6.293
6.198
5.530
5.764
5.698
5.978
6.183
3.046
6.209
1.598
5.651
5.920
5.885
5.501
5.982
6.091
6.066
5.647
6.160
0.781
5.057
5.348
6.127
6.261
5.276
6.231
5.897
6.214
6.253
6.022
6.175
5.907
6.246
6.132
5.669
1.282
6.030
6.300
6.131
6.281
6.220
5.267
6.149
6.162
6.155
5.870
5.983
6.153
6.044
4.206
5.446
5.520
5.542
5.549
6.167
5.489
6.066
5.836
6.070
6.163
6.202
5.858
6.275
5.414
6.084
5.775
6.180
6.167
6.010
6.085
6.084
5.990
6.087
5.697
6.149
5.955
5.468
5.829
6.275
4.459
5.528
6.107
6.131
6.242
5.945
5.405
4.773
5.920
3.013
6.127
6.100
4.992
5.470
5.647
5.572
5.533
5.609
5.676
4.917
6.264
5.966
5.186
5.006
6.231
6.031
6.129
6.198
5.897
4.538
5.042
6.066
6.167
5.333
5.596
5.289
6.055
1.181
5.285
6.066
6.160
6.281
5.870
5.267
6.162
3.303
3.598
5.265
5.407
5.536
5.242
5.196
6.073
6.039
6.020
5.899
5.951
5.893
6.047
6.237
5.824
5.970
5.310
6.258
6.132
6.005
5.747
6.063
5.270
5.984
5.731
6.169
6.182
5.556
5.644
6.121
6.156
5.985
6.259
6.221
6.012
6.196
5.956
6.182
6.037
6.148
6.208
6.063
6.194
6.192
6.188
6.293
6.275
5.609
4.917
5.426
6.086
6.275
6.277
5.996
6.115
5.770
5.241
6.083
6.083
6.085
6.085
5.500
4.302
5.753
5.039
2.895
5.547
5.781
2.803
4.905
5.499
5.648
5.226
5.969
6.271
5.978
5.706
5.751
5.916
5.371
5.997
6.231
6.031
5.899
6.129
6.237
5.566
5.979
4.165
4.440
4.592
5.157
6.066
5.254
5.634
6.098
5.898
5.701
6.018
5.734
5.700
5.321
6.167
6.066
6.192
6.160
6.293
5.267
5.629
5.595
4.986
6.163
5.907
5.601
6.184
5.650
5.990
5.958
6.224
5.237
5.702
5.990
6.041
6.054
6.161
6.162
5.980
6.148
5.586
5.326
6.154
5.366
5.895
5.342
5.363
5.292
6.176
5.402
5.503
5.880
6.303
6.142
6.147
6.265
5.973
6.132
5.960
6.269
6.146
6.145
6.098
5.753
6.275
5.609
4.630
6.277
6.275
6.014
6.084
5.219
5.816
5.805
5.351
5.509
5.413
6.174
5.762
5.056
5.960
6.033
5.761
5.760
6.153
6.159
6.079
4.724
6.165
6.083
6.181
5.659
5.708
5.973
5.915
4.918
5.857
6.013
5.881
5.290
5.913
5.685
5.416
5.792
6.161
6.062
5.735
6.231
6.031
5.899
5.300
6.129
6.237
5.829
6.066
6.167
5.450
5.897
5.967
5.797
6.066
5.514
5.529
6.192
6.160
6.293
5.267
5.460
5.587
5.877
6.141
5.878
5.931
5.973
2.266
5.984
2.314
5.263
6.030
3.288
6.044
6.163
5.255
6.084
6.162
6.261
6.025
6.230
5.893
6.163
5.192
6.251
6.235
6.208
5.252
6.065
6.257
5.331
6.054
6.294
2.427
5.894
5.999
5.620
6.034
6.212
6.079
6.236
5.989
6.231
5.884
5.960
5.374
6.277
6.161
6.161
6.024
5.912
6.201
5.408
6.154
6.088
5.807
5.973
6.275
6.085
6.087
6.083
6.131
6.163
5.804
6.085
6.109
5.765
5.832
5.936
5.698
5.597
5.970
5.970
5.971
5.745
4.914
6.012
5.676
5.479
6.231
6.031
6.208
5.899
6.237
6.066
6.167
5.765
5.806
5.572
5.705
5.962
5.316
5.397
5.252
5.368
5.738
5.574
5.928
5.347
5.863
5.437
6.066
6.192
6.160
6.293
5.931
6.261
5.267
6.132
5.411
6.085
5.241
6.074
6.241
5.176
6.231
6.165
6.123
6.235
5.601
5.669
6.144
6.155
6.344
5.212
6.004
5.905
5.976
6.017
6.048
1.683
5.721
5.779
1.730
6.055
6.019
6.093
6.089
3.147
5.913
6.213
5.344
5.992
5.379
6.139
5.777
6.143
6.268
5.925
6.252
6.146
6.087
5.273
5.997
6.277
6.160
6.160
5.508
6.086
6.096
6.275
6.085
6.085
6.147
5.955
6.114
5.607
5.550
6.181
6.102
6.205
5.502
5.667
5.743
6.110
5.980
5.711
5.302
5.292
5.063
5.580
6.294
6.275
6.085
5.624
5.239
6.356
6.080
5.626
5.841
5.713
6.118
5.513
5.689
5.916
5.495
5.477
6.166
5.169
6.231
6.031
6.208
5.899
6.237
5.397
6.066
6.167
5.973
5.390
6.093
6.066
6.192
6.160
6.293
6.089
6.261
2.133
1.066
5.231
5.931
5.941
6.111
6.162
6.155
6.235
6.165
6.009
6.165
5.947
6.171
5.240
6.283
5.259
6.233
6.014
6.074
5.760
5.268
5.983
5.309
5.851
6.038
6.150
6.262
5.279
6.235
6.222
5.897
6.274
6.107
6.128
6.068
5.205
5.316
2.030
5.274
6.214
6.098
5.418
5.679
6.087
6.299
3.406
1.566
6.277
6.087
5.845
5.432
5.702
6.130
6.144
5.715
5.448
5.917
5.284
5.665
5.614
6.159
6.157
6.159
6.163
6.167
6.085
6.085
6.083
6.086
6.085
6.085
6.094
5.959
6.056
5.457
5.097
5.894
5.628
6.184
5.389
5.390
2.692
6.274
5.980
5.638
5.437
5.923
5.406
5.491
6.158
5.810
5.476
6.231
6.031
6.208
5.899
6.237
5.931
5.255
4.228
6.066
6.167
5.316
5.570
5.989
6.214
6.066
6.088
6.192
6.293
6.261
0.849
6.017
6.162
6.122
6.109
6.022
6.022
6.110
6.005
6.212
5.744
5.949
6.044
6.024
5.939
5.259
6.033
5.861
5.246
5.827
6.013
5.423
5.653
5.435
5.588
5.265
5.876
5.620
5.280
5.622
5.151
6.009
5.927
6.245
5.905
5.824
5.988
6.223
5.175
5.822
5.291
6.031
6.298
5.882
6.128
2.080
6.277
5.476
6.278
6.086
6.016
5.996
6.175
6.167
6.160
6.276
6.087
6.275
6.086
6.084
5.661
5.579
6.085
5.858
5.571
5.690
6.161
5.711
5.878
5.869
5.623
5.814
6.078
5.887
6.041
6.058
5.465
5.413
6.083
5.216
5.977
6.045
6.087
5.362
5.441
5.419
6.002
6.179
5.843
6.231
1.476
6.031
6.208
5.899
6.237
6.009
5.931
5.906
5.723
5.635
5.765
6.066
6.167
6.214
6.066
5.205
6.192
6.293
6.261
1.907
2.483
6.108
6.196
6.068
5.297
6.021
6.222
6.190
6.091
6.022
6.022
5.389
5.403
6.039
5.259
5.782
6.233
5.994
6.299
6.144
5.957
5.246
6.247
5.197
6.105
5.991
6.236
5.377
2.124
1.910
5.259
6.014
5.434
6.236
5.918
3.200
1.952
5.928
5.888
6.106
5.963
6.148
1.035
5.282
6.277
6.157
6.158
6.088
6.084
6.086
6.083
5.946
4.844
6.187
5.646
5.406
6.085
6.084
6.116
5.944
6.232
5.168
4.962
6.109
5.648
6.160
5.479
5.183
5.631
5.822
5.688
5.699
5.522
5.434
6.186
5.852
5.822
5.630
5.423
5.979
5.977
5.847
6.156
6.014
5.804
3.791
6.231
6.031
6.208
5.899
6.237
6.247
6.009
6.066
5.759
6.167
6.144
6.214
0.776
6.066
6.192
5.629
5.625
5.691
6.119
6.293
5.434
5.248
3.402
6.163
5.077
5.918
5.094
5.750
6.074
5.893
6.027
6.231
6.028
6.145
6.207
5.257
5.600
6.016
5.900
6.167
6.086
6.054
2.267
5.642
6.128
2.064
5.771
5.967
3.118
5.948
6.096
6.321
6.270
6.150
6.024
5.982
6.042
5.785
6.149
5.917
2.069
6.277
5.851
5.577
5.400
5.495
6.192
6.019
6.085
6.022
6.098
6.094
6.133
5.864
6.106
6.162
5.899
2.778
6.092
6.275
5.856
5.650
6.114
6.227
6.126
6.008
6.123
5.373
5.321
5.650
5.489
5.406
5.672
5.725
5.954
6.087
5.959
6.055
5.536
6.009
5.493
5.420
6.013
6.231
6.118
6.031
6.208
5.899
6.237
6.247
6.009
5.265
5.899
6.066
6.167
5.303
6.135
5.236
6.214
6.066
6.192
1.626
6.170
6.293
5.434
6.079
5.990
5.969
5.917
5.663
6.021
6.138
5.197
5.218
5.814
6.026
5.726
5.175
5.759
6.014
5.211
5.194
6.243
5.488
6.011
6.226
6.117
6.101
5.908
6.118
6.013
6.269
6.021
6.100
5.617
6.014
5.944
5.914
6.088
6.260
6.205
5.891
6.176
6.425
6.263
6.190
5.939
6.231
6.192
6.018
6.071
5.266
6.275
6.086
6.100
5.269
6.168
6.084
6.084
6.087
6.160
5.864
6.160
5.652
4.764
6.119
5.984
6.083
6.094
5.859
5.269
5.839
5.755
5.971
5.729
6.139
6.066
6.006
5.924
6.254
5.267
5.308
5.086
5.764
5.748
5.022
5.136
5.012
5.966
6.231
6.031
6.208
5.899
6.237
6.247
5.327
6.009
5.563
5.494
5.667
5.815
5.299
5.443
5.188
5.749
6.425
6.214
6.066
5.189
6.192
6.263
6.293
5.493
5.434
6.260
1.895
2.580
6.068
6.217
5.218
5.744
6.027
5.222
5.827
6.110
6.109
5.371
5.195
3.121
5.213
6.251
5.873
5.348
6.207
5.257
5.959
6.058
6.023
6.265
6.206
5.229
5.859
6.013
5.991
6.027
6.027
5.598
5.608
6.237
1.997
5.324
6.177
1.721
3.453
6.349
5.787
6.317
6.155
1.340
6.174
5.443
6.164
6.085
5.655
6.159
6.042
5.911
4.933
4.776
4.134
6.278
6.087
6.019
5.942
5.460
5.883
5.864
6.096
5.936
5.512
5.955
5.365
6.231
5.845
6.088
5.752
5.695
6.031
5.843
6.208
5.899
6.206
6.247
6.009
5.569
5.912
6.188
5.815
5.846
5.759
5.994
5.893
5.951
5.725
5.502
5.205
5.823
4.986
5.754
5.965
5.931
5.227
5.719
5.991
6.425
6.214
5.744
5.625
3.317
6.066
6.192
6.293
5.434
6.260
5.939
5.753
5.082
5.276
6.115
6.104
6.018
5.937
6.138
5.210
5.886
5.972
6.020
5.118
5.975
6.166
5.255
6.139
5.451
5.973
5.391
5.505
5.263
6.266
6.075
5.931
6.272
6.019
5.101
6.130
5.337
6.227
5.954
5.800
6.421
6.195
6.284
6.197
6.182
6.067
5.270
6.277
6.087
6.159
5.575
5.795
5.642
6.155
6.130
6.089
5.907
2.526
5.703
5.452
6.291
5.967
5.908
6.191
5.847
6.171
6.297
4.928
2.285
5.189
6.057
5.985
6.109
5.972
4.058
5.373
5.504
5.324
5.428
2.083
4.096
6.054
5.704
4.666
5.836
5.433
6.072
6.231
5.733
5.736
6.031
6.208
5.899
6.206
6.247
6.009
5.980
5.847
5.759
5.626
5.256
6.425
6.214
6.066
5.624
5.884
5.871
6.192
6.293
5.434
6.260
6.195
5.312
5.830
5.581
5.339
5.234
6.177
6.013
5.858
5.762
5.930
6.117
6.153
6.286
6.222
6.021
6.203
6.159
6.229
6.050
5.477
5.963
5.614
5.970
5.388
6.357
5.940
6.196
0.704
6.423
6.184
6.233
6.040
6.301
6.299
6.264
6.142
6.270
2.323
6.367
6.081
6.144
6.206
6.158
6.163
5.575
5.564
4.182
6.085
5.719
5.061
5.342
3.952
6.161
6.092
4.205
5.286
6.083
6.275
5.108
5.951
5.281
4.614
6.083
5.744
6.082
5.201
6.103
2.830
4.669
5.503
5.921
5.744
4.663
6.085
6.084
5.245
5.710
5.458
5.324
6.231
6.031
6.208
5.899
6.206
5.568
5.656
6.009
5.765
6.357
5.415
5.290
5.560
5.686
5.067
5.192
2.431
5.187
6.423
6.214
6.066
0.672
6.192
5.453
6.293
5.434
6.260
6.233
6.193
4.503
5.297
6.176
6.137
6.163
6.227
5.193
5.913
5.987
5.951
5.437
6.019
6.133
2.961
6.096
3.349
6.060
6.088
5.216
5.773
5.296
6.022
1.977
6.213
5.271
6.068
5.144
5.338
6.010
6.061
6.066
1.573
5.764
6.230
6.173
6.154
5.457
3.088
3.392
6.191
5.553
6.167
5.827
6.158
6.162
6.161
5.657
6.086
6.105
5.584
5.333
5.909
6.085
6.279
6.017
5.174
5.886
6.084
5.174
5.085
5.001
5.843
5.830
6.160
6.139
5.799
6.231
6.031
6.071
6.078
5.579
6.208
5.899
6.206
6.009
4.765
6.357
5.657
5.883
5.843
2.959
5.653
6.110
5.481
4.866
5.817
5.730
6.081
6.084
5.516
5.957
5.731
5.976
5.657
6.423
6.214
6.066
6.192
6.293
5.434
5.437
6.260
6.233
5.421
6.132
5.686
5.933
5.821
6.227
5.360
6.195
5.328
5.331
5.877
6.125
6.143
6.236
6.011
5.811
6.149
4.705
5.956
6.274
5.245
5.935
6.225
6.048
5.671
6.384
6.197
6.108
5.299
5.217
5.374
5.260
5.389
6.059
6.132
6.028
6.008
6.237
6.211
6.232
6.151
5.975
6.019
6.111
6.085
6.084
6.279
4.803
6.160
6.185
4.828
5.815
6.085
4.733
6.160
6.155
6.084
5.819
6.113
6.116
5.475
4.999
5.171
5.309
5.955
5.685
6.231
6.031
4.923
6.208
5.899
5.131
6.206
6.297
6.009
6.116
6.139
6.292
6.248
2.859
5.330
5.641
5.205
5.696
5.857
6.357
5.845
6.141
6.108
5.888
5.968
5.655
5.328
5.400
5.626
5.650
5.115
5.215
2.815
3.682
6.423
6.214
6.066
6.192
6.028
6.293
5.434
6.260
5.130
5.201
6.205
6.233
5.708
6.213
5.916
3.092
5.694
2.879
6.026
5.900
5.957
5.449
6.147
6.172
6.025
5.953
5.314
5.420
5.538
6.103
5.271
6.033
6.096
2.153
5.554
5.813
6.080
5.928
6.145
3.273
6.004
1.159
6.130
6.288
6.096
6.160
6.335
6.153
5.798
6.082
5.645
5.243
6.141
6.237
6.084
6.085
6.023
5.205
5.900
5.394
5.873
6.115
5.800
6.086
5.706
5.457
5.787
3.794
6.160
5.986
3.156
3.391
5.382
6.089
6.103
6.122
6.124
4.828
5.034
5.503
6.231
5.466
6.241
6.031
6.208
5.782
5.530
5.899
5.800
5.167
5.541
6.206
4.632
5.607
5.517
5.113
5.419
5.964
5.370
5.912
5.957
5.348
4.567
6.035
1.975
6.009
6.357
5.884
5.747
6.423
6.214
6.066
6.192
6.028
6.293
5.434
0.988
6.195
6.153
5.932
5.890
6.231
5.925
5.909
6.034
6.197
6.048
5.204
5.961
6.059
2.791
4.041
6.187
6.023
6.089
6.161
6.233
5.615
5.935
6.089
6.075
6.097
5.509
5.932
1.224
5.507
5.892
5.271
6.092
6.263
6.088
6.002
5.858
6.027
6.131
6.228
6.220
6.267
6.084
6.162
5.677
5.946
4.898
5.221
6.161
6.088
5.520
4.808
5.674
5.411
2.518
6.155
6.132
5.142
6.085
6.027
6.087
5.828
5.770
5.684
5.864
5.831
5.027
5.547
5.443
5.907
5.898
6.260
5.768
5.469
5.637
3.208
5.296
6.087
6.085
6.231
5.774
5.981
5.473
6.133
6.129
5.849
6.166
6.031
6.208
5.821
5.899
6.206
6.249
6.009
5.280
1.476
6.357
6.291
5.484
6.423
6.214
6.066
6.192
6.028
6.293
5.434
5.272
5.826
5.235
6.014
5.452
2.625
6.038
5.110
5.285
6.101
6.124
5.995
6.024
6.015
5.078
5.157
5.845
5.379
5.720
6.044
6.136
5.382
5.381
6.022
6.104
5.801
5.877
6.241
6.192
5.707
1.929
6.066
5.999
6.261
6.304
6.114
6.059
6.148
6.194
