hardness
 (GPa)  
   9.302
   6.007
   9.386
   5.801
   9.400
   5.892
   8.477
   6.620
   9.260
   8.495
   8.975
   9.737
   9.059
   9.946
   9.787
   7.833
   8.931
   9.710
   1.368
   6.809
   7.431
   5.640
   7.450
   6.855
   8.775
   6.716
   6.495
   8.996
   7.935
   8.456
   9.132
   9.226
   4.917
   6.406
   7.875
   6.514
   8.158
   8.605
   7.901
   9.036
   7.061
   9.811
   9.656
   7.550
   8.557
   8.058
   8.198
  10.037
   8.122
   7.941
   9.333
   3.773
   8.297
   7.830
   8.480
   6.857
  10.108
   4.110
   8.045
   8.893
   6.248
   7.575
   8.404
   8.363
   5.908
   8.540
   7.136
   6.664
   7.335
   2.110
   7.256
  10.067
   4.648
   5.246
  10.948
   8.459
   6.577
   7.480
   6.392
   8.042
   6.481
   9.743
   8.112
   6.128
   6.437
   7.785
   7.020
  10.568
   9.231
   7.350
   8.905
   9.299
   9.953
   9.324
   8.099
   9.391
   9.270
   9.363
   5.121
   9.824
   8.292
   8.454
   9.352
   7.991
   6.919
  10.185
  10.419
  11.731
   7.525
   5.763
  10.152
   4.789
   8.579
   9.379
   9.346
   9.275
   8.128
   8.230
  10.109
  10.908
   8.699
   7.415
   8.788
   7.161
   6.700
   2.214
   5.935
   5.247
   5.283
   9.353
   7.081
   8.276
   8.520
   7.893
   9.774
   9.568
   8.234
   4.866
   9.581
   6.126
  10.547
   9.693
   8.927
   8.965
   8.072
   6.455
   8.539
   5.831
   7.759
   8.231
   5.392
  10.504
   6.639
   9.737
   8.202
   8.408
   4.967
   7.788
   9.206
  10.515
   9.545
   8.125
   8.568
   8.845
   7.426
   8.516
  10.972
   7.147
   9.306
   9.454
   9.595
   9.749
   7.526
   9.399
   9.102
   7.742
   8.918
   5.025
   8.233
   8.992
  10.461
   7.428
  11.473
  11.325
   8.158
  11.467
   6.112
  10.052
   5.921
   8.922
  10.160
   9.283
  11.791
  11.615
  10.932
   7.702
  10.948
  11.731
  10.419
  10.152
   4.285
   6.679
   9.915
   9.832
  10.908
   7.190
   7.536
  10.826
   8.537
   8.473
   7.881
   8.839
  10.547
   9.520
  10.025
   9.403
  10.515
   6.999
  10.718
   6.779
  10.504
  10.764
   8.483
   7.460
   7.821
   9.085
   8.906
   9.637
   7.995
   9.306
   0.595
   7.458
   7.777
   7.313
   7.219
   9.305
   8.030
   9.254
   7.924
  10.461
   5.959
   9.354
   3.190
   6.385
   8.778
  10.265
   7.116
   8.836
   9.516
  11.791
  11.473
  11.467
  11.325
  10.160
   6.646
   8.148
  -3.185
   7.657
   9.488
  11.615
  10.932
   8.214
   9.044
   9.672
   9.145
   7.272
   9.253
   9.738
   8.068
   7.328
  11.703
   9.903
  10.556
   9.626
   9.312
   8.755
  11.597
   8.385
   9.918
   7.940
   9.637
   9.371
   7.718
   6.676
  -1.139
   9.822
   5.642
   9.272
  10.008
   7.938
   8.792
  -2.974
   8.432
   6.522
   6.699
  10.933
   9.350
  10.289
  -1.181
   7.890
   9.875
   8.958
  10.485
  10.336
  -3.145
   0.989
   9.232
  10.267
   8.105
  -3.264
  10.948
  10.764
  11.731
  10.718
  10.908
  10.547
   6.859
   2.563
   8.965
   7.360
   7.282
   6.327
  10.504
   8.063
   7.023
  10.483
  10.384
   9.311
  10.270
   8.742
   9.361
   7.795
  10.524
   7.864
   8.314
   9.603
   9.941
  10.922
   5.764
   7.749
   9.096
   7.535
   7.889
   8.382
   7.923
  11.703
  10.485
   9.694
   9.417
  10.050
   8.718
   0.783
   9.738
  10.088
   9.285
   8.757
  -1.768
  11.791
  11.467
   8.891
   7.543
  10.996
   9.356
   9.170
   7.791
   8.581
   7.332
  11.325
   9.121
  11.615
   9.761
  11.597
  10.933
  -1.216
   4.727
   9.560
   8.669
   8.130
   8.031
   8.474
   9.722
   5.719
   8.399
   9.660
   8.108
   9.624
   9.046
   7.515
   9.300
  10.735
   8.465
   9.472
  10.120
   6.553
  -1.784
   9.270
  -2.520
   7.504
   8.813
   9.310
   8.984
  -3.333
   1.438
  10.475
  10.177
  10.314
   9.206
   9.451
  10.121
   9.820
  10.315
   6.953
  11.058
  11.017
  10.201
   5.726
  11.277
   6.643
  10.056
   9.808
   9.088
  10.948
  10.764
  11.731
  10.996
  10.908
  11.703
  10.918
   9.781
   8.719
   7.885
   8.298
   8.720
   8.123
   8.912
   9.105
   5.537
   9.559
   9.768
   9.059
   7.166
   7.466
   6.253
   9.592
   7.490
   6.563
   9.965
   6.970
   9.219
   9.652
   8.558
   7.148
  10.212
   9.959
   8.726
   9.995
   7.064
   9.404
   8.495
   9.302
  10.529
  10.799
  10.647
   8.842
   1.901
  11.791
  11.467
  11.325
  -0.284
   8.748
   8.303
  11.277
   8.712
   8.427
  11.058
  11.017
   8.370
   7.068
  -2.374
   5.238
  11.615
  11.597
  10.933
   7.238
  -2.128
   8.335
  10.814
   5.558
   7.321
   8.296
   8.892
   8.636
   9.478
   6.674
  12.157
   9.587
  10.285
  11.609
   9.222
   8.565
   8.788
  10.084
  -3.047
   8.290
   6.616
   7.869
   8.578
  -1.720
  -1.122
  10.208
  10.469
   9.444
  10.211
   8.669
   8.351
   8.433
   8.407
   9.283
  10.239
   8.809
  10.302
   6.754
  10.475
   9.577
  -2.300
   9.777
  11.215
   9.763
  10.931
  10.948
  11.731
  10.996
  11.703
   9.815
  10.618
   9.241
  11.082
   9.153
   9.115
  10.729
   8.022
   8.434
   8.795
  10.181
   8.726
  10.343
   7.789
   9.138
  11.444
  10.808
   9.161
  10.592
   9.615
   9.373
   9.053
   8.075
   9.024
   9.782
   7.860
   4.126
  10.552
   9.050
   9.259
   8.508
   9.281
   8.414
   7.461
   9.228
  11.788
   7.564
  10.147
  10.049
   8.498
  10.673
   0.264
   8.099
   8.837
  12.157
  11.791
  11.609
  11.467
  11.325
  -1.543
   8.391
  11.277
   8.028
  11.058
  11.017
   9.806
  -0.688
  10.083
  11.615
  11.597
  10.933
   9.736
   8.834
   9.276
  10.881
   6.519
   7.855
   8.784
  11.117
  10.059
  10.310
   8.925
  10.921
   9.947
   8.624
  10.885
  10.276
   8.676
  10.745
  11.568
   6.705
   8.605
  10.364
   7.635
   9.545
   7.763
  11.363
   9.146
   7.083
   6.646
   5.434
  10.944
   9.395
  10.895
  11.263
   6.579
  11.285
   8.655
  10.791
   6.129
   7.663
   9.364
  -3.148
  11.731
  11.788
  11.703
   9.413
  11.075
  10.231
  11.477
   6.320
   8.814
   8.477
   4.074
   6.879
   9.093
   8.768
   7.041
   8.229
   8.691
   9.282
   8.870
   3.060
   8.233
   8.220
  10.390
  10.272
   8.174
  10.560
   5.562
   7.531
  10.281
   3.329
  10.175
   9.130
  10.380
   4.554
   9.604
   8.247
   9.789
   7.071
   8.759
   8.749
  12.157
  11.791
  11.609
  11.568
  11.467
  11.363
  10.157
  11.325
   7.999
   8.603
   5.436
  11.277
   9.200
   8.404
   9.369
   7.488
   7.191
   9.026
   7.242
  11.615
   8.981
  11.597
  11.285
  11.263
  10.215
   9.122
   9.900
  11.430
  10.078
   8.735
  11.434
   5.384
  10.084
   9.562
   9.846
   7.885
  10.198
  11.314
  10.638
  10.103
  10.401
  11.035
   9.459
  10.220
   9.490
  10.013
   5.111
   9.214
   7.986
   8.084
   7.617
   8.626
   9.257
   9.877
   6.999
   9.295
   7.955
  10.832
  -2.900
  11.491
   7.468
   9.054
  11.251
  10.694
  11.178
  10.530
   8.418
  10.230
  10.010
   9.436
  10.037
  10.776
  11.731
  11.788
  11.703
   8.323
   7.244
  11.955
  11.307
   6.720
  10.988
   8.632
  11.863
   9.721
  11.650
  10.376
  11.629
  10.407
  10.668
   9.926
  11.401
   7.553
   9.671
   8.982
   9.062
   7.299
   7.511
   8.668
   7.587
  10.444
  11.388
  10.892
   9.680
   4.796
   8.548
   5.387
   7.180
   6.804
   9.647
   7.216
   8.328
   9.733
  12.157
  11.791
  11.609
  11.568
  10.127
   9.603
   7.430
  11.467
  11.363
  -1.567
  11.325
   0.567
  11.314
   8.264
   8.543
   8.618
  11.615
  11.597
  11.491
  10.361
  11.285
  -3.380
   7.345
   7.292
   9.181
   9.737
   5.942
  12.422
   9.792
  11.342
  10.122
   8.935
  10.624
   9.576
   7.746
  11.143
   6.497
  -3.295
   8.528
   9.590
  11.066
  11.181
  10.485
  10.451
  10.138
  10.380
   9.130
  10.822
  10.193
  10.053
   9.182
   7.714
   7.921
  10.398
   7.264
   9.466
  10.797
  10.281
  10.868
   8.436
  10.130
  10.646
  10.451
   9.113
  11.863
   9.721
  11.429
   9.352
   9.046
   8.647
   8.301
  11.486
  11.725
  10.624
   7.926
   7.390
  12.006
   7.954
   5.758
   6.562
  11.860
   6.565
   9.210
   8.090
  10.866
   7.011
   8.144
   8.996
   6.484
   9.621
   3.933
   8.927
   9.825
   8.739
   8.247
   8.823
   6.278
   8.315
  10.319
  11.370
   9.785
  11.405
  11.663
   8.299
   8.294
  12.422
  12.157
  11.791
  11.568
   9.792
   6.610
   9.037
  10.868
  10.797
   8.630
   5.986
   8.881
   7.729
  -3.132
   7.474
  11.491
  11.285
  11.181
  10.822
  10.451
  10.380
   4.513
  -1.832
   8.501
   8.290
   6.027
   8.682
  10.277
   7.019
   8.545
   9.241
  11.797
   6.487
   8.470
  11.011
  11.663
   9.587
  10.613
   8.943
  11.234
  11.021
   9.177
  10.337
  11.274
   8.111
   9.913
  10.684
   8.001
  10.152
   8.702
  10.628
   9.464
  11.136
   9.629
  10.734
  11.399
   8.629
   6.634
   7.845
   8.365
   6.617
  10.205
  10.394
  11.195
  10.548
  11.444
  10.247
  11.004
  11.863
  10.319
   9.785
   7.359
   9.186
   9.655
  10.759
   6.764
  10.411
   5.949
   7.575
   4.079
  11.723
  10.154
  11.399
   9.608
   2.402
   9.881
   4.769
   1.734
   8.437
   9.072
  -1.622
   7.279
   8.616
   6.889
   8.876
  11.795
   8.794
  10.174
   8.967
  10.201
   9.911
   7.383
  11.044
  12.422
  12.157
  11.797
  11.791
  11.663
   7.749
   8.570
   2.710
   3.779
   6.362
   5.703
  10.868
   7.630
   5.890
   8.934
   9.180
   9.615
  10.925
   7.813
   8.295
   8.764
  10.797
  11.491
  11.444
  11.285
  11.004
  10.451
   8.509
   6.487
   7.300
   9.761
   8.491
  10.806
   9.533
   9.293
   8.498
   8.822
  11.027
   8.475
  10.714
  10.263
  10.941
   8.901
   9.342
  10.117
  10.635
  10.474
  10.121
   6.710
   8.842
   8.746
  11.088
   8.228
   8.748
   8.116
  11.374
   7.805
   6.863
   8.708
   9.260
  10.695
   8.679
  10.774
   8.611
   9.797
   5.671
   9.762
  10.990
  11.194
  10.526
   9.881
  11.863
  10.319
   6.094
  11.890
   7.811
   9.678
  11.724
   0.373
   9.932
   9.928
   8.838
   8.042
   6.492
   7.655
   9.079
   7.203
   9.920
  10.582
   6.421
   5.259
   8.313
  11.500
   9.340
   7.077
   8.591
  11.477
   8.986
   8.051
   6.625
   7.897
  10.484
   9.029
   8.293
   6.620
  10.235
   7.957
   9.763
   7.576
   9.019
   7.288
  11.948
   7.875
   9.457
  12.422
  12.157
  11.797
   9.180
  11.791
  11.663
   7.620
  10.868
  10.797
   7.418
   6.794
   9.641
   7.325
  11.491
   4.636
   5.504
  11.444
  11.285
  11.004
  10.451
   6.577
   7.896
   8.790
  11.292
  10.266
  10.768
  10.107
  -3.280
   9.066
   2.267
   6.754
  10.503
  -2.837
  10.876
   8.762
   9.660
  11.170
  11.669
  10.642
   9.850
   9.725
   9.482
   9.550
  10.267
   9.753
  10.578
  11.883
   9.409
   9.074
   8.659
   9.515
   8.216
  10.768
  -3.337
   9.532
   6.579
  10.613
  10.484
   9.671
   8.214
  11.181
   9.787
   9.225
  10.565
  10.769
   9.005
  11.890
  10.963
  11.844
  10.010
   9.573
   9.291
   9.668
   8.196
   9.575
   8.249
   9.282
  11.745
  11.730
  11.727
  11.725
   6.361
   8.648
   9.672
   8.525
   8.847
   7.920
  10.806
  10.181
  10.126
  10.180
  10.889
  10.384
  10.418
   5.686
   9.051
   9.380
   9.489
   7.723
  12.422
  12.157
  11.883
  11.797
  11.663
  10.868
  10.797
   8.016
   6.652
   9.245
   8.057
   8.260
   7.930
   4.988
   7.495
   8.734
   8.424
   5.277
   8.530
   9.345
   9.407
   9.494
  11.491
  11.444
  11.285
  11.004
  10.768
  10.642
  10.451
  10.106
   8.028
  10.395
   7.733
   8.050
   9.866
  10.222
  11.837
  11.404
  10.854
  10.735
   7.571
  10.467
  11.471
  11.441
  11.749
   8.458
  10.159
   9.619
  11.439
  10.537
  10.894
   0.292
   8.426
   9.970
   0.983
   8.573
   8.792
  11.711
  10.915
  -2.431
   9.030
  11.383
   7.352
  10.582
   9.327
  10.681
  10.887
  10.927
  10.637
  10.927
  11.599
  10.847
   8.747
   8.338
   9.053
  11.890
  11.894
  11.560
   6.666
  11.634
   8.794
   7.974
   9.726
  11.480
   8.917
  10.114
   6.703
   7.964
   7.428
   8.287
  10.512
   9.942
   9.854
   9.096
   8.934
  10.627
  11.169
   6.490
   9.789
   7.567
   4.944
   9.082
  11.434
  10.656
   9.182
   9.338
   7.875
  11.924
   8.991
   8.727
   7.234
  10.758
   9.154
   8.406
  10.825
   9.538
   9.561
   6.666
  10.339
   7.179
  12.422
  12.157
  11.883
  11.797
  11.663
   8.559
  10.868
  10.797
   9.278
   8.654
  11.711
  11.491
  11.444
  11.285
  11.004
  10.915
  10.642
   0.742
  -3.338
   8.833
  10.666
   5.427
  11.462
   8.553
   9.794
  11.560
  10.112
  11.573
   8.661
   9.000
   9.609
   8.703
  11.975
   9.445
  10.752
   8.888
   9.090
   8.940
   9.467
   9.598
   8.555
   8.278
   9.447
  10.951
  11.179
   9.059
   9.179
  11.097
   8.433
  11.157
  11.122
  10.813
  10.867
   7.883
   9.872
   1.195
   8.080
  11.735
   8.947
   9.688
   6.755
   9.800
  11.996
  -3.070
   0.334
  11.890
  11.483
   9.067
  10.007
   7.186
  11.333
  11.468
   9.605
   7.493
  10.543
   9.500
   7.635
   9.130
  11.823
  10.471
  10.913
  10.299
   8.463
  11.472
  11.624
   9.190
   9.178
   9.166
   7.044
  10.707
   9.831
   8.595
   6.210
  -0.209
   8.047
   7.726
  11.564
   6.941
   9.749
   2.935
  11.408
  10.247
   8.815
   8.108
   9.700
   9.520
   9.023
   8.339
   7.350
   7.726
  12.422
  12.157
  11.883
  11.797
  11.663
  10.666
   8.190
   6.589
  10.868
  10.797
   9.872
   8.145
   7.931
  11.735
  11.491
   9.436
  11.444
  11.004
  10.642
  -2.931
   8.750
  11.806
  11.018
  11.647
   9.318
   7.826
   8.678
   9.917
   9.666
   9.361
  10.166
   9.373
  11.125
   9.837
   9.654
  10.439
   9.634
   7.574
  10.510
   8.693
   8.350
   9.035
   9.760
   9.816
   8.464
   8.710
   8.525
   9.986
  10.323
   9.236
  11.536
   9.350
  12.003
   8.736
  10.313
   8.982
   9.835
   8.177
   9.183
   7.301
  10.564
   9.864
  10.475
  10.674
   1.901
  11.890
   7.539
   9.279
   7.869
   9.653
   7.525
  11.621
  11.960
  11.216
  11.656
   5.643
  10.716
   7.909
   4.121
  10.349
   9.642
  11.631
   8.798
   7.849
   8.089
  11.259
   9.730
   6.096
   9.867
   8.962
  10.807
  10.483
   6.606
   9.673
   7.729
   9.683
   9.597
   9.805
   8.036
  10.267
   8.977
   9.767
   6.473
   7.949
   9.840
   7.886
   6.767
  10.835
  12.422
  -3.274
  12.157
  11.883
  11.797
  11.663
  11.536
  10.666
   7.656
   9.313
   7.507
   7.983
  10.868
  10.797
  11.735
  11.491
   5.898
  11.444
  11.004
  10.642
  -0.188
  -2.228
  11.477
   6.721
   9.479
   9.818
   9.273
   9.143
   9.221
  10.347
   9.308
   9.798
   9.568
   9.747
   9.739
   9.557
   9.552
  11.206
   8.769
  11.631
  10.421
   9.710
   8.618
  11.640
   7.136
  10.756
  10.197
  10.747
   8.940
   1.966
  -3.311
   7.861
  10.657
  10.945
  11.550
   7.690
  -2.829
   0.766
   9.421
  10.763
   9.175
  10.696
   8.782
  -3.399
   7.686
  11.890
   9.003
  11.234
  11.480
   9.172
   7.942
   7.000
  11.030
   9.537
  10.812
   8.670
   5.449
   9.197
  10.120
   9.832
  10.084
   9.568
   6.284
   5.553
  10.392
   8.096
  11.711
   0.652
   7.877
   9.547
   7.654
  10.312
  10.250
   5.159
   9.508
  10.007
  10.618
   9.074
   8.241
  10.561
  11.057
  11.473
   9.628
  10.271
   9.968
   9.828
   0.395
  12.422
  12.157
  11.883
  11.797
  11.663
  11.640
  11.536
  10.868
   8.217
  10.797
  10.706
  11.735
  -3.377
  11.491
  11.444
   8.581
   8.575
   8.880
  10.152
  11.004
  10.945
   9.278
   1.431
  10.698
   8.438
  11.271
   6.349
   8.369
  11.557
   9.399
   6.822
  11.646
  11.128
   9.780
   7.160
   9.430
  10.041
   9.085
   9.506
  10.816
   9.893
  11.230
   1.251
   9.778
  10.344
   1.815
   8.944
   7.682
  -2.208
  11.105
  11.858
   7.953
  11.414
   9.455
   8.969
  10.172
   9.841
  11.474
  10.076
  10.634
   2.059
  11.890
   9.446
   6.131
   8.143
   7.448
   8.724
   9.812
  11.376
   9.644
  11.314
   9.638
   7.661
   7.241
  10.044
  12.030
   9.462
   2.363
  10.628
   6.598
   4.311
   8.522
  11.759
   9.269
   5.510
   8.152
   8.880
   8.480
   8.629
   8.289
   7.355
   9.095
  10.419
   8.341
  10.546
  10.896
   8.378
   5.012
   8.010
   7.341
   8.041
   8.919
   6.530
  12.422
   9.174
  12.157
  11.883
  11.797
  11.663
  11.640
  11.536
   9.224
   8.772
  10.868
  10.797
   7.784
   7.865
   4.280
  11.735
  11.491
  11.444
  -3.176
   7.525
  11.004
  10.945
   9.088
  11.764
  11.015
  10.493
   5.954
  11.149
  10.310
   7.655
   8.476
   8.600
   9.466
   8.634
   9.416
   5.438
   9.292
   9.043
  10.270
  10.954
   3.121
   8.727
  11.051
  10.776
  10.164
   6.371
   9.615
   9.315
  11.304
   8.780
   9.259
   8.277
  10.171
  10.088
  10.759
  11.408
  10.871
   9.042
  11.144
  10.503
  12.128
  11.112
   8.586
  10.221
  10.329
  10.329
  10.603
  11.118
  10.444
   7.998
   4.144
   8.120
   3.367
   8.173
  10.144
  11.477
   5.974
   6.814
   5.356
  12.083
   8.645
   8.203
  11.060
   8.999
   7.968
  10.162
   9.082
   8.435
   8.626
   5.406
  11.131
   8.128
   5.566
   6.474
   6.877
   9.870
   9.468
   8.960
   8.399
   8.530
   9.145
   9.924
   6.251
   7.730
   7.163
  10.660
  12.422
  12.157
  11.883
  11.797
  11.663
  11.640
   8.417
  11.536
   7.478
   7.775
   5.721
   7.021
   8.320
  10.205
   6.314
   7.277
  12.128
  11.735
  11.491
   8.523
  11.444
  11.112
  11.004
  10.280
  10.945
  10.871
   0.354
   2.912
   8.744
   9.432
   8.684
   9.412
  10.023
   8.422
   8.849
  11.384
   8.948
   9.151
   7.125
  -1.817
   8.383
  11.410
  10.640
   9.875
  11.682
   9.453
  10.829
  10.311
   6.724
  10.519
  11.727
   9.399
  10.144
   5.127
   9.629
  10.338
  10.115
   8.811
  10.454
  11.550
   1.648
   8.765
  11.259
   0.840
  -2.174
  10.672
   9.698
   9.799
  10.963
  -0.185
  10.389
  10.205
   9.745
  11.353
   6.642
   5.886
   9.294
   9.182
   8.376
   8.172
   5.015
  10.466
   9.213
  10.136
   9.506
   8.663
   9.262
   8.724
   6.605
   4.399
   7.486
   9.016
   7.850
  12.422
   5.739
   8.621
   6.809
   9.580
  12.157
  10.039
  11.883
  11.797
  11.727
  11.640
  11.536
   8.270
   9.417
  10.142
  10.283
  10.185
  10.254
   5.627
   9.498
   9.962
  10.696
   8.479
   8.400
   8.577
   9.355
   8.283
  11.659
   8.824
   8.778
  10.024
   8.611
  12.128
  11.735
   7.456
  10.341
  -3.261
  11.491
  11.444
  11.004
  10.945
  10.871
   9.867
   7.306
   8.667
   2.903
  10.631
   8.700
   8.917
   9.326
   9.937
   8.919
   9.639
   9.420
   8.908
   7.994
  10.354
   9.431
   5.670
   6.825
   9.874
   8.812
   9.770
   9.142
   8.190
  10.415
  11.281
   9.328
  10.575
   7.230
   9.174
  11.417
  10.672
   9.269
  10.275
   7.958
  10.346
  11.648
   9.160
  11.612
  10.499
   9.394
   8.121
  11.204
   9.218
  11.527
   9.426
  10.011
   7.236
  10.891
  11.356
   6.711
   5.628
   2.375
   8.262
   7.389
  10.950
  10.409
   8.406
  11.333
   7.320
   8.354
  11.940
   4.689
   1.173
   8.617
   9.051
   8.390
  10.873
   9.592
   6.618
   9.897
   8.530
   8.218
   8.155
   1.140
   5.246
  10.855
   8.445
   4.163
   9.558
   7.880
  10.266
  12.422
   8.575
   7.922
  12.157
  11.883
  11.797
  11.727
  11.640
  11.536
   9.738
   9.315
   9.396
  10.196
   8.161
  12.128
  11.735
  11.491
   7.284
   9.248
   8.849
  11.444
  11.004
  10.945
  10.871
  11.648
   8.233
   4.433
   9.316
   8.445
   8.625
  10.411
   9.268
   5.850
  10.667
   9.876
   9.394
  11.608
   9.546
   9.198
   8.928
   6.055
   8.933
   8.732
  11.059
   9.927
   8.077
  10.353
   9.763
   9.589
  11.723
   9.903
  11.091
  -1.447
  12.144
  10.135
  10.613
  10.393
  10.843
   9.128
  10.294
  11.263
   8.048
  -3.064
  11.809
   9.108
  10.191
  11.393
  11.044
  11.538
   9.650
   8.574
   5.520
  11.473
   8.603
   6.772
   8.842
   7.156
  10.696
   5.888
   6.560
   7.776
   9.755
   9.124
   0.360
  11.212
   8.526
   0.595
   9.189
   9.783
  10.797
   7.676
  11.265
  -2.746
   9.228
   6.237
   8.850
   6.640
   6.736
  11.725
   7.556
   8.123
   8.375
   9.041
   9.695
  12.422
  12.157
  11.883
  11.797
  11.727
   7.728
   9.290
  11.536
   9.451
  11.723
   6.685
   9.027
   8.661
   9.486
   4.558
   7.977
  -3.073
   9.035
  12.144
  11.735
  11.491
  -1.694
  11.444
   8.810
  11.004
  10.945
  10.871
  10.613
   6.277
  -2.426
   8.261
   9.301
  10.453
  10.788
   8.929
   8.698
  10.561
   8.998
  10.746
   6.517
  11.069
  10.601
   3.694
  10.279
  -2.020
   9.984
   7.867
   8.399
   8.563
   6.988
  11.106
   0.940
   9.395
   8.336
  11.417
   8.291
   7.298
  10.942
   8.915
   8.931
   0.763
  10.127
   9.838
   9.368
   9.057
   9.911
  -2.628
  -2.710
   5.262
   9.693
  10.725
   8.571
  11.292
   7.915
   7.535
   8.707
   8.990
   9.760
   9.107
   6.236
  10.677
   9.184
   7.952
  10.090
  -0.755
   8.607
   9.157
  -1.113
   9.172
   8.715
   7.229
   9.683
  10.205
  10.955
   9.768
  12.422
  12.157
   7.634
  10.292
   8.978
  11.883
  11.797
  11.727
  11.536
   6.280
  11.723
   9.358
   9.964
   7.046
  -1.909
  10.173
   8.464
   8.338
   5.124
   9.479
   8.809
   7.317
   9.056
   8.653
   8.174
   9.961
   8.963
   8.054
  12.144
  11.735
  11.491
  11.444
  11.004
  10.945
   9.649
  10.871
  10.613
   7.561
   8.151
   9.892
  10.898
  10.631
   9.064
   9.920
   9.440
   7.290
   8.830
   8.271
   9.428
  11.071
  11.204
   6.656
   8.736
  10.665
   9.028
   8.834
  11.774
   8.478
   7.235
   9.877
  10.603
   9.891
  11.915
  10.297
   9.275
   6.840
   9.411
   9.672
   8.103
   9.595
   9.217
   5.983
  11.277
  11.219
   5.741
   8.565
   8.737
  10.999
   8.555
   9.602
  10.635
  11.388
  11.728
   9.123
   7.815
   9.709
  10.142
   8.564
  10.288
   4.235
   5.418
  11.234
   8.415
   5.460
   8.803
   5.426
   9.978
   8.432
   5.512
   8.240
   7.141
   8.892
   9.680
  12.422
  12.157
   8.092
  11.883
  11.797
   8.391
  11.727
   8.972
  11.536
  10.246
   8.700
  11.941
   9.628
  -2.783
   4.049
   8.458
   7.423
   9.363
   8.556
  11.723
   9.047
   5.549
   9.533
   9.949
  11.254
  10.622
   9.430
   9.106
   9.664
   9.069
   8.402
   5.715
   2.466
   5.028
  12.144
  11.735
  11.491
  11.444
  11.277
  11.004
  10.945
  10.871
   7.549
   6.091
   8.483
  11.722
   9.156
  11.712
   9.173
  -1.342
   5.901
  -1.925
   9.479
   8.313
  10.624
  10.779
   9.285
  10.014
   9.470
   9.893
   9.176
   8.379
   9.192
   8.443
   9.723
   7.684
   6.816
   2.127
   8.623
   7.715
   9.848
   7.673
  10.783
  -2.797
   9.187
  -0.631
   8.385
   9.588
  10.749
  10.890
  10.861
  11.310
   9.502
   8.993
   8.377
   6.755
  11.494
  10.993
  11.728
   9.180
   9.664
   8.851
   8.840
   9.394
   9.481
  10.428
   9.247
  11.728
   7.645
   8.724
   7.381
   3.826
  11.335
   9.721
  -0.493
  -1.094
  10.848
   7.788
  10.627
   9.590
  10.596
   5.497
   6.322
   8.142
  12.422
   9.723
   7.641
  12.157
  11.883
  10.135
   9.129
  11.797
   9.268
   8.462
   8.326
  11.727
   9.103
   8.125
   8.600
   9.041
   7.970
   8.121
   9.575
  10.149
  10.701
   7.649
   6.734
   9.681
   0.805
  11.536
  11.723
   7.298
   8.265
  12.144
  11.735
  11.491
  11.444
  11.277
  11.004
  10.945
  -3.309
  10.078
  11.355
   9.019
   9.576
   9.991
   8.974
  10.991
  11.111
   9.599
   9.123
   8.765
  10.259
  10.207
  -3.236
   5.293
  10.029
   9.425
   8.636
   9.892
  11.167
   9.501
   7.985
   9.826
  11.600
   9.705
   6.530
  10.110
  -3.399
   6.958
  10.143
  10.461
  10.139
   4.195
  11.142
  10.841
   9.283
   8.675
   9.454
  10.482
  11.327
  11.310
  11.728
   8.454
   9.289
  10.146
   7.333
   3.850
   8.443
   4.149
   7.236
   6.696
   9.161
   7.565
   0.253
  11.015
  10.295
   7.930
   9.186
  10.066
  11.726
   9.668
  10.443
   7.358
   6.639
   7.988
   7.401
   6.324
   5.835
   9.878
   4.732
  10.955
   8.184
   7.622
   8.147
  -2.311
   7.575
   9.186
  11.478
  12.422
   7.482
   8.698
   7.880
  10.880
  11.502
   7.014
  11.130
  12.157
  11.883
   8.039
  11.797
  11.727
  10.552
  11.536
   8.157
  -0.312
  11.723
   8.882
  10.266
  12.144
  11.735
  11.491
  11.444
  11.277
  11.004
  10.945
   7.732
  10.815
   9.303
   8.890
   9.933
  -2.868
   9.818
   6.554
   9.572
   9.142
  11.436
  11.497
   9.327
   8.748
   6.702
   9.265
  10.378
   9.734
   7.605
  11.685
   6.551
   8.422
   9.766
   6.754
  11.104
   7.009
   8.594
  10.025
   9.189
   8.193
   1.197
  10.078
   9.611
   9.758
  11.081
  11.320
  10.035
   9.486
  11.889
