0.872
0.810
0.862
0.681
0.791
0.517
0.884
0.796
0.847
0.827
0.857
0.821
0.795
0.849
0.476
0.763
0.819
0.819
0.658
0.786
0.829
0.865
0.775
0.762
0.774
0.837
0.795
0.716
0.733
0.748
0.753
0.599
0.289
0.834
0.626
0.792
0.831
0.808
0.840
0.812
0.795
0.824
0.808
0.245
0.814
0.835
0.741
0.826
0.569
0.128
0.544
0.810
0.757
0.846
0.866
0.437
0.770
0.790
0.875
0.753
0.852
0.809
0.773
0.796
0.851
0.878
0.765
0.662
0.802
0.808
0.852
0.817
0.767
0.778
0.758
0.770
0.847
0.860
0.863
0.764
0.802
0.809
0.612
0.764
0.707
0.609
0.836
0.208
0.754
0.880
0.833
0.854
0.377
0.884
0.807
0.815
0.619
0.811
0.870
0.291
0.694
0.821
0.820
0.469
0.867
0.825
0.686
0.727
0.821
0.875
0.819
0.822
0.672
0.626
0.811
0.500
0.782
0.843
0.798
0.879
0.637
0.809
0.818
0.699
0.867
0.816
0.732
0.773
0.869
0.875
0.845
0.800
0.428
0.763
0.822
0.864
0.806
0.765
0.843
0.657
0.816
0.845
0.738
0.875
0.777
0.806
0.766
0.845
0.455
0.842
0.851
0.834
0.884
0.778
0.890
0.849
0.675
0.856
0.788
0.858
0.764
0.805
0.589
0.543
0.842
0.887
0.885
0.732
0.720
0.431
0.812
0.892
0.725
0.887
0.733
0.582
0.846
0.856
0.648
0.755
0.685
0.400
0.567
0.877
0.503
0.830
0.880
0.845
0.637
0.705
0.777
0.886
0.852
0.748
0.501
0.835
0.873
0.313
0.785
0.897
0.865
0.852
0.852
0.867
0.821
0.860
0.875
0.863
0.801
0.881
0.851
0.731
0.781
0.836
0.862
0.791
0.819
0.864
0.821
0.812
0.828
0.858
0.826
0.900
0.816
0.884
0.849
0.797
0.864
0.806
0.729
0.816
0.879
0.872
0.788
0.685
0.717
0.675
0.766
0.822
0.797
0.846
0.846
0.887
0.730
0.608
0.835
0.810
0.841
0.826
0.830
0.725
0.805
0.844
0.790
0.825
0.833
0.824
0.856
0.826
0.689
0.845
0.845
0.897
0.835
0.817
0.807
0.847
0.834
0.888
0.864
0.895
0.814
0.762
0.802
0.820
0.862
0.893
0.795
0.825
0.805
0.886
0.862
0.894
0.864
0.818
0.891
0.891
0.812
0.880
0.771
0.828
0.905
0.679
0.883
0.887
0.861
0.873
0.826
0.786
0.816
0.881
0.787
0.836
0.896
0.865
0.844
0.730
0.821
0.760
0.813
0.876
0.878
0.875
0.865
0.824
0.816
0.884
0.886
0.834
0.893
0.740
0.842
0.874
0.888
0.874
0.772
0.821
0.837
0.793
0.799
0.853
0.887
0.818
0.895
0.830
0.823
0.765
0.781
0.869
0.833
0.768
0.845
0.670
0.877
0.845
0.856
0.818
0.803
0.857
0.828
0.830
0.771
0.880
0.828
0.844
0.651
0.885
0.882
0.812
0.871
0.797
0.833
0.758
0.856
0.891
0.844
0.460
0.845
0.832
0.674
0.897
0.835
0.857
0.876
0.761
0.825
0.889
0.423
0.877
0.837
0.857
0.856
0.877
0.887
0.883
0.838
0.865
0.722
0.793
0.860
0.869
0.865
0.862
0.820
0.791
0.838
0.833
0.733
0.870
0.856
0.851
0.832
0.886
0.878
0.874
0.859
0.815
0.884
0.887
0.874
0.796
0.873
0.852
0.858
0.843
0.789
0.860
0.887
0.867
0.838
0.312
0.805
0.816
0.884
0.867
0.887
0.798
0.880
0.848
0.875
0.865
0.887
0.886
0.856
0.838
0.873
0.881
0.813
0.834
0.889
0.738
0.780
0.856
0.902
0.816
0.816
0.708
0.763
0.858
0.862
0.817
0.816
0.863
0.840
0.856
0.468
0.888
0.828
0.771
0.880
0.884
0.801
0.752
0.861
0.896
0.886
0.856
0.833
0.793
0.891
0.816
0.813
0.742
0.843
0.888
0.889
0.832
0.827
0.810
0.809
0.871
0.897
0.776
0.835
0.838
0.435
0.806
0.879
0.889
0.729
0.902
0.856
0.873
0.881
0.828
0.873
0.780
0.817
0.866
0.767
0.604
0.844
0.766
0.881
0.863
0.818
0.882
0.871
0.881
0.815
0.881
0.836
0.877
0.892
0.811
0.848
0.813
0.835
0.858
0.866
0.856
0.847
0.856
0.878
0.857
0.876
0.841
0.787
0.823
0.872
0.842
0.875
0.869
0.887
0.887
0.886
0.826
0.790
0.884
0.896
0.890
0.831
0.894
0.628
0.858
0.818
0.832
0.838
0.816
0.807
0.856
0.881
0.882
0.817
0.815
0.828
0.714
0.849
0.728
0.633
0.865
0.836
0.825
0.865
0.809
0.819
0.869
0.870
0.874
0.872
0.875
0.794
0.877
0.881
0.868
0.830
0.880
0.818
0.856
0.833
0.891
0.780
0.810
0.878
0.801
0.880
0.836
0.843
0.850
0.723
0.760
0.885
0.702
0.857
0.869
0.897
0.835
0.171
0.891
0.817
0.879
0.822
0.894
0.890
0.852
0.887
0.796
0.901
0.858
0.775
0.878
0.814
0.868
0.894
0.818
0.818
0.826
0.897
0.846
0.864
0.834
0.787
0.899
0.857
0.854
0.870
0.851
0.800
0.706
0.819
0.837
0.863
0.801
0.822
0.867
0.869
0.843
0.840
0.868
0.899
0.870
0.861
0.849
0.831
0.817
0.816
0.887
0.856
0.882
0.864
0.886
0.870
0.792
0.879
0.877
0.881
0.786
0.847
0.888
0.797
0.786
0.779
0.876
0.877
0.879
0.869
0.884
0.884
0.818
0.876
0.879
0.872
0.862
0.872
0.789
0.888
0.816
0.618
0.818
0.856
0.833
0.792
0.810
0.891
0.819
0.800
0.843
0.827
0.703
0.818
0.817
0.815
0.777
0.604
0.867
0.708
0.761
0.798
0.857
0.736
0.722
0.869
0.621
0.827
0.532
0.897
0.843
0.869
0.835
0.790
0.844
0.823
0.864
0.815
0.857
0.818
0.900
0.867
0.825
0.847
0.866
0.842
0.876
0.826
0.848
0.832
0.803
0.899
0.781
0.893
0.880
0.859
0.845
0.873
0.842
0.868
0.864
0.864
0.827
0.889
0.802
0.890
0.908
0.850
0.835
0.719
0.863
0.831
0.775
0.857
0.863
0.822
0.768
0.800
0.887
0.856
0.654
0.851
0.830
0.868
0.873
0.864
0.873
0.884
0.888
0.718
0.871
0.883
0.873
0.831
0.882
0.876
0.820
0.751
0.816
0.895
0.877
0.818
0.825
0.756
0.818
0.798
0.860
0.757
0.809
0.838
0.812
0.856
0.827
0.822
0.811
0.883
0.892
0.817
0.888
0.800
0.620
0.815
0.817
0.844
0.718
0.875
0.827
0.857
0.869
0.613
0.833
0.897
0.873
0.864
0.843
0.866
0.869
0.848
0.800
0.824
0.883
0.870
0.813
0.829
0.903
0.853
0.812
0.840
0.867
0.822
0.898
0.883
0.897
0.820
0.857
0.884
0.893
0.824
0.826
0.859
0.881
0.881
0.694
0.757
0.838
0.822
0.817
0.681
0.722
0.841
0.836
0.788
0.893
0.851
0.881
0.803
0.628
0.836
0.765
0.873
0.802
0.848
0.831
0.846
0.935
0.896
0.885
0.901
0.887
0.876
0.852
0.770
0.884
0.688
0.901
0.744
0.736
0.818
0.833
0.760
0.834
0.878
0.874
0.871
0.665
0.817
0.886
0.821
0.884
0.888
0.825
0.879
0.804
0.817
0.788
0.561
0.798
0.818
0.865
0.895
0.826
0.827
0.687
0.790
0.825
0.884
0.846
0.796
0.818
0.893
0.800
0.843
0.734
0.601
0.813
0.879
0.881
0.869
0.846
0.897
0.817
0.873
0.657
0.598
0.835
0.829
0.896
0.901
0.800
0.777
0.766
0.442
0.817
0.884
0.808
0.850
0.826
0.827
0.820
0.867
0.920
0.865
0.859
0.822
0.899
0.873
0.860
0.877
0.846
0.860
0.816
0.916
0.842
0.829
0.908
0.906
0.877
0.863
0.817
0.737
0.855
0.823
0.894
0.861
0.861
0.880
0.860
0.931
0.859
0.720
0.898
0.827
0.813
0.935
0.896
0.944
0.897
0.887
0.814
0.861
0.852
0.799
0.878
0.789
0.837
0.884
0.851
0.879
0.842
0.817
0.795
0.904
0.902
0.708
0.916
0.883
0.713
0.888
0.819
0.882
0.797
0.871
0.816
0.638
0.791
0.814
0.775
0.832
0.868
0.870
0.651
0.882
0.818
0.817
0.859
0.826
0.817
0.808
0.827
0.825
0.816
0.877
0.887
0.835
0.832
0.866
0.893
0.800
0.793
0.820
0.813
0.881
0.869
0.846
0.804
0.832
0.791
0.821
0.835
0.896
0.901
0.800
0.829
0.861
0.810
0.820
0.829
0.864
0.812
0.821
0.828
0.854
0.818
0.805
0.814
0.885
0.895
0.812
0.862
0.815
0.815
0.815
0.887
0.804
0.909
0.869
0.903
0.618
0.803
0.831
0.828
0.821
0.726
0.857
0.724
0.850
0.841
0.851
0.864
0.839
0.853
0.785
0.825
0.880
0.864
0.772
0.850
0.846
0.895
0.927
0.949
0.887
0.796
0.857
0.612
0.861
0.835
0.882
0.867
0.818
0.753
0.874
0.837
0.877
0.791
0.825
0.861
0.895
0.366
0.903
0.811
0.861
0.824
0.893
0.818
0.816
0.882
0.822
0.794
0.875
0.800
0.844
0.604
0.818
0.812
0.817
0.829
0.859
0.824
0.896
0.817
0.879
0.893
0.819
0.904
0.871
0.881
0.869
0.861
0.856
0.839
0.890
0.876
0.835
0.818
0.868
0.883
0.896
0.901
0.800
0.927
0.846
0.772
0.496
0.792
0.334
0.867
0.873
0.862
0.813
0.839
0.835
0.814
0.822
0.866
0.815
0.826
0.816
0.837
0.908
0.820
0.867
0.833
0.718
0.912
0.863
0.906
0.802
0.824
0.886
0.832
0.818
0.847
0.914
0.883
0.811
0.860
0.936
0.925
0.835
0.818
0.848
0.918
0.937
0.934
0.930
0.909
0.909
0.901
0.849
0.841
0.887
0.778
0.868
0.813
0.817
0.731
0.878
0.816
0.838
0.866
0.826
0.624
0.874
0.817
0.841
0.843
0.813
0.823
0.891
0.863
0.817
0.769
0.857
0.859
0.801
0.882
0.848
0.599
0.438
0.819
0.667
0.898
0.824
0.837
0.818
0.812
0.829
0.818
0.826
0.878
0.816
0.860
0.859
0.893
0.844
0.881
0.717
0.810
0.847
0.839
0.592
0.612
0.869
0.851
0.878
0.896
0.901
0.813
0.485
0.925
0.901
0.800
0.846
0.865
0.859
0.829
0.827
0.814
0.909
0.830
0.815
0.891
0.853
0.872
0.808
0.818
0.900
0.841
0.842
0.889
0.814
0.859
0.877
0.840
0.737
0.799
0.831
0.855
0.850
0.841
0.875
0.881
0.879
0.897
0.803
0.763
0.813
0.863
0.737
0.927
0.934
0.917
0.754
0.912
0.930
0.922
0.853
0.927
0.902
0.460
0.887
0.844
0.828
0.634
0.875
0.884
0.882
0.782
0.875
0.899
0.831
0.912
0.817
0.906
0.854
0.829
0.861
0.855
0.796
0.825
0.820
0.820
0.827
0.827
0.823
0.856
0.824
0.837
0.818
0.814
0.823
0.812
0.808
0.816
0.859
0.819
0.804
0.709
0.895
0.817
0.724
0.821
0.893
0.710
0.858
0.910
0.896
0.818
0.819
0.816
0.809
0.879
0.881
0.861
0.820
0.430
0.815
0.739
0.896
0.901
0.925
0.901
0.853
0.800
0.700
0.809
0.754
0.870
0.834
0.893
0.872
0.698
0.864
0.849
0.731
0.856
0.860
0.860
0.874
0.834
0.830
0.927
0.895
0.868
0.917
0.816
0.906
0.897
0.819
0.856
0.833
0.829
0.836
0.892
0.817
0.834
0.856
0.835
0.815
0.874
0.889
0.963
0.916
0.832
0.898
0.920
0.913
0.905
0.861
0.841
0.710
0.962
0.916
0.887
0.864
0.891
0.682
0.864
0.856
0.868
0.872
0.790
0.835
0.865
0.854
0.816
0.873
0.887
0.848
0.869
0.711
0.891
0.820
0.817
0.885
0.870
0.877
0.823
0.834
0.835
0.903
0.912
0.892
0.882
0.865
0.837
0.809
0.818
0.823
0.872
0.821
0.838
0.832
0.888
0.818
0.808
0.823
0.812
0.816
0.819
0.822
0.893
0.800
0.881
0.886
0.867
0.839
0.789
0.703
0.767
0.905
0.896
0.901
0.925
0.901
0.853
0.800
0.837
0.815
0.815
0.911
0.809
0.914
0.821
0.874
0.918
0.829
0.836
0.917
0.930
0.810
0.886
0.816
0.820
0.827
0.811
0.829
0.918
0.801
0.900
0.901
0.900
0.748
0.724
0.772
0.864
0.857
0.856
0.910
0.813
0.893
0.813
0.863
0.732
0.894
0.825
0.857
0.857
0.863
0.868
0.846
0.832
0.832
0.917
0.835
0.887
0.893
0.841
0.827
0.852
0.848
0.802
0.813
0.808
0.854
0.860
0.816
0.800
0.902
0.915
0.866
0.672
0.827
0.830
0.821
0.824
0.826
0.814
0.819
0.813
0.866
0.819
0.837
0.818
0.823
0.812
0.820
0.816
0.903
0.803
0.830
0.831
0.820
0.828
0.765
0.863
0.696
0.877
0.848
0.871
0.900
0.875
0.891
0.893
0.827
0.800
0.801
0.876
0.553
0.870
0.291
0.905
0.896
0.901
0.782
0.925
0.901
0.853
0.859
0.872
0.780
0.898
0.856
0.811
0.757
0.869
0.875
0.881
0.858
0.853
0.880
0.866
0.874
0.811
0.823
0.898
0.941
0.882
0.822
0.922
0.912
0.922
0.894
0.900
0.945
0.939
0.837
0.732
0.884
0.830
0.894
0.904
0.824
0.851
0.877
0.876
0.887
0.913
0.840
0.846
0.870
0.860
0.907
0.948
0.818
0.881
0.887
0.867
0.883
0.898
0.843
0.881
0.841
0.813
0.823
0.815
0.833
0.862
0.837
0.831
0.842
0.889
0.841
0.814
0.871
0.849
0.892
0.837
0.889
0.818
0.823
0.812
0.808
0.891
0.898
0.816
0.898
0.826
0.820
0.815
0.821
0.875
0.605
0.808
0.818
0.804
0.802
0.823
0.814
0.837
0.801
0.800
0.880
0.829
0.876
0.898
0.901
0.819
0.856
0.785
0.735
0.847
0.863
0.905
0.896
0.882
0.901
0.884
0.941
0.925
0.939
0.844
0.842
0.864
0.860
0.909
0.758
0.792
0.710
0.865
0.856
0.891
0.866
0.899
0.824
0.824
0.814
0.850
0.873
0.838
0.820
0.789
0.869
0.831
0.853
0.861
0.776
0.862
0.900
0.842
0.887
0.685
0.880
0.759
0.761
0.850
0.917
0.881
0.918
0.837
0.907
0.869
0.817
0.902
0.905
0.841
0.856
0.819
0.782
0.923
0.887
0.864
0.880
0.897
0.817
0.835
0.880
0.809
0.815
0.878
0.896
0.896
0.769
0.904
0.825
0.642
0.890
0.878
0.876
0.864
0.748
0.837
0.818
0.823
0.812
0.816
0.840
0.823
0.823
0.817
0.823
0.820
0.832
0.898
0.843
0.824
0.910
0.883
0.894
0.888
0.889
0.744
0.892
0.886
0.721
0.820
0.858
0.876
0.866
0.787
0.792
0.780
0.753
0.905
0.624
0.896
0.882
0.887
0.901
0.884
0.866
0.941
0.925
0.939
0.885
0.751
0.890
0.852
0.876
0.862
0.852
0.828
0.810
0.803
0.730
0.853
0.792
0.712
0.716
0.852
0.860
0.764
0.851
0.806
0.858
0.865
0.851
0.875
0.861
0.825
0.714
0.918
0.867
0.825
0.909
0.842
0.904
0.915
0.838
0.891
0.897
0.902
0.828
0.971
0.905
0.901
0.940
0.917
0.916
0.826
0.887
0.740
0.884
0.729
0.867
0.892
0.783
0.866
0.890
0.882
0.818
0.872
0.710
0.790
0.799
0.876
0.775
0.832
0.837
0.818
0.827
0.815
0.830
0.832
0.892
0.837
0.813
0.834
0.820
0.825
0.817
0.842
0.823
0.907
0.624
0.812
0.820
0.832
0.900
0.837
0.837
0.838
0.909
0.436
0.769
0.884
0.888
0.818
0.804
0.836
0.882
0.752
0.865
0.663
0.683
0.703
0.905
0.896
0.902
0.653
0.882
0.887
0.901
0.884
0.941
0.917
0.962
0.851
0.894
0.787
0.834
0.789
0.865
0.839
0.921
0.849
0.756
0.908
0.740
0.851
0.823
0.878
0.874
0.733
0.875
0.856
0.869
0.906
0.907
0.893
0.846
0.917
0.929
0.825
0.916
0.838
0.854
0.889
0.849
0.770
0.895
0.882
0.859
0.752
0.935
0.849
0.854
0.904
0.918
0.874
0.872
0.921
0.887
0.873
0.881
0.815
0.825
0.771
0.823
0.902
0.897
0.899
0.804
0.866
0.832
0.811
0.826
0.845
0.850
0.860
0.793
0.837
0.832
0.818
0.823
0.812
0.832
0.810
0.831
0.802
0.824
0.831
0.831
0.899
0.814
0.868
0.885
0.895
0.889
0.742
0.824
0.888
0.842
0.908
0.822
0.834
0.653
0.891
0.848
0.743
0.826
0.873
0.670
0.468
0.884
0.601
0.641
0.270
0.905
0.896
0.902
0.882
0.854
0.887
0.901
0.935
0.884
0.873
0.850
0.882
0.912
0.852
0.939
0.752
0.909
0.734
0.860
0.840
0.861
0.854
0.852
0.765
0.897
0.743
0.859
0.862
0.851
0.786
0.860
0.865
0.863
0.852
0.840
0.848
0.835
0.900
0.858
0.791
0.933
0.905
0.828
0.948
0.941
0.886
0.932
0.918
0.913
0.922
0.897
0.919
0.914
0.923
0.901
0.888
0.887
0.837
0.832
0.818
0.823
0.812
0.818
0.833
0.856
0.901
0.818
0.667
0.891
0.863
0.807
0.820
0.895
0.844
0.902
0.898
0.828
0.901
0.817
0.823
0.870
0.805
0.900
0.808
0.893
0.911
0.858
0.902
0.851
0.894
0.826
0.885
0.820
0.820
0.830
0.875
0.837
0.658
0.865
0.900
0.844
0.873
0.736
0.855
0.859
0.612
0.565
0.905
0.746
0.896
0.902
0.875
0.725
0.882
0.854
0.887
0.901
0.935
0.884
0.826
0.224
0.853
0.864
0.844
0.846
0.854
0.870
0.844
0.875
0.865
0.918
0.815
0.896
0.918
0.923
0.894
0.856
0.871
0.827
0.867
0.829
0.843
0.798
0.780
0.855
0.823
0.823
0.900
0.844
0.910
0.916
0.898
0.886
0.894
0.876
0.894
0.869
0.916
0.869
0.947
0.924
0.901
0.910
0.923
0.887
0.837
0.832
0.818
0.823
0.812
0.875
0.913
0.828
0.830
0.830
0.812
0.815
0.713
0.902
0.818
0.796
0.816
0.808
0.798
0.853
0.826
0.916
0.893
0.859
0.885
0.868
0.818
0.799
0.769
0.820
0.813
0.823
0.830
0.861
0.881
0.808
0.849
0.823
0.847
0.766
0.844
0.721
0.862
0.778
0.718
0.868
0.799
0.866
0.790
0.769
0.876
0.890
0.905
0.824
0.827
0.896
0.902
0.882
0.854
0.735
0.887
0.901
0.935
0.863
0.839
0.857
0.768
0.875
0.877
0.766
0.893
0.905
0.726
0.853
0.837
0.733
0.901
0.832
0.810
0.901
0.893
0.876
0.855
0.921
0.811
0.847
0.855
0.838
0.847
0.816
0.849
0.820
0.813
0.901
0.885
0.892
0.871
0.827
0.902
0.898
0.833
0.893
0.925
0.885
0.752
0.926
0.894
0.895
0.880
0.887
0.837
0.832
0.818
0.823
0.812
0.864
0.636
0.747
0.843
0.863
0.866
0.833
0.912
0.833
0.760
0.914
0.819
0.327
0.844
0.874
0.778
0.900
0.816
0.811
0.820
0.837
0.820
0.820
0.829
0.818
0.807
0.816
0.816
0.857
0.881
0.818
0.894
0.898
0.890
0.911
0.681
0.204
0.868
0.844
0.885
0.710
0.855
0.827
0.826
0.788
0.761
0.863
0.778
0.816
0.905
0.750
0.896
0.902
0.882
0.854
0.887
0.901
0.935
0.698
0.858
0.748
0.844
0.862
0.869
0.717
0.846
0.739
0.898
0.862
0.851
0.851
0.842
0.845
0.745
0.879
0.857
0.871
0.841
0.819
0.764
0.851
0.754
0.872
0.854
0.860
0.869
0.918
0.822
0.918
0.918
0.892
0.949
0.902
0.878
0.904
0.921
0.922
0.886
0.902
0.910
0.904
0.905
0.882
0.906
0.906
0.887
0.837
0.832
0.818
0.823
0.812
0.829
0.884
0.817
0.817
0.907
0.847
0.917
0.822
0.826
0.869
0.873
0.886
0.621
0.820
0.885
0.816
0.897
0.804
0.825
0.827
0.884
0.815
0.816
0.823
0.907
0.816
0.818
0.803
0.824
0.809
0.907
0.860
0.905
0.872
0.878
0.718
0.705
0.755
0.783
0.865
0.844
0.867
0.854
0.773
0.859
0.847
0.611
0.765
0.805
0.759
0.905
0.896
0.753
0.902
0.882
0.854
0.887
0.901
0.935
0.722
0.758
0.836
0.915
0.897
0.925
0.919
0.842
0.812
0.829
0.836
0.864
0.867
0.849
0.857
0.824
0.876
0.843
0.860
0.721
0.866
0.825
0.860
0.850
0.807
0.824
0.864
0.856
0.768
0.882
0.869
0.861
0.837
0.944
0.912
0.912
0.840
0.887
0.879
0.914
0.918
0.918
0.917
0.914
0.887
0.923
0.903
0.887
0.837
0.832
0.818
0.823
0.812
0.869
0.820
0.867
0.917
0.775
0.800
0.893
0.865
0.903
0.900
0.899
0.794
0.853
0.829
0.800
0.815
0.822
0.824
0.839
0.877
0.776
0.816
0.818
0.820
0.826
0.893
0.892
0.884
0.864
0.893
0.695
0.876
0.803
0.752
0.866
0.854
0.748
0.798
0.896
0.858
0.844
0.860
0.820
0.735
0.877
0.820
0.675
0.862
0.725
0.843
0.852
0.874
0.876
0.937
0.920
0.916
0.921
0.846
0.836
0.823
0.826
0.923
0.862
0.859
0.853
0.905
0.816
0.856
0.729
0.818
0.809
0.840
0.829
0.820
0.789
0.874
0.915
0.923
0.893
0.887
0.901
0.838
0.852
0.821
0.859
0.844
0.896
0.919
0.898
0.902
0.910
0.902
0.905
0.896
0.902
0.882
0.854
0.887
0.784
0.901
0.935
0.886
0.773
0.880
0.930
0.913
0.897
0.933
0.947
0.888
0.887
0.837
0.832
0.818
0.823
0.862
0.789
0.845
0.790
0.811
0.861
0.802
0.865
0.845
0.797
0.893
0.891
0.874
0.898
0.904
0.904
0.812
0.824
0.818
0.864
0.841
0.827
0.808
0.814
0.836
0.828
0.799
0.832
0.802
0.896
0.887
0.863
0.905
0.896
0.898
0.861
0.855
0.852
0.855
0.871
0.849
0.829
0.844
0.826
0.815
0.834
0.799
0.817
0.861
0.946
0.871
0.905
0.755
0.904
0.896
0.834
0.845
0.835
0.860
0.920
0.870
0.726
0.826
0.823
0.849
0.860
0.834
0.861
0.749
0.835
0.850
0.839
0.789
0.903
0.858
0.856
0.827
0.850
0.816
0.840
0.833
0.878
0.929
0.931
0.918
0.883
0.922
0.928
0.861
0.935
0.845
0.902
0.882
0.854
0.887
0.937
0.901
0.832
0.879
0.881
0.894
0.864
0.904
0.815
0.908
