-3.384 -7.453 -18.191 -12.696 -12.521
-4.686 -7.668 -17.970 -12.249 -12.164
-7.142 -9.856 -12.293 -12.318 -12.318
-6.577 -9.106 -11.448 -9.933 -9.937
-0.741 -6.769 -10.749 -10.756 -10.756
253.826 -5.964 -8.418 -8.421 -8.420
-4.991 -7.993 -12.958 -12.957 -12.615
-4.807 -10.093 -10.973 -10.974 -10.974
-4.411 -7.472 -12.487 -12.441 -12.263
-5.054 -7.883 -10.712 -10.713 -10.713
-8.042 -10.576 -12.439 -12.445 -12.446
48.073 -5.234 -16.925 -12.199 -12.058
-4.257 -6.839 -15.819 -10.730 -10.733
-7.515 -10.539 -10.798 -11.145 -11.146
-2.874 -5.536 -10.451 -9.449 -9.450
-8.414 -10.957 -11.641 -11.648 -11.646
-4.123 -6.022 -16.022 -11.294 -10.717
-7.376 -9.582 -11.177 -11.203 -11.204
-0.444 -2.699 -10.386 -10.681 -10.681
-5.383 -10.265 -11.576 -11.783 -11.408
-7.773 -8.974 -10.994 -10.950 -10.973
-4.160 -9.271 -11.619 -11.656 -11.655
-6.408 -9.354 -11.370 -10.680 -10.680
-6.179 -6.755 -15.962 -10.765 -10.767
-7.258 -9.896 -11.437 -11.372 -11.374
-5.744 -8.865 -10.924 -11.227 -10.493
-7.829 -9.696 -10.508 -10.515 -10.514
-5.207 -8.762 -10.309 -9.434 -9.912
-7.391 -9.865 -10.652 -10.187 -11.132
-2.872 -7.705 -11.001 -10.197 -10.445
-7.542 -9.885 -10.648 -10.539 -11.299
-1.577 -6.201 -8.299 -8.301 -8.787
19.683 15.084 -6.625 -6.640 -6.641
-4.611 -9.460 -11.040 -10.784 -10.688
-5.858 -7.483 -14.416 -9.261 -9.263
-3.367 -5.719 -15.781 -10.693 -10.694
-7.751 -9.767 -11.242 -12.096 -12.097
-3.167 -6.076 -12.380 -11.679 -11.318
-2.373 -5.050 -10.850 -11.195 -11.195
1.506 -1.845 -10.941 -10.586 -10.621
-3.156 -8.931 -11.063 -10.674 -10.790
-6.451 -8.903 -11.272 -10.778 -10.949
-4.469 -8.624 -11.062 -10.825 -10.773
9.278 8.179 -7.974 -6.440 -6.449
-1.546 -3.097 -11.411 -10.619 -10.761
-2.302 -7.756 -12.470 -12.311 -12.111
-6.546 -8.748 -11.352 -11.306 -11.067
-6.014 -8.945 -11.063 -11.151 -11.150
-1.328 -7.044 -8.776 -8.771 -9.075
33.873 25.593 -5.650 -6.047 -6.052
-2.521 -4.384 -6.758 -6.761 -6.659
-4.866 -7.508 -14.006 -10.488 -10.489
-2.248 -3.576 -4.565 -9.301 -9.303
7.544 -2.170 -9.724 -10.045 -10.045
-5.950 -9.326 -14.988 -10.331 -10.447
6.015 -1.688 -5.537 -5.726 -5.809
-3.633 -5.039 -9.419 -9.286 -9.406
1.040 -2.199 -15.819 -10.617 -10.616
-5.512 -8.154 -11.726 -11.541 -11.542
-5.938 -8.247 -11.579 -9.749 -9.944
-7.037 -8.675 -11.245 -11.166 -11.045
-4.901 -7.129 -15.958 -11.195 -10.759
-7.060 -8.667 -9.534 -9.547 -9.546
-6.459 -8.924 -10.660 -10.472 -10.435
-7.939 -8.673 -10.853 -11.306 -11.307
-5.105 -7.084 -10.693 -10.624 -10.343
-4.921 -7.761 -9.619 -9.575 -9.643
-2.512 -4.784 -13.801 -9.709 -9.710
-5.425 -7.531 -14.762 -9.780 -9.781
-5.651 -8.734 -10.180 -10.189 -10.188
-0.901 -6.776 -10.683 -9.757 -9.757
5.034 -3.254 -9.434 -9.633 -9.636
-1.256 -3.446 -14.318 -9.380 -9.347
-4.211 -8.523 -8.948 -9.011 -9.011
-5.335 -7.429 -9.123 -9.608 -8.303
-5.206 -7.551 -11.145 -9.151 -9.152
-0.217 -2.255 -10.579 -9.898 -10.027
-6.189 -8.579 -9.790 -10.530 -10.111
-3.917 -6.653 -11.119 -10.775 -9.916
-4.001 -6.423 -14.172 -9.999 -9.299
6.379 5.570 -9.685 -9.772 -9.592
-4.172 -8.563 -9.194 -9.520 -9.404
-2.240 -6.967 -9.057 -8.642 -8.644
-0.620 -2.937 -10.988 -10.020 -10.237
-5.011 -7.814 -10.618 -8.811 -8.811
6.379 5.489 -7.814 -8.821 -8.821
-4.836 -8.688 -10.282 -9.824 -9.664
10.967 9.460 -5.895 -5.951 -5.949
-4.681 -9.680 -9.450 -9.174 -9.173
-5.318 -7.276 -10.145 -10.447 -10.207
1.653 -2.725 -10.248 -10.044 -10.045
114.911 0.758 -9.927 -10.179 -10.062
1.449 -0.831 -7.383 -7.392 -7.394
-7.765 -9.773 -10.750 -10.789 -10.789
6.388 6.338 -9.566 -9.857 -9.564
-1.476 -4.176 -10.098 -10.208 -10.207
-5.047 -7.082 -8.071 -8.073 -8.366
-2.122 -7.275 -9.815 -9.982 -9.867
-3.782 -6.577 -10.571 -10.289 -10.289
6.547 6.341 -5.910 -6.137 -6.249
-4.163 -7.244 -8.394 -8.396 -8.397
-2.394 -3.923 -12.603 -8.560 -8.829
10.040 2.201 -13.488 -8.690 -8.824
1.449 0.725 -12.250 -7.998 -8.000
-5.426 -7.568 -9.539 -9.396 -9.396
-5.823 -6.157 -13.018 -9.215 -8.454
-0.555 -3.797 -8.195 -8.198 -8.198
-5.848 -7.908 -8.770 -8.787 -8.787
-5.987 -8.555 -9.168 -9.114 -8.894
-4.577 -7.018 -9.465 -9.470 -9.190
-0.917 -4.768 -9.013 -8.924 -8.808
-4.704 -7.475 -14.133 -9.858 -9.859
-0.755 -3.865 -8.116 -8.156 -7.943
6.378 6.133 -8.978 -9.055 -8.775
-1.890 -3.732 -8.959 -8.870 -8.376
4.444 -1.693 -4.995 -6.203 -6.605
-3.016 -6.443 -10.828 -8.680 -8.089
-3.569 -6.020 -9.395 -9.190 -8.662
-4.423 -6.341 -9.052 -8.623 -8.364
-4.643 -6.106 -11.926 -8.272 -8.273
-2.235 -4.360 -8.604 -8.602 -8.603
-2.331 -5.248 -5.947 -7.466 -7.466
-3.751 -5.985 -9.229 -9.041 -8.725
-2.391 -4.116 -7.535 -7.668 -7.496
-4.692 -6.958 -7.746 -7.825 -7.825
-2.336 -5.247 -5.948 -7.468 -7.468
-1.412 -6.413 -6.852 -6.868 -6.867
45.576 1.464 -11.546 -7.224 -7.510
-1.131 -7.534 -7.941 -7.947 -7.947
-5.998 -7.818 -8.504 -8.477 -8.384
-4.936 -6.841 -12.059 -8.174 -7.353
-4.493 -6.044 -7.297 -7.587 -7.929
3.314 1.474 -6.025 -6.351 -6.031
-5.300 -6.717 -7.064 -7.129 -7.176
0.600 -6.298 -8.298 -8.236 -7.763
-4.263 -6.576 -8.648 -8.427 -7.945
-1.329 -4.367 -11.766 -7.967 -7.174
-5.114 -5.725 -6.707 -7.849 -7.850
-1.347 -4.085 -8.532 -8.307 -7.900
6.864 -3.336 -7.692 -7.486 -7.486
-5.331 -7.293 -8.243 -7.416 -7.956
10.559 -0.365 -9.244 -9.303 -9.100
-0.015 -3.414 -5.684 -7.331 -7.332
-1.171 -6.842 -7.948 -7.949 -7.949
-4.868 -7.772 -7.862 -8.191 -7.717
-4.720 -7.018 -8.270 -8.055 -7.753
-2.328 -3.730 -8.009 -7.759 -7.391
1.298 -1.414 -8.138 -8.366 -8.299
7.277 3.387 -6.471 -6.550 -6.509
5.978 -1.664 -8.232 -8.321 -8.216
-1.673 -3.462 -10.923 -7.262 -7.261
-5.018 -5.472 -6.473 -7.504 -7.505
-2.292 -3.860 -12.266 -8.535 -8.536
-4.231 -5.921 -6.866 -6.701 -6.174
-3.863 -7.229 -8.641 -8.700 -8.520
-6.558 -7.548 -8.048 -8.052 -8.053
0.740 -4.974 -7.423 -7.084 -7.085
-3.238 -4.294 -4.944 -5.059 -5.062
-0.818 -5.083 -7.997 -7.317 -7.321
-3.766 -5.281 -5.975 -6.161 -5.574
-3.169 -4.301 -4.769 -4.782 -4.782
-3.057 -4.315 -8.868 -5.925 -5.926
-2.335 -3.708 -4.296 -4.302 -4.302
-1.917 -3.072 -4.063 -4.060 -4.060
-4.096 -5.643 -11.842 -8.142 -8.142
-1.359 -3.674 -9.210 -6.414 -6.053
-3.324 -4.423 -5.333 -5.334 -5.334
-3.609 -5.373 -7.638 -7.558 -7.205
-2.990 -4.084 -4.449 -4.450 -4.450
3.713 1.913 -6.025 -6.524 -6.104
4.354 -0.993 -7.999 -7.426 -7.665
7.319 -0.580 -4.762 -5.371 -5.013
-2.787 -3.949 -4.955 -4.511 -4.512
-3.749 -5.706 -8.320 -8.322 -8.322
-3.213 -4.228 -4.424 -4.425 -4.425
-2.409 -3.620 -4.297 -4.298 -4.298
-1.452 -2.650 -4.027 -4.040 -4.032
-3.176 -3.947 -4.020 -4.048 -4.049
-2.787 -4.322 -9.743 -6.759 -7.101
-2.047 -2.688 -2.828 -2.841 -2.840
-1.996 -3.584 -4.097 -4.167 -4.167
2.079 -1.502 -5.828 -5.837 -5.838
-1.097 -3.559 -4.198 -4.199 -4.199
-0.874 -2.581 -5.319 -5.321 -5.321
-0.881 -1.807 -3.068 -3.071 -3.071
2.767 -2.623 -4.888 -4.806 -5.022
-2.345 -4.050 -5.028 -5.211 -5.162
0.865 -2.152 -3.120 -3.121 -2.933
0.977 -2.618 -4.121 -4.329 -4.329
-3.195 -4.333 -4.616 -4.617 -4.618
-1.522 -2.675 -3.423 -3.796 -3.736
-1.310 -1.924 -4.427 -4.428 -4.166
-1.742 -3.074 -3.796 -4.094 -4.094
-0.599 -1.250 -2.173 -2.820 -2.749
-0.774 -1.991 -0.854 -3.892 -3.895
-0.873 -1.507 -1.546 -1.932 -1.890
-1.191 -7.630 -7.958 -7.963 -7.964
3.244 0.699 -4.128 -3.426 -3.803
-0.684 -1.440 -1.961 -1.869 -1.869
2.132 -0.594 -1.946 -2.025 -1.967
-4.160 -9.271 -11.619 -11.656 -11.655
-7.037 -8.675 -11.245 -11.166 -11.045
-6.976 -9.021 -10.852 -11.313 -11.314
-7.458 -9.611 -11.839 -11.587 -10.829
-5.560 -7.769 -9.158 -8.710 -8.711
-8.993 -11.108 -11.636 -11.654 -11.654
-7.638 -9.095 -9.827 -10.410 -10.167
-5.815 -7.975 -8.093 -8.101 -8.102
-6.110 -8.418 -9.560 -9.656 -9.502
-7.373 -8.664 -9.469 -9.480 -9.481
-6.898 -7.778 -8.035 -8.052 -8.053
-4.637 -6.799 -16.299 -10.900 -10.901
-3.021 -4.591 -15.531 -10.523 -10.505
-7.778 -10.072 -11.027 -11.028 -10.667
-5.731 -7.985 -9.705 -8.116 -8.095
-6.221 -8.924 -18.170 -12.157 -12.157
-4.985 -7.605 -14.196 -9.845 -9.844
-5.955 -9.132 -10.375 -10.375 -10.377
-5.560 -8.696 -13.136 -9.553 -9.779
-5.788 -8.141 -8.877 -8.901 -8.901
-5.134 -6.575 -7.662 -7.731 -7.839
-7.381 -11.199 -11.483 -12.441 -12.443
-7.253 -9.335 -11.163 -10.440 -10.738
-6.668 -8.082 -8.458 -8.848 -8.439
-2.336 -5.247 -5.948 -7.468 -7.468
-2.292 -3.860 -12.266 -8.535 -8.536
-6.558 -7.548 -8.048 -8.052 -8.053
-3.375 -5.378 -11.178 -7.385 -7.745
-4.263 -6.576 -8.648 -8.427 -7.945
-4.720 -7.018 -8.270 -8.055 -7.753
-2.736 -5.432 -15.494 -10.376 -10.392
-6.074 -7.626 -8.432 -8.202 -7.727
-4.643 -6.106 -11.926 -8.272 -8.273
-6.588 -8.424 -11.277 -10.526 -10.433
-5.829 -6.902 -8.039 -8.018 -7.713
-4.001 -5.829 -7.294 -6.895 -6.898
-6.300 -9.419 -9.596 -10.406 -10.833
-2.786 -5.321 -8.526 -8.588 -8.508
-4.816 -6.694 -11.383 -7.699 -7.699
-6.063 -7.558 -8.409 -8.164 -7.733
-6.792 -8.912 -14.865 -9.849 -9.850
-4.311 -7.328 -9.189 -9.252 -8.925
-5.294 -7.802 -8.580 -8.411 -8.011
-1.359 -3.674 -9.210 -6.414 -6.053
-4.296 -7.672 -10.260 -8.399 -8.398
-1.243 -3.948 -6.900 -7.680 -7.680
-5.502 -7.683 -8.458 -8.322 -8.195
-3.229 -5.608 -10.476 -8.007 -8.009
-9.365 -11.624 -12.408 -12.443 -12.177
-5.481 -7.921 -9.387 -9.138 -9.039
2.767 -2.623 -4.888 -4.806 -5.022
-2.787 -3.949 -4.955 -4.511 -4.512
-6.429 -10.750 -11.415 -11.759 -11.760
-6.280 -8.285 -8.735 -9.229 -9.084
-7.243 -8.773 -17.901 -12.064 -11.978
-6.914 -8.203 -17.975 -12.273 -12.183
-8.843 -10.122 -11.009 -10.958 -10.999
-6.675 -8.620 -9.824 -9.953 -9.721
-3.176 -3.947 -4.020 -4.048 -4.049
-1.741 -4.186 -9.070 -9.063 -8.953
-6.043 -9.423 -10.441 -9.450 -9.971
0.865 -2.152 -3.120 -3.121 -2.933
-6.871 -9.397 -12.315 -12.378 -12.192
2.132 -0.594 -1.946 -2.025 -1.967
-0.873 -1.507 -1.546 -1.932 -1.890
-4.139 -5.622 -6.456 -6.865 -6.597
-5.052 -5.514 -6.577 -6.585 -6.860
-2.868 -4.296 -9.088 -5.860 -5.863
-5.679 -7.152 -7.668 -7.680 -8.063
-4.183 -5.288 -6.417 -6.424 -6.423
-4.381 -5.625 -5.823 -6.166 -6.167
-3.864 -5.292 -11.223 -7.543 -7.543
-3.635 -5.080 -5.510 -6.090 -6.089
-4.950 -6.780 -7.162 -7.149 -7.270
-4.402 -5.720 -6.591 -6.558 -6.621
-6.045 -7.621 -8.308 -8.195 -7.708
-4.907 -6.701 -6.700 -7.328 -7.328
-6.170 -7.636 -8.747 -8.768 -8.351
-5.415 -6.833 -8.064 -7.298 -7.304
-5.932 -7.552 -8.214 -8.284 -7.616
-5.351 -7.011 -8.017 -7.931 -7.254
-4.833 -6.221 -7.618 -7.623 -7.319
-5.695 -7.255 -8.207 -8.038 -8.040
-6.620 -7.793 -8.769 -8.772 -8.315
-5.894 -7.149 -8.265 -8.291 -7.798
-3.584 -5.724 -5.807 -7.468 -7.469
-2.785 -4.019 -4.414 -4.415 -4.415
-2.279 -3.477 -4.407 -4.408 -4.407
-5.886 -7.457 -8.390 -8.138 -7.977
-2.309 -3.101 -7.466 -5.270 -5.219
-3.720 -4.540 -4.787 -4.799 -4.798
-3.235 -4.381 -4.875 -4.993 -4.952
-3.073 -3.796 -4.432 -4.432 -4.229
-1.652 -2.763 -3.423 -3.236 -3.547
-3.692 -4.572 -5.303 -5.307 -5.307
-2.630 -3.458 -4.411 -4.422 -4.138
-3.629 -5.359 -6.236 -6.243 -6.242
-3.506 -5.081 -5.333 -5.334 -5.334
-5.858 -7.018 -8.272 -8.242 -7.778
-2.757 -4.221 -4.783 -4.784 -4.779
-2.764 -3.961 -3.704 -4.002 -4.001
-4.272 -4.943 -6.410 -6.410 -6.410
-1.865 -3.188 -3.780 -3.671 -3.735
-4.971 -6.247 -7.346 -7.199 -6.288
-5.461 -7.242 -8.861 -8.773 -8.310
-5.769 -7.418 -8.504 -8.542 -8.123
-2.659 -3.970 -14.236 -7.356 -7.292
-2.054 -2.350 -2.637 -2.648 -2.774
-4.538 -6.571 -7.446 -6.723 -6.993
-1.679 -2.313 -2.853 -2.853 -2.820
-5.341 -7.322 -8.177 -8.072 -7.717
-1.247 -1.571 -1.897 -2.002 -2.083
-1.183 -1.561 -1.938 -2.005 -2.102
-1.632 -3.678 -4.057 -4.058 -4.059
-4.160 -9.271 -11.619 -11.656 -11.655
-6.675 -8.620 -9.824 -9.953 -9.721
-2.336 -5.247 -5.948 -7.468 -7.468
-2.292 -3.860 -12.266 -8.535 -8.536
-3.698 -5.634 -6.449 -6.463 -6.462
-6.083 -7.212 -8.345 -8.260 -7.895
-6.480 -8.081 -8.770 -8.772 -8.323
-4.132 -5.272 -8.380 -5.765 -5.727
-4.482 -5.362 -6.243 -5.992 -5.743
-7.550 -9.462 -9.979 -10.398 -10.486
-3.732 -4.858 -6.007 -6.382 -6.383
-5.004 -8.508 -9.464 -9.354 -9.243
-5.115 -6.674 -7.247 -7.275 -7.275
-4.850 -6.717 -8.189 -7.573 -7.846
-6.339 -8.504 -9.835 -9.978 -9.634
-5.961 -7.536 -10.206 -8.728 -8.421
-6.293 -7.987 -8.914 -8.413 -8.414
-6.589 -8.807 -8.032 -8.040 -8.041
-1.359 -3.674 -9.210 -6.414 -6.053
-5.267 -5.695 -5.803 -7.470 -7.470
-6.480 -8.142 -8.693 -8.763 -8.384
-5.932 -7.569 -8.207 -8.286 -7.815
-4.270 -5.777 -10.380 -7.177 -7.177
-5.913 -8.271 -15.862 -10.626 -10.631
-6.403 -9.216 -11.802 -9.724 -9.727
-6.404 -9.951 -10.383 -10.390 -10.391
-6.633 -9.614 -10.099 -10.113 -10.113
-5.169 -6.712 -7.406 -6.992 -7.369
-4.580 -6.874 -8.510 -8.397 -7.933
-4.956 -5.631 -6.428 -6.470 -7.071
-4.614 -5.655 -11.497 -8.445 -8.445
-4.092 -5.208 -10.871 -7.222 -7.222
-8.507 -10.489 -11.224 -11.206 -11.109
-5.840 -8.313 -9.268 -9.687 -9.423
-4.158 -6.930 -14.782 -10.024 -9.943
-6.191 -7.628 -8.525 -8.506 -8.122
-3.235 -4.381 -4.875 -4.993 -4.952
2.767 -2.623 -4.888 -4.806 -5.022
-3.720 -4.540 -4.787 -4.799 -4.798
-2.309 -3.101 -7.466 -5.270 -5.219
-4.842 -6.551 -8.370 -8.318 -8.064
-8.918 -11.176 -12.223 -12.223 -12.223
-6.477 -9.366 -14.110 -10.059 -10.056
-10.138 -12.418 -12.942 -12.953 -12.600
-5.561 -9.293 -10.733 -10.666 -10.562
-3.586 -6.231 -12.032 -7.634 -7.912
-4.917 -6.419 -10.422 -8.467 -8.467
-4.688 -5.960 -16.141 -11.162 -10.785
-9.206 -10.283 -11.015 -10.973 -10.990
-0.602 -2.644 -13.197 -8.423 -8.425
-3.176 -3.947 -4.020 -4.048 -4.049
-2.785 -4.019 -4.414 -4.415 -4.415
-8.558 -12.365 -12.822 -12.832 -13.165
-4.983 -6.746 -9.395 -9.398 -9.399
0.865 -2.152 -3.120 -3.121 -2.933
-8.453 -11.008 -12.580 -11.492 -11.753
-8.201 -9.699 -11.452 -9.968 -9.972
2.132 -0.594 -1.946 -2.025 -1.967
-0.873 -1.507 -1.546 -1.932 -1.890
-7.404 -8.687 -9.823 -10.300 -10.043
-1.247 -1.571 -1.897 -2.002 -2.083
-2.323 -4.367 -16.157 -11.361 -10.700
-2.760 -5.210 -8.140 -7.787 -7.788
-10.138 -12.349 -12.968 -12.967 -12.623
20.096 6.837 -10.863 -9.280 -9.582
-2.928 -4.324 -9.117 -6.289 -6.290
-5.131 -5.305 -5.887 -6.006 -5.925
-2.510 -3.831 -9.193 -5.869 -5.872
-3.629 -4.657 -4.820 -4.820 -5.125
-3.798 -5.339 -6.235 -6.350 -6.372
-2.987 -3.980 -5.132 -5.337 -5.337
-3.871 -3.952 -5.042 -5.246 -5.296
-2.614 -3.484 -7.433 -4.987 -4.987
-3.924 -4.518 -4.972 -5.054 -5.055
-3.303 -4.373 -4.351 -4.527 -4.528
-1.751 -4.244 -5.066 -5.073 -5.073
-3.146 -4.206 -9.022 -6.137 -5.996
-3.441 -4.410 -4.956 -5.155 -5.212
-1.882 -3.583 -7.519 -5.171 -5.235
-3.604 -5.726 -6.179 -6.305 -6.336
-4.010 -5.423 -8.287 -5.545 -5.871
-1.495 -3.985 -4.889 -4.905 -4.905
-4.065 -5.708 -6.065 -6.055 -5.765
-3.225 -3.801 -3.909 -3.909 -3.909
-3.045 -4.360 -4.508 -4.528 -4.529
-3.582 -4.707 -4.041 -4.056 -4.055
-3.582 -3.933 -4.049 -4.048 -4.049
-2.892 -3.765 -3.882 -3.909 -3.909
-2.532 -3.977 -4.252 -4.252 -4.253
-3.362 -4.181 -4.419 -4.419 -4.157
-3.911 -4.840 -5.303 -5.309 -5.308
-3.723 -4.681 -5.328 -5.329 -5.328
-2.953 -3.723 -3.975 -3.984 -3.985
-2.917 -3.496 -3.865 -3.881 -3.910
-3.487 -4.303 -4.411 -4.411 -4.196
-2.891 -3.507 -6.195 -4.275 -4.274
-2.932 -4.725 -4.964 -5.213 -5.258
-3.728 -4.208 -4.739 -4.814 -4.815
-1.328 -1.662 -1.954 -2.011 -2.104
-1.947 -2.551 -2.973 -3.078 -2.903
-2.131 -2.445 -3.111 -3.118 -2.929
-2.087 -2.644 -2.913 -3.118 -3.119
-2.676 -3.587 -3.658 -3.961 -3.667
-3.523 -5.083 -5.150 -5.266 -5.264
-2.413 -3.968 -12.597 -6.422 -6.361
-1.328 -1.617 -1.957 -1.969 -2.028
-0.902 -1.418 -1.786 -1.954 -2.022
-1.146 -1.719 -3.457 -2.086 -2.088
-3.601 -4.560 -4.686 -4.953 -4.955
-2.336 -5.247 -5.948 -7.468 -7.468
-2.292 -3.860 -12.266 -8.535 -8.536
-4.524 -5.607 -5.813 -6.142 -6.144
-1.359 -3.674 -9.210 -6.414 -6.053
-4.337 -6.848 -6.930 -6.994 -6.752
-2.864 -4.833 -6.369 -6.378 -6.378
-3.443 -4.808 -6.075 -5.816 -6.038
-6.891 -9.170 -17.515 -12.542 -12.230
-7.772 -7.806 -8.091 -8.102 -8.104
-6.502 -8.191 -8.671 -8.677 -8.224
-3.698 -5.634 -6.449 -6.463 -6.462
-3.410 -5.657 -6.221 -6.047 -5.955
-5.389 -6.701 -7.392 -7.316 -6.733
-7.795 -7.879 -8.100 -8.101 -8.103
-5.374 -7.167 -8.658 -8.664 -8.245
-4.684 -6.329 -6.814 -6.821 -7.024
-5.592 -6.454 -7.151 -7.341 -6.962
-3.987 -5.364 -5.977 -6.387 -6.388
-6.776 -9.097 -11.543 -10.975 -10.294
-4.076 -6.768 -8.888 -8.626 -8.117
-5.097 -7.039 -8.104 -8.302 -7.929
-5.178 -7.547 -8.855 -8.770 -8.335
-5.262 -5.655 -5.806 -7.471 -7.472
-4.522 -5.692 -5.806 -7.472 -7.473
-4.234 -5.558 -7.576 -6.878 -7.209
-3.367 -5.314 1.382 -6.890 -6.657
-3.075 -5.208 -5.727 -5.900 -5.900
-5.655 -8.292 -8.465 -8.479 -8.036
-4.847 -5.682 -5.800 -7.468 -7.469
-6.118 -7.620 -8.435 -8.175 -7.739
-5.057 -6.352 -7.550 -7.498 -7.328
-3.446 -5.058 -5.745 -5.850 -5.851
-3.629 -4.657 -4.820 -4.820 -5.125
-1.524 -3.796 -4.317 -4.317 -4.317
-5.805 -9.381 -18.343 -12.911 -12.600
-3.235 -4.381 -4.875 -4.993 -4.952
-3.720 -4.540 -4.787 -4.799 -4.798
-2.309 -3.101 -7.466 -5.270 -5.219
-6.237 -10.597 -10.670 -10.670 -10.670
-4.060 -5.366 -5.974 -5.985 -5.984
-2.582 -4.352 -5.684 -5.685 -5.684
-3.907 -6.126 -7.899 -7.781 -7.783
-4.783 -7.656 -8.849 -8.723 -8.560
-3.388 -5.632 -5.984 -6.385 -6.386
-3.176 -3.947 -4.020 -4.048 -4.049
-3.225 -3.801 -3.909 -3.909 -3.909
-2.922 -3.983 -8.916 -5.878 -5.880
-2.785 -4.019 -4.414 -4.415 -4.415
-4.451 -5.652 -5.807 -7.468 -7.469
-3.303 -5.081 -5.380 -5.762 -5.761
-3.523 -4.638 -5.340 -5.817 -5.324
-2.087 -2.644 -2.913 -3.118 -3.119
-3.593 -5.043 -6.448 -6.459 -6.458
-3.785 -5.318 -6.423 -6.431 -6.430
-4.928 -7.482 -11.554 -12.051 -11.973
-7.652 -9.915 -18.262 -12.411 -12.340
-5.572 -8.980 -8.801 -8.862 -8.863
-7.485 -8.999 -9.647 -8.998 -9.638
-5.471 -8.546 -17.614 -12.714 -12.319
2.132 -0.594 -1.946 -2.025 -1.967
-3.388 -6.805 -14.664 -9.862 -9.862
-0.873 -1.507 -1.546 -1.932 -1.890
-0.902 -1.418 -1.786 -1.954 -2.022
-5.782 -7.272 -12.703 -7.595 -7.599
-8.374 -11.439 -13.298 -13.305 -13.285
-3.635 -4.639 -5.329 -5.336 -5.337
-3.667 -4.664 -5.330 -5.330 -5.330
-3.295 -4.404 -4.353 -4.516 -4.515
-3.275 -4.043 -4.416 -4.422 -4.219
-3.158 -3.868 -3.987 -3.997 -3.998
-4.266 -4.756 -4.944 -5.215 -5.263
-3.579 -4.646 -5.287 -5.297 -5.296
-3.014 -4.566 -5.080 -5.088 -5.088
-2.927 -4.492 -5.299 -5.312 -5.311
-2.806 -4.571 -5.005 -5.005 -5.005
-3.315 -4.229 -5.075 -5.076 -5.076
-3.523 -5.090 -5.202 -5.243 -5.242
-3.808 -4.698 -4.793 -4.794 -4.793
-1.315 -3.756 -4.290 -4.291 -4.291
-4.464 -4.701 -4.817 -4.822 -5.096
-2.751 -3.987 -4.555 -4.610 -4.599
-3.468 -4.359 -5.070 -5.234 -5.198
-2.442 -3.213 -3.910 -3.983 -3.900
-3.110 -3.763 -3.921 -3.928 -3.927
-3.006 -4.009 -5.003 -5.216 -5.263
-3.381 -4.602 -4.999 -5.267 -5.267
-3.680 -4.697 -7.665 -5.233 -5.302
-2.219 -2.866 -4.155 -4.251 -4.251
-3.922 -4.552 -5.042 -5.235 -5.185
-2.326 -4.464 -5.096 -5.104 -5.104
-2.510 -4.407 -5.287 -5.294 -5.294
-3.997 -4.921 -5.027 -5.271 -5.220
-2.754 -3.451 -3.907 -3.929 -3.928
-2.802 -3.437 -3.993 -4.002 -4.015
-1.352 -1.660 -1.962 -1.958 -1.957
-2.534 -3.404 -3.710 -4.010 -3.717
-1.878 -2.495 -2.797 -3.116 -2.942
-1.795 -2.392 -2.958 -3.140 -3.140
-1.186 -1.619 -1.933 -2.008 -2.101
-3.153 -3.892 -4.017 -4.018 -4.018
-2.213 -2.813 -2.850 -3.127 -3.127
-2.021 -2.642 -2.974 -3.148 -3.149
-1.258 -1.638 -1.935 -2.017 -1.953
-1.828 -2.433 -2.930 -3.150 -3.150
-2.191 -2.827 -2.930 -3.128 -3.129
-1.186 -1.578 -1.904 -1.889 -2.009
-1.281 -1.716 -1.953 -1.835 -1.837
-1.373 -1.878 -1.954 -2.011 -2.097
-1.252 -1.590 -1.907 -1.910 -2.027
-1.158 -1.541 -1.915 -2.010 -2.094
-1.258 -1.704 -1.956 -2.009 -2.100
-6.502 -8.191 -8.671 -8.677 -8.224
-1.359 -3.674 -9.210 -6.414 -6.053
-3.388 -5.632 -5.984 -6.385 -6.386
-6.672 -8.308 -9.067 -9.093 -8.634
-3.850 -5.724 -7.360 -7.162 -7.060
-6.670 -8.299 -8.661 -8.675 -8.292
-6.635 -8.226 -8.772 -8.771 -8.292
-5.673 -7.672 -8.722 -8.744 -8.322
-3.746 -6.421 -8.318 -8.224 -7.865
-6.639 -8.214 -8.708 -8.772 -8.382
-4.338 -6.365 -8.718 -8.726 -8.726
-5.156 -8.505 -9.415 -9.288 -9.290
-4.665 -5.628 -5.805 -7.469 -7.469
-3.190 -5.739 -6.591 -6.911 -6.910
-6.839 -8.296 -9.297 -9.173 -8.741
-4.663 -5.590 -5.800 -7.468 -7.469
-0.786 -5.780 -15.746 -10.596 -10.468
-3.629 -4.657 -4.820 -4.820 -5.125
-5.471 -6.932 -12.389 -8.322 -8.323
-3.006 -4.009 -5.003 -5.216 -5.263
-4.821 -5.703 -5.806 -7.469 -7.469
-4.882 -6.875 -6.611 -6.840 -6.878
-3.235 -4.381 -4.875 -4.993 -4.952
-0.816 -5.250 -8.891 -8.584 -8.586
-4.937 -6.167 -7.479 -7.387 -6.717
-3.659 -4.294 -4.468 -5.447 -5.447
-5.913 -6.722 -8.139 -8.946 -8.945
-7.138 -9.388 -10.023 -10.278 -9.900
-4.670 -7.110 -7.533 -7.826 -8.027
-5.110 -6.539 -12.159 -7.775 -7.900
-3.958 -5.281 -5.945 -6.177 -6.178
-4.698 -5.884 -6.120 -5.809 -5.758
-2.165 -4.700 -5.090 -5.091 -5.090
-4.500 -5.468 -5.761 -6.115 -6.115
-4.103 -5.253 -6.218 -6.232 -5.952
-4.392 -5.426 -8.995 -6.381 -6.057
-3.953 -4.821 -5.328 -5.329 -5.329
-3.665 -4.762 -5.317 -5.318 -5.318
-3.262 -4.194 -7.352 -4.866 -4.848
-3.364 -4.380 -5.117 -5.330 -5.329
-3.312 -4.278 -5.134 -5.334 -5.334
-3.654 -4.659 -5.323 -5.324 -5.323
-4.052 -5.107 -6.029 -6.066 -5.754
-2.574 -4.881 -6.736 -6.357 -6.358
-3.110 -3.763 -3.921 -3.928 -3.927
-3.176 -3.947 -4.020 -4.048 -4.049
-3.225 -3.801 -3.909 -3.909 -3.909
-2.785 -4.019 -4.414 -4.415 -4.415
-3.479 -4.346 -5.029 -5.029 -5.030
-3.330 -4.267 -4.687 -5.020 -5.019
-4.080 -4.767 -5.015 -5.221 -5.189
-5.253 -6.908 -8.230 -7.931 -7.458
-3.422 -4.941 -6.392 -6.409 -6.408
-2.500 -5.218 -9.072 -5.996 -5.773
-2.087 -2.644 -2.913 -3.118 -3.119
-5.233 -7.681 -14.302 -10.720 -9.870
-2.439 -4.051 -7.396 -5.684 -5.589
-2.824 -4.208 -4.811 -4.822 -4.820
-7.976 -10.256 -18.354 -12.808 -12.503
-7.370 -10.149 -10.593 -10.609 -10.734
-1.258 -1.638 -1.935 -2.017 -1.953
-1.258 -1.704 -1.956 -2.009 -2.100
2.132 -0.594 -1.946 -2.025 -1.967
-0.873 -1.507 -1.546 -1.932 -1.890
12.422 12.371 -5.058 -4.917 -4.924
-3.736 -4.612 -5.331 -5.331 -5.331
-3.689 -4.689 -4.789 -4.790 -5.006
-3.748 -4.642 -5.333 -5.333 -5.333
-3.727 -4.337 -4.822 -5.003 -4.953
-3.402 -4.197 -4.417 -4.421 -4.145
-3.047 -3.810 -4.430 -4.430 -4.149
-3.510 -3.854 -4.003 -4.020 -4.018
-2.760 -3.352 -4.398 -4.405 -4.194
-3.438 -4.539 -4.752 -4.767 -4.807
-3.027 -3.710 -4.431 -4.432 -4.222
-3.471 -4.732 -4.056 -4.056 -4.056
-3.602 -4.543 -4.808 -4.785 -4.785
-2.296 -3.031 -6.175 -4.234 -4.236
-3.190 -3.851 -3.927 -3.927 -3.926
-3.952 -3.903 -4.051 -4.059 -4.059
-2.738 -3.294 -4.414 -4.427 -4.144
-3.341 -4.490 -4.947 -5.038 -5.038
-3.539 -4.872 -5.031 -5.052 -5.052
-3.314 -4.921 -4.767 -5.287 -4.889
-2.971 -3.489 -4.426 -4.427 -4.231
-3.937 -3.888 -4.033 -4.055 -4.055
-1.156 -1.594 -1.952 -1.946 -1.946
-3.190 -3.821 -3.928 -3.928 -3.928
-2.159 -2.718 -2.885 -2.895 -2.917
-3.138 -3.875 -4.429 -4.433 -4.233
-1.926 -2.357 -3.115 -3.124 -2.935
-2.232 -2.808 -2.945 -3.139 -3.140
-2.207 -2.818 -2.958 -3.142 -3.143
-2.030 -2.738 -2.952 -3.132 -3.133
-1.975 -2.514 -2.704 -2.840 -2.742
-1.069 -1.519 -2.771 -1.767 -1.767
-1.445 -1.833 -1.946 -1.828 -1.830
-1.580 -1.923 -1.950 -1.954 -1.954
-3.434 -4.382 -5.013 -5.057 -5.056
-2.364 -4.233 -4.742 -4.805 -4.804
-1.309 -1.688 -1.897 -1.901 -2.025
-2.222 -2.757 -3.111 -3.111 -2.938
-1.140 -1.549 -1.950 -2.011 -2.104
-1.311 -1.834 -2.024 -2.019 -2.019
-1.302 -1.696 -1.957 -2.018 -1.929
-1.495 -1.785 -1.956 -2.011 -2.097
-3.112 -4.036 -4.424 -4.432 -4.226
-1.207 -2.147 -4.541 -3.153 -3.152
-1.766 -2.502 -3.109 -3.119 -2.936
-2.142 -2.494 -3.089 -3.102 -2.919
-1.277 -1.788 -1.949 -1.831 -1.834
-2.025 -3.294 -3.761 -3.968 -3.721
-1.157 -1.616 -1.773 -1.971 -1.960
-1.359 -3.674 -9.210 -6.414 -6.053
-3.629 -4.657 -4.820 -4.820 -5.125
-3.006 -4.009 -5.003 -5.216 -5.263
-5.854 -8.483 -8.091 -8.099 -8.100
-3.599 -5.846 -6.010 -6.387 -6.388
-2.777 -4.093 -5.267 -5.285 -5.286
-2.763 -4.454 -5.028 -5.036 -5.036
-1.478 -4.095 -5.320 -5.326 -5.326
-3.514 -4.432 -5.302 -5.310 -5.311
-3.514 -4.408 -4.993 -5.232 -5.297
-4.383 -4.384 -4.775 -4.753 -4.753
-6.522 -9.509 -9.223 -9.336 -9.039
-3.805 -5.632 -11.581 -8.475 -8.479
-5.266 -7.080 -7.190 -6.944 -6.711
-3.944 -4.933 -5.751 -5.759 -5.758
-1.786 -3.716 -4.879 -4.890 -4.890
-3.597 -4.578 -4.830 -5.331 -5.330
-3.649 -4.680 -7.646 -5.230 -5.307
-3.856 -4.610 -5.049 -5.235 -5.202
-3.629 -4.624 -5.328 -5.329 -5.328
-3.654 -4.616 -5.326 -5.334 -5.334
-3.756 -4.762 -5.303 -5.309 -5.309
-2.019 -4.709 -5.087 -5.087 -5.087
-3.646 -4.645 -5.332 -5.333 -5.332
-3.651 -4.671 -5.332 -5.333 -5.333
-3.753 -4.677 -5.333 -5.334 -5.334
-3.530 -4.489 -4.965 -5.130 -5.129
-3.599 -4.626 -4.964 -5.200 -5.258
-6.605 -8.389 -9.042 -9.057 -9.058
-6.706 -8.158 -8.673 -8.677 -8.229
-4.734 -5.717 -5.806 -7.471 -7.472
-0.924 -3.944 -4.333 -4.351 -4.349
-3.110 -3.763 -3.921 -3.928 -3.927
-3.176 -3.947 -4.020 -4.048 -4.049
-3.225 -3.801 -3.909 -3.909 -3.909
-3.193 -4.736 -4.999 -5.008 -5.006
-3.045 -4.609 -5.109 -5.118 -5.119
-2.785 -4.019 -4.414 -4.415 -4.415
-4.605 -5.661 -5.806 -7.469 -7.470
-1.975 -2.514 -2.704 -2.840 -2.742
-2.087 -2.644 -2.913 -3.118 -3.119
-8.554 -10.802 -11.243 -11.150 -11.575
-1.384 -3.276 -5.311 -5.320 -5.319
-4.979 -5.648 -5.803 -7.471 -7.472
-4.881 -5.614 -5.805 -7.469 -7.470
-4.719 -5.576 -5.803 -7.464 -7.465
-3.377 -4.231 -4.373 -4.712 -4.715
-5.287 -7.775 -8.061 -7.498 -8.388
-4.499 -5.516 -10.874 -7.250 -7.249
6.536 0.153 -10.639 -7.387 -7.562
-2.490 -6.677 -10.148 -7.182 -7.322
-2.651 -4.626 -5.513 -5.851 -5.849
-1.258 -1.638 -1.935 -2.017 -1.953
-4.939 -7.160 -9.500 -7.461 -7.450
-1.437 -4.576 -4.879 -5.424 -5.423
-1.258 -1.704 -1.956 -2.009 -2.100
-6.500 -8.940 -14.456 -10.630 -10.633
-5.140 -7.300 -9.024 -9.023 -9.023
133.256 -4.083 -11.966 -7.610 -7.611
2.132 -0.594 -1.946 -2.025 -1.967
-1.311 -1.834 -2.024 -2.019 -2.019
-1.140 -1.549 -1.950 -2.011 -2.104
-0.873 -1.507 -1.546 -1.932 -1.890
-8.715 -11.241 -11.655 -11.726 -11.726
-2.798 -4.308 -4.006 -4.016 -4.015
-1.187 -1.637 -1.864 -1.903 -1.935
-1.703 -2.514 -3.118 -3.119 -2.916
-3.020 -3.833 -3.911 -3.922 -3.921
-1.551 -2.528 -3.039 -2.943 -3.038
-3.173 -3.843 -3.899 -3.911 -3.912
-3.280 -4.020 -4.424 -4.424 -4.165
-3.830 -3.953 -4.055 -4.062 -4.062
-3.160 -3.875 -3.909 -3.910 -3.911
-3.024 -3.858 -3.897 -3.975 -3.974
-2.992 -3.712 -3.910 -3.989 -3.922
-2.137 -2.810 -3.053 -3.067 -2.870
-1.419 -1.717 -1.955 -2.007 -2.094
-3.136 -3.881 -3.927 -3.927 -3.927
-1.385 -2.243 -3.079 -3.092 -2.983
-3.200 -3.829 -3.907 -3.929 -3.928
-1.406 -1.807 -1.957 -1.884 -2.009
-3.302 -4.050 -4.429 -4.430 -4.234
-2.131 -2.672 -2.875 -2.879 -2.876
-2.836 -3.683 -4.416 -4.423 -4.424
-3.078 -4.072 -4.396 -4.393 -4.096
-2.247 -2.839 -2.950 -3.148 -3.148
-1.172 -1.587 -1.950 -1.962 -1.961
-1.196 -1.641 -1.956 -2.008 -2.095
-2.393 -2.566 -3.121 -3.122 -2.933
-1.677 -1.808 -1.957 -1.955 -2.008
-1.313 -1.746 -2.002 -2.054 -1.967
-1.677 -1.785 -1.957 -1.951 -2.009
-2.456 -3.503 -3.976 -3.986 -3.987
-3.530 -4.187 -4.422 -4.422 -4.421
-2.315 -3.848 -3.690 -3.701 -3.700
-3.041 -3.675 -4.386 -4.403 -4.192
-1.118 -1.578 -1.954 -2.005 -2.102
-1.750 -2.472 -3.095 -3.103 -2.910
-3.059 -3.827 -3.909 -3.910 -3.910
-1.500 -1.996 -3.702 -2.600 -2.603
-1.294 -1.695 -1.954 -1.962 -2.009
-3.046 -3.736 -4.053 -4.118 -4.116
-1.167 -1.520 -1.858 -1.839 -1.857
-1.397 -1.741 -2.096 -1.951 -1.991
-2.499 -3.379 -4.983 -4.146 -4.146
-2.733 -3.796 -3.940 -3.959 -3.959
-1.169 -1.597 -1.887 -1.797 -1.798
-0.554 -0.715 -0.802 -0.952 -0.892
-1.359 -3.674 -9.210 -6.414 -6.053
-3.629 -4.657 -4.820 -4.820 -5.125
-3.916 -4.497 -5.274 -5.275 -5.494
-3.978 -5.068 -9.008 -6.112 -6.111
-2.655 -4.690 -5.060 -5.061 -5.061
-3.663 -4.649 -5.330 -5.331 -5.331
-5.134 -7.394 -6.811 -7.443 -7.202
-3.897 -4.471 -4.968 -5.097 -5.214
-3.668 -4.791 -5.330 -5.330 -5.330
-3.805 -4.662 -5.328 -5.329 -5.328
-6.452 -8.211 -8.673 -8.678 -8.255
-1.256 -5.193 -5.317 -5.318 -5.318
-1.873 -4.569 -5.331 -5.332 -5.331
-2.801 -4.253 -7.618 -5.267 -5.209
-3.213 -4.222 -5.021 -5.200 -5.161
-3.282 -4.230 -5.026 -5.032 -5.032
-3.542 -4.650 -5.322 -5.330 -5.330
-3.497 -4.626 -5.191 -5.304 -5.305
-4.527 -5.665 -5.813 -7.473 -7.474
-3.817 -4.684 -5.283 -5.682 -5.682
-4.465 -5.615 -5.807 -7.472 -7.473
-6.500 -8.123 -8.776 -8.776 -8.321
-5.265 -6.543 -12.259 -8.348 -8.349
-3.110 -3.763 -3.921 -3.928 -3.927
-3.160 -3.875 -3.909 -3.910 -3.911
-4.373 -5.674 -9.851 -7.233 -7.556
-3.173 -3.843 -3.899 -3.911 -3.912
-5.200 -6.490 -6.624 -6.632 -6.856
-3.679 -4.672 -4.868 -5.104 -5.105
-2.545 -4.112 -4.521 -4.579 -4.583
-3.593 -4.529 -5.027 -5.032 -5.033
-2.907 -4.017 -4.012 -4.020 -3.978
-2.697 -3.473 -3.877 -3.919 -3.919
-3.176 -3.947 -4.020 -4.048 -4.049
-3.045 -3.748 -3.909 -3.910 -3.910
-3.141 -4.767 -5.111 -5.114 -5.115
-3.269 -4.371 -5.029 -5.057 -5.057
-3.576 -4.565 -5.319 -5.320 -5.319
-3.264 -3.947 -4.428 -4.428 -4.428
-4.804 -5.642 -5.817 -7.480 -7.481
-1.705 -4.423 -6.376 -6.377 -6.378
-1.975 -2.514 -2.704 -2.840 -2.742
-2.409 -3.114 -3.517 -3.522 -3.561
-4.617 -5.674 -5.802 -7.471 -7.472
-4.635 -5.650 -5.802 -7.472 -7.472
-2.674 -3.540 -4.011 -4.245 -4.247
44.351 2.678 -15.549 -11.155 -10.852
-6.919 -9.673 -17.615 -12.568 -12.592
-4.425 -5.528 -10.994 -7.427 -8.087
-1.258 -1.638 -1.935 -2.017 -1.953
-1.258 -1.704 -1.956 -2.009 -2.100
12.429 -2.948 -7.634 -7.795 -7.799
-4.093 -5.594 -6.234 -7.651 -7.652
2.132 -0.594 -1.946 -2.025 -1.967
-1.196 -1.641 -1.956 -2.008 -2.095
-1.313 -1.746 -2.002 -2.054 -1.967
-1.311 -1.834 -2.024 -2.019 -2.019
-5.996 -8.547 -12.611 -11.854 -11.856
-1.140 -1.549 -1.950 -2.011 -2.104
-6.661 -8.488 -9.912 -9.887 -9.763
-0.554 -0.715 -0.802 -0.952 -0.892
-4.721 -6.347 -11.064 -10.835 -10.825
-7.558 -9.809 -18.148 -12.588 -12.376
-9.447 -9.665 -12.720 -12.711 -12.514
-4.637 -9.819 -11.948 -12.004 -11.499
-3.161 -3.860 -3.929 -3.929 -3.929
-3.261 -4.064 -4.430 -4.430 -4.155
-2.365 -2.433 -3.122 -3.122 -2.944
-2.128 -2.622 -2.922 -2.936 -2.960
-2.162 -2.787 -3.063 -3.080 -2.892
-1.650 -2.622 -3.102 -3.103 -2.921
-3.214 -3.880 -3.900 -3.910 -3.909
-3.169 -3.976 -4.411 -4.411 -4.411
-3.362 -4.222 -4.413 -4.414 -4.192
-3.241 -4.316 -4.427 -4.428 -4.427
-3.208 -3.874 -3.904 -3.912 -3.910
-2.949 -3.733 -3.901 -3.970 -4.089
-3.452 -4.176 -4.419 -4.420 -4.140
-3.571 -4.152 -4.411 -4.418 -4.139
-3.082 -3.873 -3.909 -3.915 -3.915
-3.141 -3.874 -3.901 -3.909 -3.908
-3.831 -3.964 -4.043 -4.048 -4.049
-3.571 -4.263 -4.412 -4.413 -4.193
-2.381 -2.757 -3.115 -3.116 -2.943
-1.426 -2.371 -2.663 -2.664 -2.664
-1.766 -2.188 -2.654 -2.758 -2.611
-2.479 -3.306 -4.226 -4.239 -4.239
-3.149 -3.849 -3.900 -3.909 -3.909
-3.196 -3.880 -3.926 -3.926 -3.925
-1.862 -2.401 -2.419 -2.288 -2.493
-2.682 -3.547 -3.789 -3.903 -3.902
-2.137 -2.734 -3.055 -3.074 -2.947
-1.344 -1.725 -1.901 -1.952 -1.953
-2.193 -2.844 -2.832 -2.833 -2.759
-1.638 -2.224 -3.121 -3.120 -2.935
-1.196 -1.640 -1.831 -1.954 -2.024
-1.523 -1.805 -1.952 -2.010 -2.102
-1.147 -1.622 -1.863 -1.873 -1.874
-1.139 -1.520 -1.959 -1.751 -1.753
-1.523 -1.821 -1.957 -1.940 -1.974
-1.453 -1.828 -1.880 -1.846 -1.943
-1.139 -1.558 -1.958 -2.011 -2.102
-1.020 -1.617 -1.958 -1.832 -1.834
-1.523 -1.788 -1.959 -1.924 -1.925
-1.496 -1.846 -1.897 -1.886 -1.999
-1.342 -1.697 -1.844 -1.960 -2.026
-0.544 -0.694 -0.832 -1.122 -1.026
-0.544 -0.701 -0.796 -1.008 -0.975
-0.510 -0.725 -0.828 -1.121 -1.020
-0.509 -0.681 -0.802 -1.007 -0.980
-1.359 -3.674 -9.210 -6.414 -6.053
-4.050 -6.486 -10.807 -8.313 -8.284
-3.742 -4.660 -5.179 -5.194 -5.194
-2.647 -3.792 -7.316 -4.817 -4.816
-3.653 -4.649 -5.328 -5.334 -5.334
-3.390 -6.093 -10.928 -8.375 -8.376
-4.088 -5.313 -6.458 -6.484 -6.484
-1.698 -4.628 -5.617 -5.618 -5.617
-2.580 -5.235 -5.625 -5.635 -5.635
-2.757 -3.569 -3.703 -3.761 -3.998
-3.437 -4.209 -5.048 -5.049 -5.049
-3.457 -4.204 -4.382 -4.510 -4.510
-3.854 -4.745 -4.819 -4.819 -5.097
-3.666 -4.664 -5.323 -5.324 -5.323
-4.176 -4.771 -4.966 -5.216 -5.273
-3.573 -5.241 -5.278 -5.320 -5.319
-5.813 -8.014 -12.305 -8.758 -8.760
-5.041 -5.640 -5.801 -7.470 -7.470
-4.720 -6.350 -12.367 -8.524 -8.525
-4.660 -5.672 -5.813 -7.474 -7.475
-4.578 -7.363 -12.296 -8.456 -8.456
-3.776 -4.961 -6.316 -6.338 -6.339
-2.744 -4.573 -5.062 -5.076 -5.076
-3.558 -4.738 -5.310 -5.321 -5.321
-4.153 -7.508 -8.654 -8.559 -8.345
-4.946 -5.636 -5.803 -7.472 -7.473
-2.245 -4.950 -5.519 -5.904 -5.904
-0.511 -1.432 -4.207 -4.239 -4.239
-3.426 -4.361 -7.392 -4.968 -4.763
-3.110 -3.763 -3.921 -3.928 -3.927
-3.124 -4.234 -5.278 -5.292 -5.292
-3.145 -3.945 -4.417 -4.426 -4.149
-3.141 -3.874 -3.901 -3.909 -3.908
-3.045 -3.748 -3.909 -3.910 -3.910
-4.468 -5.514 -8.095 -6.809 -6.178
-3.343 -5.474 -7.355 -6.431 -6.431
-3.160 -3.875 -3.909 -3.910 -3.911
-3.525 -5.042 -9.231 -6.407 -6.113
-3.751 -5.443 -5.926 -5.933 -5.932
-7.026 -9.389 -9.737 -9.739 -9.741
-4.475 -5.623 -5.797 -7.467 -7.468
-1.638 -2.224 -3.121 -3.120 -2.935
-1.975 -2.514 -2.704 -2.840 -2.742
-1.221 -3.656 -5.136 -5.137 -5.136
2.937 -1.083 -13.482 -9.381 -9.380
-2.468 -6.310 -8.436 -7.834 -7.836
-4.707 -5.628 -5.810 -7.476 -7.477
-4.979 -6.969 -8.658 -8.671 -8.487
-1.523 -1.805 -1.952 -2.010 -2.102
-1.258 -1.704 -1.956 -2.009 -2.100
-1.342 -1.697 -1.844 -1.960 -2.026
2.132 -0.594 -1.946 -2.025 -1.967
-4.703 -5.568 -5.804 -7.470 -7.470
-1.196 -1.641 -1.956 -2.008 -2.095
-5.432 -6.987 -7.350 -7.396 -7.397
-3.306 -5.058 -5.438 -5.448 -6.018
-4.972 -5.735 -5.863 -7.700 -7.700
-4.575 -5.739 -5.864 -7.641 -7.642
-0.544 -0.701 -0.796 -1.008 -0.975
-0.509 -0.681 -0.802 -1.007 -0.980
-0.554 -0.715 -0.802 -0.952 -0.892
-1.574 -6.223 -10.431 -9.558 -9.557
-4.440 -5.600 -8.112 -7.143 -7.647
4.547 -2.068 -9.174 -9.092 -9.091
-0.419 -5.928 -12.351 -12.289 -12.002
-3.600 -4.331 -4.356 -4.400 -4.187
-3.156 -3.817 -3.905 -3.925 -3.925
-3.456 -3.680 -4.021 -4.028 -3.999
-3.100 -3.822 -3.909 -3.915 -3.914
-3.160 -3.865 -3.927 -3.927 -3.927
-3.170 -3.879 -3.915 -3.930 -3.929
-3.921 -3.979 -4.054 -4.055 -4.055
-3.013 -3.559 -4.426 -4.426 -4.161
-3.668 -4.667 -4.046 -4.046 -4.046
-3.921 -3.991 -4.054 -4.055 -4.056
-3.153 -3.897 -3.932 -3.933 -3.931
-3.318 -3.994 -4.431 -4.431 -4.232
-1.163 -1.573 -1.943 -2.012 -2.103
-2.525 -3.037 -3.114 -3.122 -2.936
-1.349 -1.769 -1.927 -2.011 -2.099
-3.522 -3.713 -3.996 -4.000 -3.969
-3.543 -4.573 -4.043 -4.044 -4.044
-1.031 -1.465 -1.950 -1.954 -2.005
-0.886 -1.570 -2.010 -2.105 -2.105
-1.526 -1.858 -1.955 -1.956 -1.956
-2.462 -3.473 2.233 -3.741 -3.825
-2.922 -3.881 -4.432 -4.432 -4.432
-3.015 -3.578 -4.424 -4.425 -4.425
-2.215 -2.513 -3.116 -3.117 -2.935
-4.052 -3.911 -4.050 -4.059 -4.059
-3.179 -3.822 -3.917 -3.928 -3.928
-1.983 -2.549 -2.705 -2.726 -2.659
-2.078 -2.718 -3.108 -3.115 -2.950
-1.315 -1.723 -2.018 -2.018 -2.018
-3.171 -3.858 -4.419 -4.426 -4.148
-1.961 -2.620 -3.116 -3.121 -2.944
-2.881 -3.618 -4.036 -4.036 -4.004
-1.040 -1.567 -1.697 -2.092 -2.086
-1.952 -2.560 -2.931 -3.134 -3.135
-0.558 -0.736 -1.054 -1.119 -1.017
-2.396 -3.253 -6.130 -4.154 -4.154
-1.726 -2.276 -2.638 -2.846 -2.846
-0.469 -0.704 -1.000 -1.118 -1.020
-0.514 -0.725 -0.829 -0.933 -0.933
-0.546 -0.695 -0.704 -0.929 -0.929
-0.469 -0.690 -0.904 -1.120 -1.023
-0.452 -0.652 -0.989 -1.119 -1.014
-0.450 -0.799 -0.817 -1.112 -1.011
-0.444 -0.727 -0.834 -1.119 -1.017
-1.359 -3.674 -9.210 -6.414 -6.053
-3.538 -6.267 -12.055 -8.271 -7.400
-4.503 -5.537 -5.827 -6.114 -6.115
-4.130 -5.348 -5.690 -6.010 -6.010
-2.979 -4.121 -7.365 -4.859 -4.847
-3.893 -4.842 -5.328 -5.334 -5.334
-0.621 -3.675 -5.016 -5.025 -5.025
-3.799 -4.751 -4.815 -4.816 -5.107
-3.736 -4.658 -4.886 -5.334 -5.334
-3.777 -4.693 -4.808 -4.818 -5.092
-3.751 -4.715 -5.328 -5.329 -5.328
-4.711 -6.690 -11.036 -7.920 -8.189
-3.200 -4.517 -5.062 -5.069 -5.068
-3.755 -4.658 -5.037 -5.038 -5.038
-3.493 -4.199 -4.420 -4.426 -4.151
-3.227 -3.953 -4.425 -4.426 -4.425
-2.594 -3.335 -3.586 -3.593 -3.592
-3.255 -3.949 -4.423 -4.424 -4.139
-2.958 -3.689 -4.422 -4.423 -4.220
-3.346 -4.246 -4.381 -4.382 -4.382
-3.723 -4.625 -4.893 -5.336 -5.336
-4.612 -5.539 -5.807 -7.468 -7.469
-1.649 -4.944 -6.382 -6.383 -6.384
-4.153 -5.970 -5.927 -5.976 -5.836
-3.126 -4.214 -4.823 -5.312 -5.312
-2.788 -4.532 -5.061 -5.062 -5.063
0.502 -2.973 -4.073 -4.388 -4.389
-4.816 -6.615 -7.346 -7.334 -7.481
-3.145 -4.184 -4.964 -5.056 -5.056
-4.307 -7.291 -9.499 -9.268 -9.270
-4.611 -6.430 -5.974 -5.639 -5.641
-3.152 -3.851 -4.339 -4.354 -4.130
-6.383 -8.911 -15.151 -10.307 -10.141
-4.697 -6.613 -11.158 -7.976 -7.973
-4.606 -5.623 -11.613 -8.501 -8.502
-3.110 -3.763 -3.921 -3.928 -3.927
-3.179 -3.822 -3.917 -3.928 -3.928
-3.921 -3.991 -4.054 -4.055 -4.056
-3.141 -3.874 -3.901 -3.909 -3.908
-5.038 -5.642 -5.812 -7.483 -7.483
-4.587 -6.729 -8.297 -8.360 -7.639
-3.045 -3.748 -3.909 -3.910 -3.910
-3.160 -3.875 -3.909 -3.910 -3.911
-5.055 -5.695 -5.812 -7.475 -7.475
-2.799 -4.690 -18.184 -12.707 -12.544
-4.466 -6.670 -12.407 -8.506 -8.506
-3.542 -5.005 -5.414 -6.156 -6.157
-2.967 -4.009 -7.429 -5.013 -5.063
-3.951 -6.441 -12.339 -8.361 -8.362
-1.638 -2.224 -3.121 -3.120 -2.935
-1.975 -2.514 -2.704 -2.840 -2.742
-4.401 -7.471 -15.985 -11.086 -10.646
-2.793 -7.462 -9.751 -9.934 -9.756
-4.585 -6.454 -12.024 -7.680 -7.942
-1.523 -1.805 -1.952 -2.010 -2.102
-1.258 -1.704 -1.956 -2.009 -2.100
-1.342 -1.697 -1.844 -1.960 -2.026
-4.747 -7.878 -12.033 -12.052 -11.897
-7.541 -10.458 -11.374 -12.013 -12.014
-5.542 -9.052 -9.706 -9.617 -9.863
-4.587 -6.846 -11.858 -8.040 -8.042
-4.387 -5.771 -5.877 -7.711 -7.710
-0.544 -0.701 -0.796 -1.008 -0.975
-0.509 -0.681 -0.802 -1.007 -0.980
-0.554 -0.715 -0.802 -0.952 -0.892
-3.074 -3.860 -3.907 -3.915 -3.916
-2.879 -3.621 -4.044 -4.050 -4.050
-3.098 -3.837 -3.926 -3.926 -3.926
-3.109 -3.821 -3.909 -3.909 -3.910
-3.157 -3.860 -3.925 -3.928 -3.928
1.162 -2.210 -4.035 -4.055 -4.056
-3.314 -3.433 -3.638 -3.642 -3.642
-3.178 -3.848 -3.925 -3.925 -3.924
-3.126 -3.874 -3.910 -3.914 -3.914
-3.425 -4.378 -4.043 -4.060 -4.061
-3.133 -3.849 -3.901 -3.910 -3.910
-3.195 -3.870 -3.922 -3.930 -3.929
-3.108 -3.861 -3.911 -3.917 -3.916
-3.284 -4.040 -4.414 -4.415 -4.196
-3.350 -4.094 -4.420 -4.420 -4.169
-3.196 -3.865 -3.920 -3.929 -3.929
-3.880 -3.952 -4.053 -4.060 -4.061
-3.117 -3.839 -3.924 -3.924 -3.923
-3.056 -3.808 -3.901 -3.925 -3.924
-3.129 -3.871 -3.918 -3.930 -3.930
-3.899 -3.962 -4.056 -4.057 -4.057
-2.381 -3.172 -3.772 -3.811 -3.997
-3.199 -4.001 -4.427 -4.428 -4.427
-2.617 -3.386 -6.018 -4.150 -4.150
-3.194 -3.959 -4.421 -4.428 -4.151
-2.603 -3.038 -3.317 -3.297 -3.298
-3.198 -3.882 -3.910 -3.908 -3.907
-3.159 -3.829 -3.925 -3.925 -3.925
-3.130 -3.872 -3.936 -3.936 -3.937
-3.093 -3.865 -3.895 -3.907 -3.907
-2.117 -2.514 -2.685 -2.685 -2.686
-1.817 -2.485 -3.090 -3.100 -2.938
-1.825 -2.505 -2.755 -2.756 -2.755
-2.527 -3.027 -3.122 -3.122 -2.947
-1.938 -2.738 -3.109 -3.110 -2.929
-2.172 -2.784 -2.956 -3.142 -3.142
-2.185 -2.423 -3.116 -3.117 -2.957
-2.192 -2.805 -2.926 -3.092 -3.092
-0.981 -1.301 -1.957 -1.891 -2.024
-1.539 -1.896 -1.951 -1.891 -1.999
-1.379 -1.733 -1.899 -1.886 -1.887
-1.349 -1.854 -1.957 -1.951 -2.000
-1.595 -1.855 -1.953 -2.007 -2.105
-0.497 -0.707 -0.832 -0.881 -0.881
-0.553 -0.760 -0.842 -0.932 -0.932
-0.473 -0.691 -0.810 -1.009 -0.977
-0.506 -0.822 -0.998 -1.119 -1.000
-0.497 -0.733 -0.831 -1.120 -1.011
-0.473 -0.745 -1.011 -1.120 -1.011
-1.359 -3.674 -9.210 -6.414 -6.053
-1.887 -4.457 -5.037 -5.038 -5.038
-3.757 -7.821 -9.565 -8.768 -8.773
-3.054 -4.749 -6.499 -4.797 -4.795
-4.096 -5.456 -5.794 -6.082 -6.084
-3.787 -4.762 -4.819 -4.820 -5.072
-3.635 -4.625 -5.318 -5.330 -5.331
-5.069 -6.979 -12.324 -8.370 -8.371
-4.620 -5.647 -5.805 -7.481 -7.481
-2.321 -5.303 -5.168 -5.723 -5.723
-3.964 -5.038 -6.025 -6.029 -6.179
-2.566 -3.565 -3.952 -4.009 -4.009
-1.679 -2.636 -4.040 -4.042 -4.042
-4.014 -6.689 -8.955 -8.715 -8.278
-3.139 -4.241 -5.051 -5.053 -5.053
-3.412 -4.517 -5.107 -5.256 -5.257
-3.302 -4.134 -4.428 -4.428 -4.160
-1.625 -2.716 -3.235 -2.717 -2.951
-3.397 -3.633 -4.422 -4.431 -4.158
-2.870 -3.599 -3.860 -3.635 -3.635
-2.885 -3.692 -4.034 -4.035 -4.048
-4.109 -6.260 -12.869 -8.818 -9.122
-6.625 -8.085 -8.667 -8.674 -8.308
-4.794 -5.659 -5.808 -7.474 -7.474
-4.582 -5.647 -5.805 -7.472 -7.473
-4.427 -5.570 -11.496 -8.473 -8.474
-3.089 -4.172 -5.092 -5.093 -5.093
-2.900 -4.116 -4.996 -4.997 -4.996
-3.497 -4.648 -5.217 -5.286 -5.286
-3.036 -4.275 -4.996 -5.005 -5.005
-2.589 -3.499 -4.286 -4.297 -4.297
-4.854 -6.968 -9.700 -7.002 -7.004
-3.110 -3.763 -3.921 -3.928 -3.927
-3.314 -3.433 -3.638 -3.642 -3.642
-3.179 -3.822 -3.917 -3.928 -3.928
-3.074 -3.860 -3.907 -3.915 -3.916
-3.921 -3.991 -4.054 -4.055 -4.056
-3.891 -4.867 -5.830 -7.540 -7.541
-2.266 -6.687 -8.544 -8.844 -8.433
-4.768 -5.698 -5.800 -7.467 -7.467
-4.944 -5.755 -11.525 -8.448 -8.450
-1.638 -2.224 -3.121 -3.120 -2.935
-4.655 -5.683 -5.812 -7.475 -7.475
-3.322 -4.260 -4.429 -4.429 -4.172
-4.366 -7.750 -9.488 -9.363 -9.292
-1.523 -1.805 -1.952 -2.010 -2.102
-1.258 -1.704 -1.956 -2.009 -2.100
-4.658 -7.045 -8.584 -8.484 -8.034
-4.632 -6.738 -8.498 -8.373 -8.075
-3.779 -5.399 -5.965 -5.966 -5.966
-5.665 -8.656 -10.312 -10.692 -10.183
-6.513 -8.365 -10.173 -10.517 -10.196
-5.206 -5.756 -5.861 -7.683 -7.684
-4.593 -5.640 -5.818 -7.492 -7.493
-4.484 -6.404 -12.009 -8.344 -8.326
-6.803 -9.348 -18.032 -12.927 -12.748
-0.544 -0.701 -0.796 -1.008 -0.975
-0.509 -0.681 -0.802 -1.007 -0.980
-0.554 -0.715 -0.802 -0.952 -0.892
-0.497 -0.733 -0.831 -1.120 -1.011
-0.473 -0.691 -0.810 -1.009 -0.977
-0.497 -0.707 -0.832 -0.881 -0.881
-4.896 -7.345 -9.644 -9.646 -9.392
-6.030 -8.597 -9.606 -9.440 -9.597
1.643 -0.120 -7.214 -7.224 -7.638
-2.575 -3.039 -3.117 -3.117 -2.922
-1.094 -1.535 -1.946 -2.009 -2.094
-1.246 -1.731 -1.950 -1.940 -2.005
-1.336 -1.738 -1.900 -1.884 -1.885
-2.520 -3.229 -3.715 -4.015 -3.728
-3.102 -3.851 -3.910 -3.912 -3.911
-3.103 -3.827 -3.903 -3.904 -3.903
-3.139 -3.820 -3.909 -3.909 -3.909
-2.529 -3.072 -3.114 -3.121 -2.929
-3.176 -3.870 -3.909 -3.908 -3.907
-3.213 -3.855 -3.926 -3.927 -3.927
-3.064 -3.812 -3.897 -3.920 -3.919
-3.183 -3.881 -3.915 -3.915 -3.915
-3.573 -4.329 -4.419 -4.419 -4.148
-2.171 -2.801 -2.941 -2.958 -2.952
-1.968 -2.601 -2.995 -3.152 -3.151
-3.339 -3.995 -4.244 -4.254 -4.253
-2.047 -2.568 -2.660 -2.673 -2.739
-0.430 -0.707 -0.861 -1.120 -1.024
-1.454 -1.799 -1.950 -2.006 -2.105
-0.472 -0.827 -1.010 -1.120 -1.026
-3.102 -3.877 -3.930 -3.931 -3.930
-3.149 -3.850 -3.915 -3.915 -3.915
-3.547 -4.278 -4.418 -4.419 -4.206
-3.100 -3.878 -3.928 -3.928 -3.928
-3.176 -3.873 -3.899 -3.931 -3.931
-1.153 -2.229 -4.599 -2.940 -3.051
-3.240 -4.033 -4.418 -4.419 -4.419
-3.266 -4.072 -4.374 -4.393 -4.104
-3.149 -3.839 -3.931 -3.931 -3.930
-2.393 -3.378 -6.073 -4.138 -4.138
-0.463 -0.691 -0.999 -1.121 -0.994
-0.469 -0.838 -0.998 -1.120 -1.017
-1.384 -1.705 -1.826 -1.951 -1.952
-1.323 -1.801 -1.958 -1.914 -1.915
-0.530 -0.689 -0.833 -0.931 -0.931
-0.472 -0.677 -0.989 -1.122 -1.015
-0.563 -0.717 -0.828 -1.115 -1.003
-0.514 -0.795 -0.827 -1.121 -0.965
-0.482 -0.837 -0.988 -1.119 -0.994
-0.507 -0.680 -0.815 -1.115 -1.016
-0.357 -0.562 -0.980 -1.121 -1.022
-0.529 -0.762 -1.056 -1.101 -1.035
-2.469 -3.173 -3.726 -3.861 -4.103
-2.551 -3.751 -4.268 -4.289 -4.290
-1.359 -3.674 -9.210 -6.414 -6.053
-3.632 -5.210 -5.648 -5.656 -5.656
-4.425 -5.548 -5.788 -6.144 -6.145
-1.588 -4.956 -5.027 -5.039 -5.039
-1.684 -4.941 -5.048 -5.049 -5.048
-3.123 -4.685 -5.335 -5.521 -5.521
13.612 -2.525 -7.992 -8.003 -7.966
-4.716 -5.673 -5.810 -7.478 -7.478
-4.525 -5.671 -9.372 -7.630 -7.977
-3.746 -5.267 -6.033 -6.038 -6.196
-2.570 -4.857 -5.292 -6.021 -6.021
-1.332 -3.832 -4.296 -4.315 -4.315
-3.660 -4.841 -5.310 -5.310 -5.310
-3.068 -3.858 -3.893 -3.905 -3.905
-3.301 -3.622 -4.024 -4.025 -4.010
-3.173 -3.870 -3.917 -3.918 -3.918
-3.087 -3.870 -3.923 -3.924 -3.923
-3.144 -3.829 -3.897 -3.917 -3.916
-3.607 -4.282 -4.427 -4.427 -4.214
-3.950 -3.957 -4.047 -4.056 -4.056
-4.773 -5.611 -5.800 -7.473 -7.473
-3.604 -5.441 -7.332 -7.071 -6.610
-4.308 -6.193 -6.290 -5.987 -6.120
-4.005 -5.474 -6.104 -6.294 -6.306
-3.152 -4.246 -5.070 -5.071 -5.070
-3.401 -4.557 -5.288 -5.300 -5.301
-3.166 -4.065 -6.860 -5.288 -4.944
-1.799 -3.845 -4.260 -4.287 -4.287
-3.744 -4.686 -6.309 -3.958 -3.840
-2.816 -4.474 -5.038 -5.057 -5.056
-1.290 -2.831 -3.256 -3.253 -3.584
-3.162 -3.892 -4.418 -4.426 -4.222
-3.108 -3.877 -3.900 -3.913 -3.913
-3.183 -3.881 -3.915 -3.915 -3.915
-3.110 -3.763 -3.921 -3.928 -3.927
-3.314 -3.433 -3.638 -3.642 -3.642
-3.192 -3.890 -3.915 -3.916 -3.915
-3.108 -3.829 -3.927 -3.931 -3.930
-3.231 -3.861 -3.922 -3.929 -3.929
-4.813 -6.741 -8.836 -8.356 -8.357
-3.064 -3.812 -3.897 -3.920 -3.919
-4.256 -6.556 -12.298 -7.910 -8.130
-3.921 -3.991 -4.054 -4.055 -4.056
-1.638 -2.224 -3.121 -3.120 -2.935
-5.392 -7.179 -8.006 -8.036 -8.036
-1.523 -1.805 -1.952 -2.010 -2.102
-2.207 -3.418 -5.409 -5.422 -5.422
-0.977 -3.544 -8.717 -5.680 -5.847
-4.599 -6.351 -6.250 -5.894 -5.983
-3.094 -3.821 -3.915 -3.915 -3.915
-1.055 -3.735 -4.145 -4.107 -4.108
-0.902 -3.755 -4.222 -4.226 -4.228
-1.258 -1.704 -1.956 -2.009 -2.100
-6.788 -8.074 -9.111 -8.835 -8.836
-1.354 -5.001 -6.305 -6.322 -6.322
-0.544 -0.701 -0.796 -1.008 -0.975
-0.509 -0.681 -0.802 -1.007 -0.980
-8.485 -10.746 -11.039 -11.053 -11.371
-2.389 -5.701 -8.116 -8.401 -8.489
-0.469 -0.838 -0.998 -1.120 -1.017
-0.529 -0.762 -1.056 -1.101 -1.035
-0.554 -0.715 -0.802 -0.952 -0.892
-0.473 -0.691 -0.810 -1.009 -0.977
-2.218 -6.869 -8.045 -7.741 -7.740
-3.929 -3.921 -4.039 -4.054 -4.054
-3.124 -3.813 -3.914 -3.922 -3.922
-3.196 -3.846 -3.895 -3.913 -3.912
-3.196 -3.877 -3.915 -3.922 -3.922
-3.580 -4.263 -4.426 -4.427 -4.225
-2.929 -3.646 -3.631 -3.631 -3.632
-3.161 -3.875 -3.930 -3.930 -3.931
-3.265 -4.000 -4.431 -4.431 -4.229
-1.292 -1.725 -1.948 -1.959 -2.009
-1.383 -1.905 -1.947 -2.009 -2.097
-3.105 -3.883 -3.919 -3.925 -3.924
-1.225 -1.619 -1.945 -1.957 -1.956
-3.293 -4.032 -4.421 -4.422 -4.140
-1.865 -2.458 -3.022 -3.036 -2.975
-1.782 -2.379 -3.120 -3.124 -2.934
-3.221 -3.972 -4.425 -4.425 -4.225
-3.122 -3.848 -3.908 -3.909 -3.907
-1.930 -2.584 -2.937 -3.141 -3.143
-1.857 -2.360 -3.119 -3.120 -2.945
-1.866 -2.549 -3.107 -3.112 -2.932
-2.106 -2.726 -2.770 -2.829 -2.829
-2.909 -3.501 -3.856 -3.631 -3.633
-3.042 -3.808 -4.185 -4.198 -4.199
-2.531 -3.066 -3.118 -3.119 -2.914
-2.431 -3.034 -3.077 -3.103 -2.908
-1.717 -2.278 -2.941 -2.942 -2.998
-1.464 -1.833 -1.947 -2.010 -2.101
-1.609 -1.853 -1.956 -2.007 -2.095
-1.515 -1.818 -1.911 -2.106 -2.106
-2.886 -3.757 -4.429 -4.430 -4.159
-2.141 -2.624 -2.794 -2.958 -2.934
8.435 -1.544 -3.563 -2.796 -2.796
-2.053 -3.013 -3.994 -3.741 -3.743
-2.532 -3.062 -3.115 -3.124 -2.926
-0.772 -1.488 -1.951 -1.852 -1.853
-0.466 -0.658 -0.991 -1.120 -1.016
-0.380 -0.575 -1.056 -1.119 -1.011
-0.406 -0.550 -1.056 -1.115 -1.015
-0.546 -0.717 -0.836 -0.908 -0.908
-0.534 -0.694 -0.700 -1.122 -1.018
-0.461 -0.639 -0.988 -1.120 -1.012
-0.335 -0.538 -0.991 -1.121 -1.019
-0.461 -0.678 -0.811 -1.011 -0.955
-0.480 -0.832 -1.006 -1.120 -1.018
-0.325 -0.995 -1.111 -1.122 -1.032
-3.224 -6.421 -10.816 -8.852 -8.852
-1.359 -3.674 -9.210 -6.414 -6.053
-3.565 -4.573 -5.126 -5.144 -5.144
-3.780 -4.735 -4.813 -4.814 -5.081
-3.219 -4.715 -5.391 -5.477 -5.478
-3.701 -4.676 -5.326 -5.327 -5.326
-3.692 -4.614 -5.325 -5.334 -5.334
-3.769 -4.655 -5.006 -5.239 -5.305
-3.005 -4.168 -4.995 -5.017 -5.019
-3.499 -4.361 -4.988 -5.199 -5.255
-3.350 -4.053 -4.418 -4.424 -4.150
-3.067 -3.912 -4.256 -4.277 -4.276
-3.206 -3.898 -4.422 -4.422 -4.216
-2.464 -3.427 -3.911 -3.912 -3.912
-3.248 -3.598 -4.428 -4.428 -4.428
-2.260 -2.967 -5.675 -3.987 -3.988
36.884 1.843 -3.899 -4.063 -3.786
-4.362 -5.471 -6.006 -6.012 -6.143
-2.384 -3.578 -4.035 -4.036 -4.035
-2.907 -3.572 -3.854 -3.637 -3.637
-3.182 -3.859 -3.912 -3.912 -3.912
-3.203 -3.872 -3.929 -3.929 -3.929
-3.211 -3.838 -3.926 -3.926 -3.926
-3.167 -3.886 -3.918 -3.928 -3.929
-3.166 -3.837 -3.931 -3.931 -3.930
-3.171 -3.838 -3.883 -3.909 -3.908
-3.972 -3.948 -4.059 -4.059 -4.060
-4.657 -6.843 -8.262 -7.519 -7.826
-3.183 -3.881 -3.915 -3.915 -3.915
-3.110 -3.763 -3.921 -3.928 -3.927
-3.176 -3.882 -3.924 -3.924 -3.924
-3.144 -3.829 -3.897 -3.917 -3.916
-3.314 -3.433 -3.638 -3.642 -3.642
-3.150 -3.883 -3.921 -3.925 -3.925
-3.064 -3.812 -3.897 -3.920 -3.919
-3.921 -3.991 -4.054 -4.055 -4.056
-3.176 -3.844 -3.919 -3.930 -3.929
-2.859 -3.611 -3.859 -3.639 -3.638
-4.475 -6.213 -11.818 -8.471 -8.252
-1.804 -5.956 -8.767 -8.774 -8.345
-4.607 -5.678 -5.808 -7.468 -7.468
-2.886 -4.689 -8.695 -5.713 -5.632
-4.634 -7.249 -14.645 -9.811 -9.813
-1.638 -2.224 -3.121 -3.120 -2.935
-4.681 -5.607 -6.433 -6.408 -7.211
-3.119 -6.139 -12.295 -8.374 -8.375
0.797 -3.554 -6.501 -6.503 -6.502
-4.637 -6.682 -8.862 -8.776 -8.307
-4.698 -5.587 -5.796 -7.472 -7.473
-4.563 -5.652 -5.813 -7.474 -7.474
-4.698 -5.653 -5.805 -7.471 -7.471
-3.123 -3.876 -3.908 -3.907 -3.907
-5.591 -5.537 -12.427 -8.432 -8.431
-1.523 -1.805 -1.952 -2.010 -2.102
-4.108 -5.081 -14.669 -8.304 -8.326
-4.505 -5.323 -6.821 -6.699 -6.697
-1.349 -2.803 -4.110 -4.122 -4.121
-5.714 -8.216 -9.607 -9.629 -9.495
-5.476 -7.941 -9.882 -9.326 -9.324
-0.544 -0.701 -0.796 -1.008 -0.975
-0.509 -0.681 -0.802 -1.007 -0.980
-0.469 -0.838 -0.998 -1.120 -1.017
-0.529 -0.762 -1.056 -1.101 -1.035
-0.461 -0.678 -0.811 -1.011 -0.955
-0.554 -0.715 -0.802 -0.952 -0.892
-6.577 -9.675 -11.452 -10.077 -10.079
-2.167 -2.723 -2.771 -2.969 -2.939
-2.607 -3.341 -3.616 -3.626 -3.625
-4.000 -3.927 -4.057 -4.061 -4.062
-2.672 -3.622 -3.821 -3.840 -3.928
-3.326 -4.108 -4.423 -4.430 -4.149
-2.176 -2.817 -3.123 -3.123 -2.938
-1.920 -2.569 -2.651 -2.658 -2.658
-2.121 -2.661 -2.970 -3.153 -3.154
-1.798 -2.902 -3.058 -3.075 -3.022
-2.048 -2.599 -2.707 -2.709 -2.698
-2.201 -2.791 -3.105 -3.114 -2.924
-2.156 -2.716 -3.103 -3.111 -2.949
-1.780 -2.430 -3.116 -3.123 -2.939
-2.182 -2.774 -3.124 -3.124 -2.936
-1.380 -1.789 -1.940 -1.949 -1.979
-0.971 -1.573 -1.949 -2.031 -1.940
-0.355 -0.664 -0.826 -1.121 -0.992
-1.492 -1.867 -1.949 -2.007 -2.104
-1.592 -1.815 -1.951 -2.011 -2.099
-0.517 -0.666 -0.833 -1.121 -1.010
-3.156 -3.848 -3.926 -3.926 -3.927
-3.287 -4.110 -4.427 -4.427 -4.164
-3.392 -4.141 -4.429 -4.429 -4.218
-3.144 -3.901 -3.949 -3.960 -3.961
-3.126 -4.384 -3.945 -3.973 -3.972
-3.201 -3.790 -3.951 -4.038 -4.038
-3.233 -4.025 -4.234 -4.236 -4.237
-2.837 -3.605 -3.871 -3.899 -3.899
-3.197 -3.909 -4.399 -4.411 -4.411
-2.537 -3.357 -3.801 -3.828 -3.830
-2.048 -2.551 -2.699 -2.903 -2.847
-2.016 -2.857 -3.107 -3.108 -2.927
-1.911 -2.465 -2.709 -2.928 -2.914
-2.182 -2.798 -2.808 -2.973 -2.919
-2.147 -2.715 -3.109 -3.110 -2.953
-2.843 -3.658 -4.399 -4.409 -4.122
-0.910 -1.472 -1.953 -1.847 -1.971
-0.387 -0.597 -1.105 -1.118 -1.015
-0.641 -1.435 -1.958 -1.985 -1.985
-0.989 -1.431 -2.422 -2.113 -2.087
-0.529 -0.669 -1.118 -1.119 -1.000
-0.529 -0.678 -1.004 -1.123 -1.029
-0.529 -0.692 -0.807 -1.010 -0.922
-0.895 -1.533 -1.876 -2.029 -2.025
-1.592 -1.781 -1.958 -1.952 -1.981
-2.682 -3.566 -3.779 -3.820 -3.821
-0.456 -0.652 -1.000 -1.116 -1.021
-0.346 -0.853 -1.113 -1.123 -1.020
-1.359 -3.674 -9.210 -6.414 -6.053
-1.705 -3.925 -8.989 -6.191 -6.191
-4.595 -5.493 -8.383 -6.443 -6.052
-2.867 -4.797 -6.051 -6.341 -6.348
-4.198 -5.459 -6.304 -6.012 -6.160
-2.420 -5.006 -9.208 -6.227 -5.938
-3.533 -5.141 -5.899 -6.214 -6.214
-4.451 -5.467 -5.806 -6.142 -6.143
-3.228 -4.499 -5.032 -5.040 -5.039
-4.371 -5.425 -6.040 -5.752 -5.936
-4.208 -5.401 -5.771 -6.129 -6.130
-3.239 -3.900 -3.944 -4.118 -4.115
-4.534 -5.631 -5.811 -7.481 -7.481
-3.409 -5.364 -6.200 -6.340 -6.364
-1.276 -4.755 -5.726 -6.471 -6.469
-4.682 -6.343 -6.254 -5.917 -6.016
-3.814 -4.635 -5.325 -5.325 -5.325
-2.468 -2.949 -3.740 -3.774 -3.827
-2.840 -6.665 -8.837 -8.755 -8.304
-4.579 -5.547 -5.813 -7.485 -7.486
-3.174 -3.881 -3.926 -3.927 -3.927
-3.450 -4.195 -4.371 -4.398 -4.115
-2.837 -3.100 -3.812 -4.147 -4.147
-3.176 -4.565 -4.048 -4.049 -4.050
-3.256 -3.877 -3.928 -3.928 -3.928
-3.146 -3.849 -3.910 -3.910 -3.910
-4.666 -5.733 -5.876 -7.812 -7.811
-3.129 -3.882 -4.432 -4.432 -4.223
-3.103 -3.893 -4.429 -4.429 -4.157
-2.846 -3.839 -4.403 -4.411 -4.128
-2.374 -3.607 -4.344 -4.396 -4.179
-2.790 -3.633 -3.883 -3.988 -3.956
-3.183 -3.881 -3.915 -3.915 -3.915
-3.096 -3.855 -3.922 -3.926 -3.926
-2.870 -3.666 -3.637 -3.639 -3.639
-3.237 -3.880 -3.929 -3.929 -3.928
-3.890 -3.935 -4.026 -4.051 -4.050
-3.058 -3.866 -3.924 -3.928 -3.928
-3.086 -3.850 -3.914 -3.914 -3.915
-3.163 -3.844 -3.933 -3.933 -3.933
-7.648 -9.578 -10.797 -10.811 -10.813
-3.110 -3.763 -3.921 -3.928 -3.927
-3.976 -5.335 -6.227 -5.634 -5.929
-3.144 -3.829 -3.897 -3.917 -3.916
-3.314 -3.433 -3.638 -3.642 -3.642
-3.064 -3.812 -3.897 -3.920 -3.919
-3.189 -3.832 -3.900 -3.912 -3.912
-3.185 -3.846 -3.923 -3.930 -3.929
-1.638 -2.224 -3.121 -3.120 -2.935
-3.977 -6.487 -12.854 -10.110 -9.373
-1.523 -1.805 -1.952 -2.010 -2.102
-8.984 -10.764 -12.933 -12.922 -12.609
-3.048 -7.298 -7.912 -7.927 -7.926
-6.066 -8.870 -18.169 -12.417 -12.327
-2.282 -7.268 -9.499 -9.700 -9.319
-4.515 -8.399 -10.591 -10.625 -10.744
-6.006 -9.236 -11.636 -11.700 -11.700
-0.529 -0.692 -0.807 -1.010 -0.922
-0.544 -0.701 -0.796 -1.008 -0.975
-0.509 -0.681 -0.802 -1.007 -0.980
-0.469 -0.838 -0.998 -1.120 -1.017
-0.529 -0.762 -1.056 -1.101 -1.035
-0.461 -0.678 -0.811 -1.011 -0.955
-0.554 -0.715 -0.802 -0.952 -0.892
-2.093 -3.794 -12.231 -12.028 -12.028
-3.132 -3.857 -3.914 -3.914 -3.914
-3.186 -3.870 -3.922 -3.923 -3.923
-3.210 -3.968 -4.426 -4.427 -4.211
-2.554 -3.604 -3.856 -3.868 -3.851
-3.610 -4.295 -4.428 -4.428 -4.215
-3.131 -3.849 -3.914 -3.914 -3.914
-3.078 -3.853 -4.056 -4.057 -4.057
-3.238 -3.998 -4.430 -4.431 -4.226
-3.145 -3.858 -3.925 -3.925 -3.925
-3.183 -3.865 -3.913 -3.912 -3.912
-3.156 -3.981 -4.418 -4.419 -4.151
-0.588 -0.758 -0.833 -1.115 -1.019
-0.460 -0.837 -0.994 -0.931 -0.931
-0.745 -1.462 -1.958 -1.876 -2.001
-3.090 -3.804 -3.932 -3.945 -3.944
-3.187 -3.874 -3.929 -3.929 -3.929
-1.209 -1.624 -1.954 -2.031 -1.932
-3.217 -3.861 -3.925 -3.936 -3.937
-3.076 -3.901 -4.237 -4.247 -4.247
-3.129 -3.977 -4.424 -4.425 -4.209
-1.162 -1.420 -1.452 -1.910 -1.910
-1.570 -1.816 -1.947 -2.009 -2.095
-1.621 -1.840 -1.953 -2.009 -2.100
-2.833 -3.678 -4.431 -4.432 -4.432
-2.013 -2.627 -2.810 -2.814 -2.815
-1.619 -2.527 -2.738 -2.746 -2.746
-2.133 -2.690 -2.835 -2.836 -2.837
-2.024 -2.642 -3.120 -3.121 -2.944
-1.294 -1.711 -1.957 -1.978 -2.099
-2.101 -2.721 -3.117 -3.117 -2.908
-0.373 -0.869 -1.052 -1.120 -1.019
-3.135 -3.892 -3.936 -3.958 -3.960
-3.194 -3.980 -4.318 -4.401 -4.191
-3.195 -3.964 -4.100 -4.137 -4.137
-2.016 -3.469 -6.091 -4.114 -4.113
-2.025 -2.659 -2.695 -2.728 -2.726
-3.167 -4.037 -4.405 -4.421 -4.143
-2.231 -2.804 -2.865 -3.018 -2.908
-2.504 -3.054 -3.117 -3.118 -2.941
-2.513 -3.062 -3.112 -3.114 -2.912
-0.800 -2.495 -3.116 -3.116 -2.940
-2.616 -3.392 -4.028 -4.175 -4.176
-2.162 -3.092 -3.620 -3.997 -3.997
-0.459 -0.712 -0.812 -1.010 -0.936
-0.481 -0.726 -0.906 -0.933 -0.933
-0.486 -0.727 -1.008 -1.121 -0.995
-0.470 -0.672 -0.903 -0.935 -0.935
-1.359 -3.674 -9.210 -6.414 -6.053
-3.238 -3.883 -4.431 -4.432 -4.162
-3.141 -3.880 -4.252 -4.252 -4.251
-3.118 -3.874 -3.908 -3.918 -3.918
-3.004 -4.409 -4.032 -4.038 -4.007
-2.804 -3.505 -3.975 -4.042 -4.041
-3.086 -3.874 -3.925 -3.925 -3.924
-3.055 -3.865 -3.915 -3.930 -3.930
-3.177 -3.869 -3.915 -3.929 -3.929
-3.124 -5.155 -5.896 -5.947 -6.010
-4.685 -5.494 -6.285 -6.040 -5.962
7.436 -0.628 -5.004 -5.018 -5.018
-3.091 -4.521 -4.826 -4.831 -4.888
-3.161 -3.968 -4.425 -4.433 -4.166
-3.337 -4.167 -4.429 -4.430 -4.159
-1.428 -3.031 -3.878 -4.062 -4.063
-2.180 -3.244 -3.532 -3.325 -3.326
-3.142 -3.871 -3.901 -3.913 -3.914
-3.155 -3.874 -3.906 -3.912 -3.913
-3.213 -3.843 -3.905 -3.906 -3.906
-3.241 -3.848 -3.918 -3.919 -3.918
-3.241 -3.846 -3.915 -3.916 -3.915
-3.129 -3.854 -3.938 -3.938 -3.938
-3.092 -3.851 -3.925 -3.932 -3.931
-3.155 -3.882 -3.921 -3.928 -3.928
-6.455 -6.957 -8.669 -8.442 -7.975
-2.991 -4.369 -5.063 -5.075 -5.075
-3.183 -3.881 -3.915 -3.915 -3.915
-3.110 -3.763 -3.921 -3.928 -3.927
-3.144 -3.829 -3.897 -3.917 -3.916
-3.314 -3.433 -3.638 -3.642 -3.642
-3.177 -3.857 -3.910 -3.916 -3.916
-3.064 -3.812 -3.897 -3.920 -3.919
-3.129 -3.882 -4.432 -4.432 -4.223
-3.177 -3.876 -3.928 -3.928 -3.928
-3.050 -3.858 -3.907 -3.921 -3.921
-3.149 -3.870 -3.926 -3.927 -3.927
-3.209 -3.881 -3.901 -3.911 -3.911
-3.113 -3.861 -3.933 -3.934 -3.935
-6.539 -8.354 -9.343 -9.731 -9.732
-4.544 -6.614 -14.818 -10.326 -10.257
-6.068 -8.050 -8.219 -8.036 -8.042
-4.683 -5.390 -12.391 -8.542 -8.543
-4.089 -6.400 -8.473 -8.312 -7.710
-3.425 -4.623 -6.204 -6.371 -6.369
-3.569 -4.270 -4.401 -4.412 -4.413
-1.733 -4.417 -7.607 -5.207 -5.264
-3.518 -4.545 -7.667 -5.347 -5.347
-1.638 -2.224 -3.121 -3.120 -2.935
-3.213 -3.849 -3.890 -3.903 -3.903
-2.869 -3.617 -3.874 -3.660 -3.661
-1.162 -1.420 -1.452 -1.910 -1.910
-2.701 -5.250 -5.967 -6.213 -6.213
-4.550 -6.815 -10.187 -6.737 -6.809
-5.757 -7.348 -8.490 -8.539 -8.234
2.575 1.306 4.371 -5.254 -5.256
-0.529 -0.692 -0.807 -1.010 -0.922
-0.544 -0.701 -0.796 -1.008 -0.975
-0.509 -0.681 -0.802 -1.007 -0.980
-5.677 -7.549 -17.767 -11.699 -11.701
-0.469 -0.838 -0.998 -1.120 -1.017
-0.529 -0.762 -1.056 -1.101 -1.035
-0.461 -0.678 -0.811 -1.011 -0.955
-2.191 -2.817 -3.067 -3.087 -2.904
-2.115 -2.723 -3.123 -3.123 -2.929
-2.876 -3.621 -3.857 -3.650 -3.651
-3.483 -3.787 -4.394 -4.404 -4.126
-1.818 -2.488 -3.114 -3.115 -2.958
-3.129 -3.847 -3.925 -3.930 -3.930
-1.061 -2.113 -2.840 -2.840 -2.840
-2.522 -3.072 -3.118 -3.119 -2.935
-1.069 -1.387 -1.709 -2.076 -2.077
-0.861 -1.563 -1.955 -1.830 -1.832
-1.862 -2.517 -2.988 -2.997 -3.074
-1.138 -1.805 -1.691 -1.995 -1.995
-1.514 -1.796 -1.953 -2.010 -2.101
-1.458 -1.795 -1.950 -2.008 -2.105
-1.212 -1.706 -1.808 -2.061 -2.061
-3.169 -3.885 -3.920 -3.930 -3.930
-3.118 -3.869 -3.913 -3.918 -3.918
-0.529 -0.714 -0.829 -1.120 -1.018
-0.323 -0.876 -0.981 -1.117 -1.017
-0.505 -0.707 -0.801 -1.011 -0.943
-0.516 -0.709 -0.822 -0.929 -0.929
-0.454 -0.841 -1.011 -1.121 -1.011
-0.474 -0.850 -1.001 -1.122 -1.020
-0.375 -0.866 -1.057 -1.117 -1.012
-0.397 -0.868 -1.054 -1.098 -1.022
-0.401 -0.539 -1.113 -1.119 -1.015
-0.457 -0.723 -0.818 -1.121 -1.015
-0.516 -0.719 -0.825 -1.119 -1.006
-1.639 -1.753 -1.936 -1.932 -1.972
-1.949 -2.435 -2.702 -2.713 -2.714
-0.375 -0.859 -1.054 -1.100 -1.040
-2.036 -2.487 -2.697 -2.915 -2.886
-0.454 -0.711 -0.820 -1.118 -1.017
-0.474 -0.981 -1.003 -1.122 -1.020
-3.216 -3.958 -3.991 -4.031 -4.032
-3.241 -3.971 -4.044 -4.142 -4.142
-2.332 -3.183 -4.745 -4.332 -4.162
-1.893 -3.317 -3.928 -4.178 -4.177
-3.226 -4.047 -4.385 -4.398 -4.190
-3.340 -4.078 -4.424 -4.424 -4.144
-3.254 -3.939 -4.227 -4.238 -4.238
-3.120 -4.332 -3.969 -3.979 -3.979
-1.700 -2.530 -3.116 -3.117 -2.926
-1.948 -2.527 -3.123 -3.123 -2.940
-0.513 -0.673 -0.816 -1.120 -0.999
-0.505 -0.784 -0.836 -1.119 -0.989
-2.243 -3.391 -10.998 -10.667 -10.696
-8.499 -10.966 -12.681 -12.691 -12.617
-1.359 -3.674 -9.210 -6.414 -6.053
-4.418 -5.580 -5.821 -6.144 -6.144
-4.347 -5.522 -5.807 -6.128 -6.129
-3.258 -4.034 -4.430 -4.430 -4.149
-3.147 -3.837 -3.909 -3.910 -3.909
-5.261 -6.444 -12.199 -8.432 -8.431
-4.418 -5.483 -7.841 -6.188 -5.479
-3.536 -4.159 -7.386 -4.918 -4.910
-3.203 -3.871 -3.930 -3.930 -3.930
-3.046 -3.867 -3.903 -3.904 -3.904
-2.916 -3.979 -5.112 -5.126 -5.125
-2.950 -3.096 -3.915 -4.114 -4.115
-3.029 -3.791 -4.162 -4.177 -4.175
-3.056 -3.834 -3.911 -3.916 -3.917
-3.056 -3.821 -3.907 -3.909 -3.909
-3.611 -4.306 -4.422 -4.423 -4.120
-3.109 -3.857 -3.917 -3.918 -3.918
-3.171 -3.843 -3.926 -3.927 -3.927
-3.703 -6.498 -8.804 -8.106 -8.108
-5.601 -8.115 -8.457 -7.864 -7.864
-6.671 -8.210 -8.771 -8.774 -8.342
-3.183 -3.881 -3.915 -3.915 -3.915
-1.980 -3.536 -5.133 -4.285 -4.286
-3.110 -3.763 -3.921 -3.928 -3.927
-3.144 -3.829 -3.897 -3.917 -3.916
-3.314 -3.433 -3.638 -3.642 -3.642
-3.051 -3.840 -3.927 -3.931 -3.930
-3.655 -4.213 -4.426 -4.427 -4.209
-3.611 -4.332 -4.414 -4.426 -4.142
-3.064 -3.812 -3.897 -3.920 -3.919
-3.580 -4.325 -4.426 -4.427 -4.132
-3.109 -3.857 -3.910 -3.911 -3.913
-3.207 -3.844 -3.918 -3.926 -3.926
-3.145 -3.868 -3.928 -3.928 -3.928
-3.166 -3.857 -3.895 -3.910 -3.909
-4.219 -6.596 -12.255 -8.295 -8.296
-3.448 -5.085 -5.523 -5.539 -6.096
-3.270 -6.142 -7.281 -7.281 -7.281
0.310 -3.196 -10.786 -6.992 -6.992
-2.956 -3.710 -3.913 -3.669 -3.669
-3.156 -3.825 -3.924 -3.925 -3.924
-3.109 -3.862 -3.891 -3.910 -3.912
-3.179 -3.867 -3.925 -3.926 -3.926
-3.166 -3.863 -3.914 -3.914 -3.913
-1.162 -1.420 -1.452 -1.910 -1.910
-2.850 -3.582 -3.889 -3.635 -3.636
-3.207 -3.802 -4.049 -4.055 -4.055
-3.082 -3.879 -3.913 -3.913 -3.913
-3.313 -4.124 -4.346 -4.374 -4.065
-2.854 -3.818 -4.418 -4.425 -4.146
-2.682 -3.502 -4.426 -4.427 -4.426
-4.694 -5.653 -5.809 -7.475 -7.476
-3.035 -4.299 -4.704 -6.194 -6.195
-6.893 -9.314 -17.845 -11.861 -11.862
-8.095 -10.021 -16.803 -11.519 -11.518
-7.601 -8.396 -10.492 -10.342 -10.341
-6.800 -9.443 -15.007 -10.273 -10.443
-0.529 -0.692 -0.807 -1.010 -0.922
-0.544 -0.701 -0.796 -1.008 -0.975
-0.505 -0.707 -0.801 -1.011 -0.943
-0.509 -0.681 -0.802 -1.007 -0.980
-0.375 -0.859 -1.054 -1.100 -1.040
-0.323 -0.876 -0.981 -1.117 -1.017
-0.469 -0.838 -0.998 -1.120 -1.017
-0.516 -0.719 -0.825 -1.119 -1.006
-1.866 -2.501 -2.936 -3.128 -3.129
-1.626 -1.819 -1.952 -1.871 -2.009
-1.576 -1.885 -1.950 -1.955 -2.093
-2.313 -2.875 -3.116 -3.123 -2.924
-3.067 -3.653 -4.428 -4.429 -4.217
-1.311 -1.782 -1.954 -1.825 -1.826
-1.521 -2.437 -2.961 -2.683 -2.823
-1.084 -1.544 -2.663 -1.781 -1.783
-3.241 -4.027 -4.325 -4.342 -4.114
-2.717 -3.982 -3.977 -3.978 -4.029
-3.176 -3.870 -4.427 -4.428 -4.216
-2.506 -3.214 -3.871 -4.182 -4.182
-2.774 -3.585 -4.422 -4.428 -4.157
-2.274 -3.300 -3.944 -3.954 -3.953
-2.855 -3.914 -3.787 -3.797 -3.796
-2.196 -2.430 -2.914 -2.926 -2.991
-1.818 -2.394 -3.120 -3.121 -2.922
-1.952 -2.531 -2.991 -3.161 -3.161
-2.012 -2.620 -3.020 -3.040 -2.973
-0.548 -0.778 -0.833 -0.931 -0.931
-1.937 -2.545 -2.890 -2.898 -2.921
-1.608 -2.666 -2.701 -3.152 -3.152
-1.249 -1.662 -1.953 -1.833 -1.835
-0.939 -1.498 -1.959 -2.058 -1.949
-2.070 -2.646 -3.109 -3.115 -2.938
-0.528 -1.299 -1.859 -1.823 -1.921
-1.177 -1.621 -1.946 -1.962 -2.008
-0.584 -0.782 -1.010 -1.121 -0.998
-0.463 -0.628 -0.995 -0.924 -0.924
-0.432 -0.861 -0.998 -1.100 -1.034
-2.887 -3.632 -3.839 -3.839 -3.837
-2.063 -3.159 -3.991 -4.225 -4.225
-1.977 -2.671 -2.726 -2.755 -2.669
-1.307 -1.714 -1.815 -1.854 -1.872
-0.445 -0.728 -0.934 -0.932 -0.932
-0.406 -0.901 -1.102 -1.121 -1.016
-1.256 -1.566 -2.037 -2.078 -2.079
-0.419 -0.893 -1.101 -1.120 -1.017
-0.772 -1.457 -1.966 -1.934 -1.936
-0.485 -0.766 -1.010 -1.122 -1.024
-0.556 -0.753 -0.809 -1.010 -0.936
-0.450 -0.714 -0.904 -0.932 -0.932
-0.419 -0.889 -0.985 -1.117 -1.017
-0.330 -1.095 -1.109 -1.122 -1.034
-0.432 -0.698 -1.000 -0.932 -0.932
-2.660 -3.403 -6.016 -4.067 -4.067
-0.432 -0.681 -0.905 -0.928 -0.928
-0.513 -0.688 -0.836 -0.849 -0.850
-0.463 -0.968 -1.058 -1.116 -1.012
-1.359 -3.674 -9.210 -6.414 -6.053
-4.195 -5.502 -5.812 -6.173 -6.173
-3.479 -4.721 -6.013 -6.297 -6.297
-3.349 -4.165 -4.421 -4.428 -4.222
-3.105 -4.359 -5.068 -5.069 -5.069
-3.620 -4.566 -5.101 -5.107 -5.108
-3.749 -4.686 -5.315 -5.332 -5.332
-2.799 -4.011 -3.701 -3.709 -4.001
-2.312 -3.303 -3.892 -3.907 -3.907
-2.144 -2.912 -6.198 -4.246 -4.246
-2.939 -3.720 -4.419 -4.427 -4.151
-3.330 -4.238 -4.418 -4.426 -4.152
-2.006 -3.402 -3.555 -3.769 -3.772
-3.238 -3.922 -4.432 -4.432 -4.230
-2.464 -3.194 -3.772 -3.782 -3.782
0.200 -2.115 -3.257 -3.259 -3.259
-1.970 -5.170 -6.368 -6.368 -6.367
-3.371 -4.814 -6.240 -6.344 -6.351
-3.703 -4.628 -5.328 -5.329 -5.329
-3.083 -4.649 -5.275 -5.284 -5.285
-2.952 -3.948 -4.409 -4.537 -4.557
-3.183 -3.881 -3.915 -3.915 -3.915
-3.110 -3.763 -3.921 -3.928 -3.927
-3.144 -3.829 -3.897 -3.917 -3.916
-3.314 -3.433 -3.638 -3.642 -3.642
-3.064 -3.812 -3.897 -3.920 -3.919
-2.211 -2.579 -4.247 -4.248 -4.248
-3.175 -3.868 -3.897 -3.913 -3.913
-3.173 -3.869 -3.907 -3.913 -3.912
-3.058 -3.854 -3.907 -3.918 -3.918
-3.154 -3.872 -3.928 -3.928 -3.927
-3.160 -3.866 -3.896 -3.908 -3.908
-3.133 -3.855 -3.919 -3.925 -3.924
-3.540 -4.321 -4.422 -4.423 -4.129
-3.057 -3.885 -3.931 -3.931 -3.931
-3.142 -3.867 -3.900 -3.900 -3.902
-3.317 -4.116 -4.424 -4.430 -4.222
-3.031 -3.865 -4.424 -4.425 -4.153
-3.230 -4.071 -4.429 -4.430 -4.228
-2.290 -4.830 -6.368 -6.376 -6.377
-3.878 -5.168 -6.007 -6.383 -6.383
-3.197 -4.391 11.466 -4.670 -4.603
-3.320 -4.075 -4.331 -4.406 -4.199
-5.145 -6.773 -12.387 -8.552 -8.553
-2.152 -4.911 -9.347 -6.383 -6.382
-3.160 -3.875 -3.905 -3.915 -3.915
-6.864 -8.445 -9.872 -10.296 -9.973
-4.593 -6.081 -12.145 -8.392 -8.399
-1.985 -7.436 -7.922 -7.962 -7.963
-6.362 -9.272 -10.369 -9.475 -9.476
-7.914 -10.396 -12.081 -11.328 -11.664
-4.223 -7.442 -9.406 -9.339 -9.268
-6.423 -9.334 -9.652 -9.196 -9.196
-0.529 -0.692 -0.807 -1.010 -0.922
-6.329 -9.388 -10.387 -9.061 -8.989
-0.544 -0.701 -0.796 -1.008 -0.975
-0.505 -0.707 -0.801 -1.011 -0.943
-0.432 -0.861 -0.998 -1.100 -1.034
-0.509 -0.681 -0.802 -1.007 -0.980
-0.375 -0.859 -1.054 -1.100 -1.040
-4.937 -8.560 -11.254 -12.339 -12.107
-0.323 -0.876 -0.981 -1.117 -1.017
-0.469 -0.838 -0.998 -1.120 -1.017
-0.516 -0.719 -0.825 -1.119 -1.006
-4.054 -8.572 -12.987 -12.986 -12.636
-2.034 -2.798 -3.336 -3.910 -3.600
-2.603 -3.484 -6.202 -4.268 -4.267
-2.373 -3.471 -4.321 -4.330 -4.098
-2.898 -3.573 -4.381 -4.384 -4.085
-2.897 -3.636 -3.888 -3.972 -3.893
-1.920 -2.685 -3.101 -3.110 -2.914
-1.965 -2.482 -2.798 -3.064 -3.063
-1.993 -2.531 -2.763 -2.980 -2.862
-2.261 -3.217 -3.865 -3.878 -3.891
-1.969 -2.589 -2.664 -2.695 -2.695
-1.955 -2.621 -3.116 -3.117 -2.925
-2.041 -2.924 -3.281 -3.893 -3.895
-1.705 -2.120 -2.630 -2.671 -2.741
-1.910 -2.543 -2.665 -2.658 -2.598
-2.016 -2.645 -3.113 -3.114 -2.940
-1.992 -2.622 -3.114 -3.121 -2.948
-1.736 -2.322 -2.840 -2.840 -2.761
-1.988 -2.541 -3.112 -3.113 -2.945
-1.839 -2.331 -2.802 -2.944 -2.945
-1.828 -2.374 -3.109 -3.117 -2.920
-2.507 -3.087 -3.120 -3.121 -2.932
-2.012 -2.560 -2.760 -3.056 -2.874
-1.008 -1.512 -1.958 -2.008 -2.097
-1.083 -1.634 -1.954 -1.954 -2.003
-1.320 -1.731 -1.955 -1.870 -2.000
-0.901 -1.450 -1.802 -1.796 -1.798
-1.198 -1.580 -2.113 -2.171 -2.171
-1.231 -1.638 -1.955 -1.963 -2.008
-1.250 -1.617 -1.944 -1.864 -1.998
-0.550 -0.831 -1.005 -1.123 -1.027
-0.412 -0.831 -1.011 -0.931 -0.931
-0.317 -0.857 -1.056 -1.121 -1.016
-0.439 -0.686 -1.004 -1.121 -0.998
-0.479 -0.871 -1.010 -0.932 -0.932
-0.402 -1.006 -1.100 -1.115 -1.018
-0.325 -0.882 -1.053 -1.119 -1.014
-0.412 -0.801 -1.056 -1.101 -1.038
-0.479 -0.713 -0.819 -0.933 -0.933
-0.479 -0.811 -1.007 -1.117 -1.013
-0.388 -0.860 -1.104 -1.122 -1.020
-0.547 -0.654 -1.010 -1.119 -1.012
-0.462 -0.671 -0.818 -1.122 -0.992
-0.708 -1.031 -1.094 -1.117 -1.015
-0.489 -0.822 -1.095 -1.123 -1.021
-0.533 -0.795 -0.837 -0.927 -0.927
-1.359 -3.674 -9.210 -6.414 -6.053
-2.603 -3.371 -3.456 -3.457 -3.457
-4.768 -6.414 -5.810 -6.160 -6.161
-2.612 -3.679 -5.739 -5.684 -5.685
-4.878 -5.571 -6.035 -6.036 -6.179
-2.796 -3.794 -5.325 -5.326 -5.325
-2.578 -4.363 -5.014 -5.025 -5.025
-3.089 -4.278 -5.252 -5.263 -5.262
8.302 -1.590 -4.963 -5.106 -5.030
-2.422 -3.213 -6.175 -4.241 -4.242
-3.207 -3.884 -3.919 -3.928 -3.928
-2.868 -3.763 -4.054 -4.061 -4.061
-3.800 -4.141 -5.484 -5.297 -5.668
-3.196 -4.172 -4.889 -4.900 -4.900
-3.314 -4.593 -5.033 -5.034 -5.034
-3.136 -4.105 -4.948 -5.199 -5.256
-1.300 -3.803 -4.866 -4.874 -4.874
-2.997 -3.835 -3.916 -3.915 -3.915
-3.183 -3.881 -3.915 -3.915 -3.915
-3.110 -3.763 -3.921 -3.928 -3.927
-3.158 -3.871 -3.921 -3.921 -3.921
-3.209 -3.863 -3.914 -3.924 -3.923
-3.150 -3.875 -3.926 -3.926 -3.926
-2.868 -3.543 -3.912 -3.914 -3.913
-3.603 -4.251 -4.413 -4.427 -4.161
-3.220 -3.866 -3.914 -3.915 -3.913
-3.061 -3.874 -3.914 -3.922 -3.921
-3.226 -3.850 -3.927 -3.928 -3.928
-3.177 -3.883 -3.919 -3.930 -3.930
-3.158 -3.855 -3.911 -3.912 -3.912
-4.520 -5.657 -5.801 -7.470 -7.470
-4.879 -7.101 -6.847 -6.847 -7.094
-3.144 -3.829 -3.897 -3.917 -3.916
-3.121 -4.031 -4.425 -4.425 -4.134
-0.896 -3.744 -4.280 -4.265 -4.266
-3.314 -3.433 -3.638 -3.642 -3.642
-3.160 -3.875 -3.905 -3.915 -3.915
-3.133 -3.855 -3.919 -3.925 -3.924
-2.857 -3.587 -4.423 -4.424 -4.422
-3.197 -3.859 -3.930 -3.931 -3.932
-3.181 -3.829 -3.915 -3.916 -3.916
-3.078 -3.849 -3.907 -3.909 -3.908
-3.153 -4.030 -4.418 -4.419 -4.154
-3.953 -5.129 -7.844 -7.847 -7.853
-3.923 -6.339 -10.205 -7.276 -7.281
-2.390 -3.347 -4.394 -4.411 -4.192
-5.237 -7.415 -12.405 -8.552 -8.554
-2.867 -3.517 -3.897 -3.882 -3.883
-2.634 -5.734 -6.652 -6.912 -6.912
-3.386 -5.110 -11.047 -8.465 -7.943
-7.021 -8.891 -10.545 -10.751 -10.749
-4.388 -6.973 -9.515 -9.237 -9.218
26.345 0.828 -9.749 -10.005 -10.006
-0.688 -5.778 -9.093 -8.270 -8.571
-5.020 -6.399 -15.151 -10.366 -10.942
-7.369 -10.025 -10.608 -10.615 -10.737
-0.529 -0.692 -0.807 -1.010 -0.922
-0.544 -0.701 -0.796 -1.008 -0.975
-0.412 -0.801 -1.056 -1.101 -1.038
-5.418 -8.442 -11.600 -10.394 -10.394
-0.505 -0.707 -0.801 -1.011 -0.943
-0.432 -0.861 -0.998 -1.100 -1.034
-0.509 -0.681 -0.802 -1.007 -0.980
-0.375 -0.859 -1.054 -1.100 -1.040
-0.323 -0.876 -0.981 -1.117 -1.017
-0.349 -0.860 -1.052 -1.120 -1.011
-0.478 -0.875 -1.000 -1.117 -1.016
-0.611 -1.472 -1.949 -1.949 -1.950
-3.319 -4.050 -4.409 -4.416 -4.135
-2.634 -3.287 -3.893 -3.870 -3.757
-2.864 -3.571 -3.974 -3.984 -4.000
-1.876 -3.368 -4.142 -3.730 -3.733
-1.901 -2.417 -2.947 -3.144 -3.144
-2.981 -3.584 -5.789 -3.983 -3.981
-0.568 -0.866 -0.997 -1.122 -1.020
-2.860 -3.605 -4.263 -4.288 -4.287
-2.090 -2.636 -2.660 -2.822 -2.821
-3.253 -4.033 -4.417 -4.426 -4.224
-2.038 -2.601 -2.711 -2.715 -2.716
-1.969 -2.484 -3.057 -3.076 -2.970
-2.021 -2.611 -3.002 -3.020 -2.988
-1.838 -2.549 -4.582 -3.195 -3.196
-2.284 -2.900 -3.114 -3.115 -2.949
-1.966 -2.588 -2.698 -2.708 -2.706
-2.292 -2.823 -2.962 -3.144 -3.144
-1.851 -2.582 -3.114 -3.122 -2.933
-0.827 -1.565 -1.939 -1.959 -2.006
-0.497 -0.727 -1.005 -1.122 -1.017
-0.451 -0.834 -1.006 -1.121 -1.022
-0.318 -0.598 -1.051 -1.119 -1.015
-1.190 -1.656 -1.963 -1.937 -2.037
-0.425 -0.990 -0.999 -1.120 -1.014
-0.425 -0.659 -1.005 -1.122 -0.997
-1.366 -1.721 -1.954 -1.833 -1.834
-0.466 -0.959 -0.991 -1.122 -1.029
-3.187 -3.933 -4.029 -4.045 -4.044
-0.559 -1.360 -1.959 -1.889 -2.016
-2.322 -3.334 -3.984 -4.208 -4.208
-0.658 -1.362 -1.762 -1.993 -1.993
-1.119 -1.556 -1.939 -1.844 -1.844
-1.052 -1.331 -1.357 -2.104 -2.096
-1.503 -1.816 -1.958 -2.008 -2.097
-1.326 -1.812 -1.957 -1.956 -2.011
-1.790 -2.551 -2.700 -2.787 -2.735
-0.463 -0.701 -0.859 -1.120 -1.024
-1.312 -2.601 -2.790 -3.113 -3.112
-0.451 -0.733 -0.812 -1.012 -0.917
-0.449 -0.848 -1.122 -1.122 -1.014
-0.487 -0.815 -1.059 -1.118 -1.013
-0.499 -0.826 -0.993 -0.931 -0.931
-0.466 -0.837 -1.120 -1.121 -1.023
-0.481 -0.818 -1.056 -1.120 -1.013
-1.359 -3.674 -9.210 -6.414 -6.053
-6.408 -6.823 -12.386 -8.533 -8.533
-2.340 -4.465 -5.307 -5.318 -5.319
0.099 -4.079 -9.054 -8.064 -7.347
-3.194 -4.576 -5.086 -5.096 -5.096
-4.034 -4.285 -4.553 -4.554 -4.593
-3.185 -4.865 -5.064 -5.072 -5.072
-3.190 -3.952 -4.421 -4.429 -4.155
-3.159 -3.722 -4.426 -4.426 -4.227
-3.263 -4.032 -4.417 -4.424 -4.423
-2.897 -3.751 -3.642 -3.642 -3.641
3.622 -1.328 -3.960 -3.961 -3.960
-3.109 -3.845 -3.909 -3.911 -3.911
-3.153 -3.866 -3.916 -3.923 -3.923
-3.091 -3.829 -3.914 -3.914 -3.914
-3.340 -4.755 -8.553 -6.174 -5.947
-4.297 -5.636 -5.919 -5.928 -5.927
-4.208 -5.383 -5.774 -6.128 -6.129
-1.436 -3.646 -5.043 -5.051 -5.051
-3.183 -3.881 -3.915 -3.915 -3.915
-2.868 -3.543 -3.912 -3.914 -3.913
-3.110 -3.763 -3.921 -3.928 -3.927
-3.144 -3.829 -3.897 -3.917 -3.916
-3.314 -3.433 -3.638 -3.642 -3.642
-3.082 -3.875 -3.914 -3.916 -3.916
-3.084 -3.841 -3.915 -3.916 -3.916
-3.153 -3.856 -3.925 -3.925 -3.925
-2.868 -3.622 -3.632 -3.641 -3.641
-3.091 -3.847 -3.927 -3.931 -3.931
-3.157 -3.864 -3.929 -3.929 -3.928
-3.173 -3.844 -3.906 -3.907 -3.907
-3.132 -3.860 -4.424 -4.430 -4.157
-3.587 -5.430 -11.158 -10.821 -10.638
-4.232 -5.967 -6.067 -8.209 -8.209
-1.634 -4.955 -7.677 -7.630 -7.336
-1.328 -4.698 -6.387 -6.388 -6.389
-3.746 -5.319 -5.850 -6.432 -6.432
-2.807 -3.439 -3.477 -3.517 -3.516
-3.054 -3.847 -3.924 -3.925 -3.925
-3.259 -4.024 -4.427 -4.427 -4.427
-3.184 -3.903 -3.927 -4.069 -4.071
-3.304 -4.096 -4.429 -4.429 -4.161
-2.575 -3.415 -3.883 -3.649 -3.652
-2.897 -4.050 -4.861 -4.967 -4.965
-4.711 -5.690 -6.169 -6.186 -6.698
-1.243 -5.225 -6.387 -6.388 -6.388
0.370 -5.762 -8.374 -8.024 -8.275
-3.654 -6.111 -8.676 -7.736 -7.637
5.458 -4.053 -9.544 -9.879 -9.630
-7.788 -9.984 -18.552 -12.755 -12.756
-5.292 -7.156 -15.523 -11.281 -11.282
-3.726 -5.630 -9.275 -8.225 -8.231
-0.915 -5.618 -8.564 -8.661 -8.483
-2.668 -6.996 -8.817 -8.469 -8.617
-2.219 -4.102 -9.536 -10.177 -10.178
4.752 3.140 -5.973 -5.550 -5.562
-0.529 -0.692 -0.807 -1.010 -0.922
-0.544 -0.701 -0.796 -1.008 -0.975
-0.412 -0.801 -1.056 -1.101 -1.038
-0.505 -0.707 -0.801 -1.011 -0.943
-0.451 -0.733 -0.812 -1.012 -0.917
-0.432 -0.861 -0.998 -1.100 -1.034
-0.509 -0.681 -0.802 -1.007 -0.980
-0.463 -0.701 -0.859 -1.120 -1.024
-0.375 -0.859 -1.054 -1.100 -1.040
-1.603 -1.824 -1.959 -2.009 -2.097
-1.618 -1.816 -1.946 -1.954 -2.003
-2.496 -3.370 -4.256 -4.242 -4.242
-3.093 -3.836 -4.430 -4.430 -4.229
-2.124 -2.654 -3.085 -3.109 -2.938
-0.430 -0.590 -1.056 -1.120 -1.017
-2.079 -2.629 -2.759 -2.771 -2.772
-2.546 -3.334 -4.429 -4.430 -4.150
-1.878 -2.598 -2.627 -2.653 -2.653
-2.265 -2.848 -2.968 -3.144 -3.144
-2.012 -2.602 -3.073 -3.093 -2.898
-1.989 -2.732 -3.114 -3.121 -2.938
-2.019 -2.593 -2.936 -3.124 -3.124
-0.617 -0.789 -0.993 -1.045 -1.077
-1.928 -2.549 -2.700 -2.854 -2.845
-2.238 -3.402 -4.412 -4.419 -4.140
-2.507 -3.296 -3.779 -3.674 -3.770
-2.010 -2.856 -3.113 -3.119 -2.936
-2.126 -2.838 -3.109 -3.117 -2.942
-2.138 -2.379 -3.092 -3.100 -2.925
-2.109 -2.778 -2.836 -2.837 -2.748
-1.986 -2.776 -3.101 -3.113 -2.934
-2.400 -3.071 -3.115 -3.123 -2.949
-1.325 -1.739 -1.970 -2.013 -2.007
-0.603 -1.426 -1.973 -1.957 -1.957
-2.137 -2.654 -3.062 -3.076 -2.895
-1.276 -1.671 -1.956 -1.885 -2.009
-1.307 -1.692 -1.955 -1.870 -1.871
-0.529 -0.633 -1.058 -1.118 -1.013
-1.507 -1.767 -1.912 -1.999 -2.083
-1.090 -1.410 -1.606 -1.872 -1.801
-0.477 -0.727 -0.834 -1.119 -1.012
-0.602 -0.901 -1.055 -1.122 -1.019
-0.428 -0.671 -0.834 -0.932 -0.931
-0.453 -0.681 -1.004 -1.120 -0.963
-0.453 -0.712 -0.820 -1.119 -1.017
-0.545 -0.870 -0.810 -1.007 -1.001
-0.479 -0.715 -0.835 -1.120 -0.997
-0.476 -0.994 -1.000 -1.119 -1.015
-0.397 -1.018 -1.054 -1.120 -1.012
-0.333 -1.079 -1.057 -1.120 -1.011
-0.476 -0.709 -1.003 -0.929 -0.929
-0.424 -0.853 -0.856 -1.122 -1.017
-0.361 -1.105 -1.113 -1.121 -1.017
-0.527 -0.806 -1.058 -1.118 -1.011
-0.451 -0.692 -0.715 -1.119 -1.012
-0.486 -0.827 -1.058 -1.100 -1.033
-1.359 -3.674 -9.210 -6.414 -6.053
-3.183 -3.881 -3.915 -3.915 -3.915
-2.868 -3.543 -3.912 -3.914 -3.913
-3.110 -3.763 -3.921 -3.928 -3.927
-3.144 -3.829 -3.897 -3.917 -3.916
-3.314 -3.433 -3.638 -3.642 -3.642
-3.232 -4.373 -5.074 -5.085 -5.085
-3.148 -3.564 -3.946 -3.953 -4.011
-2.625 -3.497 -4.042 -4.046 -4.046
-2.941 -3.743 -4.432 -4.432 -4.230
-3.270 -4.074 -4.233 -4.248 -4.248
-2.375 -3.288 -3.837 -3.838 -3.839
-3.099 -3.894 -4.413 -4.420 -4.142
-4.276 -5.191 -5.299 -6.158 -6.158
-3.113 -3.862 -3.928 -3.933 -3.934
-3.001 -3.850 -3.912 -3.912 -3.913
0.267 -4.669 -6.457 -6.465 -6.464
-4.509 -5.434 -6.517 -6.076 -5.522
-3.069 -3.808 -4.424 -4.425 -4.220
-3.559 -4.245 -4.415 -4.428 -4.137
-3.063 -3.833 -3.910 -3.915 -3.915
-3.642 -4.276 -4.423 -4.429 -4.222
-3.146 -3.880 -3.917 -3.927 -3.926
-7.519 -9.843 -16.204 -12.090 -12.089
12.128 0.454 -6.179 -6.332 -6.372
-3.182 -3.862 -3.923 -3.930 -3.930
-2.854 -3.846 -4.432 -4.432 -4.432
-2.872 -3.769 -3.618 -3.644 -3.645
-3.169 -4.025 -4.404 -4.414 -4.133
-2.390 -3.335 -4.428 -4.429 -4.139
-3.075 -3.853 -4.297 -4.333 -4.332
-2.491 -3.228 -4.428 -4.429 -4.429
-3.028 -3.715 -3.992 -4.002 -4.002
-2.739 -3.609 -4.421 -4.422 -4.421
-5.623 -7.300 -11.097 -10.688 -10.887
-7.277 -9.195 -10.658 -10.666 -10.665
-3.171 -3.954 -4.264 -4.266 -4.267
-3.062 -3.854 -3.922 -3.922 -3.923
-2.286 -3.185 -3.888 -3.896 -4.076
-2.578 -3.527 -4.054 -4.055 -4.054
-3.207 -3.879 -3.971 -3.989 -3.989
-5.486 -9.388 -10.855 -10.869 -10.868
-4.633 -6.368 -8.187 -8.102 -8.103
-3.438 -4.851 -6.373 -6.374 -6.375
-2.132 -2.798 -3.116 -3.117 -2.946
-1.748 -2.526 -3.009 -3.111 -3.111
-2.051 -2.624 -2.688 -2.761 -2.760
-2.042 -2.740 -3.114 -3.115 -2.949
-4.010 -6.986 -8.600 -8.374 -7.839
-5.047 -7.707 -8.053 -7.498 -8.420
-1.145 -3.980 -7.091 -6.564 -6.498
-0.529 -0.692 -0.807 -1.010 -0.922
-2.103 -2.719 -2.824 -2.825 -2.825
-0.544 -0.701 -0.796 -1.008 -0.975
-0.412 -0.801 -1.056 -1.101 -1.038
-7.206 -8.988 -18.196 -12.693 -12.512
-1.715 -4.254 -17.574 -11.617 -11.620
-0.505 -0.707 -0.801 -1.011 -0.943
-0.451 -0.733 -0.812 -1.012 -0.917
-0.432 -0.861 -0.998 -1.100 -1.034
-0.509 -0.681 -0.802 -1.007 -0.980
-0.463 -0.701 -0.859 -1.120 -1.024
-0.375 -0.859 -1.054 -1.100 -1.040
-6.640 -9.325 -11.652 -11.683 -11.450
16.299 7.009 -8.462 -7.507 -8.209
-2.219 -2.814 -3.081 -3.089 -2.980
-2.118 -2.766 -2.943 -3.142 -3.144
-1.676 -2.399 -3.037 -3.044 -2.994
-2.180 -2.689 -3.116 -3.117 -2.942
-1.913 -2.519 -3.121 -3.122 -2.941
-1.622 -2.303 -4.112 -3.184 -3.184
-1.891 -2.468 -3.101 -3.102 -2.995
-0.437 -1.490 -1.956 -2.011 -2.103
-2.508 -3.070 -3.118 -3.125 -2.934
-0.407 -0.836 -1.102 -1.122 -1.017
-0.886 -1.470 -1.693 -1.985 -1.960
-0.394 -1.036 -1.092 -1.102 -1.033
-0.410 -1.025 -1.091 -1.117 -1.019
-0.379 -0.550 -1.057 -1.120 -1.019
-0.454 -0.832 -0.998 -1.122 -1.021
-1.550 -1.862 -1.928 -1.968 -2.040
-0.987 -1.594 -1.974 -2.099 -2.099
-1.010 -1.531 -1.943 -1.903 -2.013
-0.929 -1.400 -1.911 -1.951 -2.005
-1.297 -1.756 -1.880 -1.921 -1.907
-1.104 -1.512 -1.882 -1.926 -1.977
-0.756 -1.478 -1.940 -1.833 -1.834
-1.116 -1.609 -1.971 -1.858 -1.858
-0.313 -1.341 -1.941 -2.020 -1.957
-0.863 -1.535 -1.946 -1.838 -1.838
-1.587 -1.857 -1.971 -1.859 -1.859
-1.122 -1.304 -2.123 -2.170 -2.170
-1.143 -1.400 -1.443 -1.901 -1.901
-0.394 -0.559 -1.103 -1.118 -1.016
-0.597 -0.797 -1.007 -1.121 -1.012
-0.467 -0.645 -0.723 -1.118 -1.012
-0.467 -0.648 -0.999 -1.121 -1.020
-0.410 -1.023 -1.000 -1.099 -1.029
-0.398 -0.873 -1.058 -1.099 -1.032
-0.425 -0.706 -1.011 -1.120 -1.020
-0.374 -0.885 -0.968 -1.042 -1.095
-0.441 -0.960 -1.113 -1.123 -1.022
-1.081 -1.419 -1.465 -2.067 -2.067
-0.359 -0.858 -0.993 -1.119 -0.994
-0.720 -1.081 -1.057 -1.118 -1.012
-0.449 -0.974 -1.007 -1.115 -1.013
-0.489 -0.799 -1.059 -1.095 -1.023
-0.543 -0.700 -0.884 -1.119 -1.004
-1.359 -3.674 -9.210 -6.414 -6.053
-3.183 -3.881 -3.915 -3.915 -3.915
-2.868 -3.543 -3.912 -3.914 -3.913
-3.110 -3.763 -3.921 -3.928 -3.927
-3.144 -3.829 -3.897 -3.917 -3.916
-3.314 -3.433 -3.638 -3.642 -3.642
-2.968 -3.520 -4.045 -4.045 -4.045
-3.302 -4.074 -4.431 -4.431 -4.226
-3.118 -3.856 -3.916 -3.922 -3.922
-3.182 -3.882 -3.926 -3.927 -3.927
-3.046 -3.863 -3.905 -3.918 -3.919
-3.148 -3.872 -3.918 -3.924 -3.923
-2.406 -4.066 -5.048 -5.060 -5.059
-3.323 -4.317 -4.375 -4.381 -4.382
-3.384 -4.228 -4.400 -4.428 -4.166
-0.270 -2.681 -3.646 -3.711 -3.713
-2.893 -3.570 -3.874 -3.641 -3.641
-3.191 -3.864 -3.916 -3.929 -3.928
-3.088 -3.867 -3.922 -3.934 -3.933
-2.906 -3.576 -3.815 -3.629 -3.629
-3.955 -3.990 -4.048 -4.049 -4.050
-3.046 -3.858 -3.906 -3.922 -3.921
-2.470 -3.711 -4.422 -4.423 -4.135
-2.451 -3.613 -4.399 -4.411 -4.206
-2.501 -3.553 -4.007 -4.014 -4.015
-1.678 -3.987 -6.344 -6.362 -6.362
-4.293 -5.681 -6.024 -6.031 -6.158
-4.228 -5.506 -5.518 -5.794 -5.663
-3.281 -4.226 -7.389 -4.895 -4.949
-2.023 -3.703 -4.442 -4.867 -4.868
-3.223 -3.868 -3.907 -3.925 -3.925
-2.885 -3.786 -3.626 -3.636 -3.636
-3.148 -3.885 -3.922 -3.923 -3.923
-3.258 -4.020 -4.129 -4.139 -4.138
-3.258 -3.972 -4.325 -4.340 -4.106
-2.265 -3.116 -4.382 -4.399 -4.117
-3.149 -3.918 -4.232 -4.233 -4.232
-2.538 -3.353 -3.912 -3.776 -3.939
-3.674 -4.545 -6.058 -6.021 -5.764
-4.056 -5.475 -5.663 -5.682 -5.683
-3.207 -4.242 -4.749 -4.757 -4.757
-1.143 -1.400 -1.443 -1.901 -1.901
-1.245 -2.325 -2.700 -2.709 -2.709
-2.065 -2.664 -3.109 -3.110 -2.932
-2.108 -2.737 -2.861 -2.891 -2.892
-1.268 -2.257 -2.676 -2.677 -2.677
-3.960 -5.213 -5.390 -6.225 -6.226
-4.315 -5.754 -6.555 -6.763 -6.763
-4.012 -5.246 -5.384 -6.212 -6.212
-7.569 -10.424 -9.298 -9.315 -9.551
-2.650 -5.625 -7.653 -8.528 -8.530
-4.984 -8.008 -15.353 -10.299 -10.302
-5.430 -7.037 -8.797 -8.733 -8.341
-0.529 -0.692 -0.807 -1.010 -0.922
-7.853 -8.154 -9.475 -9.998 -9.996
-3.176 -5.237 -9.123 -9.081 -9.080
-0.544 -0.701 -0.796 -1.008 -0.975
-0.412 -0.801 -1.056 -1.101 -1.038
-0.505 -0.707 -0.801 -1.011 -0.943
-0.451 -0.733 -0.812 -1.012 -0.917
-7.165 -10.142 -18.136 -11.957 -11.959
-0.432 -0.861 -0.998 -1.100 -1.034
-0.509 -0.681 -0.802 -1.007 -0.980
-0.463 -0.701 -0.859 -1.120 -1.024
-2.103 -2.559 -5.996 -4.097 -4.097
-1.226 -1.387 -1.935 -2.032 -1.943
-2.119 -2.663 -2.932 -3.124 -3.126
-2.145 -2.697 -2.848 -2.864 -2.838
-0.778 -1.437 -1.956 -1.954 -1.958
-2.271 -2.416 -2.985 -3.163 -3.163
-2.210 -2.821 -2.835 -2.883 -2.719
-0.534 -0.743 -0.807 -1.008 -0.988
-0.375 -0.833 -1.056 -1.122 -1.018
-2.248 -2.586 -2.657 -2.661 -2.662
-1.339 -2.143 -2.945 -3.128 -3.098
-0.425 -0.714 -0.812 -1.010 -0.932
-1.878 -2.564 -2.687 -2.714 -2.673
-0.705 -1.087 -1.104 -1.117 -1.015
-1.119 -1.833 -1.952 -1.956 -1.979
-1.122 -1.393 -1.441 -1.970 -1.970
-0.697 -1.103 -1.110 -1.123 -1.029
-1.115 -1.584 -1.868 -2.170 -2.171
-1.131 -1.328 -2.038 -2.087 -2.087
-1.165 -1.705 -2.143 -1.959 -1.964
-0.357 -0.558 -1.108 -1.122 -0.998
-0.878 -1.435 -1.955 -1.860 -1.861
-1.340 -1.752 -1.853 -1.965 -2.039
-0.972 -1.591 -1.669 -1.913 -1.926
-0.994 -1.566 -1.964 -1.958 -1.958
-1.519 -1.735 -1.844 -1.972 -2.047
-1.109 -1.515 -1.938 -1.865 -1.996
-1.371 -1.749 -1.958 -1.887 -2.015
-1.169 -1.623 -1.948 -1.836 -1.838
-0.540 -0.754 -0.835 -0.931 -0.931
-0.452 -0.813 -1.105 -1.121 -1.014
-0.517 -0.956 -1.058 -1.100 -1.033
-0.474 -0.843 -1.059 -1.102 -1.041
-1.263 -1.608 -1.898 -2.004 -2.095
-1.338 -1.727 -1.952 -1.949 -1.948
-0.584 -0.759 -1.008 -1.121 -1.013
-0.471 -0.839 -1.006 -1.120 -1.024
-1.220 -1.654 -1.960 -1.832 -1.834
-0.459 -0.841 -0.998 -1.119 -1.014
-0.471 -0.991 -1.005 -1.120 -1.012
-0.383 -0.852 -0.925 -1.119 -1.016
-0.425 -0.705 -0.824 -0.947 -0.947
-0.375 -0.825 -1.107 -1.122 -1.026
-0.551 -0.838 -1.059 -1.101 -1.037
-0.708 -1.038 -1.104 -1.114 -1.024
-0.509 -0.752 -1.006 -1.120 -1.010
-1.359 -3.674 -9.210 -6.414 -6.053
-3.183 -3.881 -3.915 -3.915 -3.915
-2.868 -3.543 -3.912 -3.914 -3.913
-3.110 -3.763 -3.921 -3.928 -3.927
-3.144 -3.829 -3.897 -3.917 -3.916
-3.314 -3.433 -3.638 -3.642 -3.642
-4.279 -5.467 -5.766 -6.134 -6.136
-2.783 -3.524 -3.681 -3.648 -3.649
-2.298 -5.300 -5.552 -5.671 -5.671
-3.760 -5.283 -6.115 -5.880 -5.912
-2.650 -4.122 -7.880 -6.119 -5.847
-0.589 -3.234 -9.217 -6.181 -6.180
-3.264 -4.274 -5.077 -5.078 -5.078
-3.299 -3.994 -4.431 -4.432 -4.227
-2.448 -3.624 -4.015 -4.016 -4.022
-2.671 -3.438 -3.813 -3.836 -3.836
-2.672 -3.487 -4.428 -4.429 -4.216
-4.862 -5.661 -5.802 -7.467 -7.468
170.817 -3.974 -7.706 -7.715 -7.719
-0.435 -3.229 -6.060 -5.818 -5.853
-1.442 -2.829 -4.050 -4.055 -4.056
-2.649 -3.232 -3.553 -3.561 -3.868
-3.624 -4.283 -4.427 -4.431 -4.159
-3.118 -3.866 -3.934 -3.938 -3.938
-3.166 -3.883 -3.919 -3.928 -3.927
-3.178 -3.835 -3.904 -3.905 -3.905
-3.179 -3.876 -3.925 -3.926 -3.926
-3.100 -3.837 -3.910 -3.915 -3.915
-3.121 -3.875 -3.914 -3.919 -3.919
-3.058 -3.885 -3.909 -3.908 -3.908
-3.097 -3.840 -3.929 -3.929 -3.928
-2.925 -3.593 -3.866 -3.628 -3.628
-3.161 -3.856 -3.907 -3.925 -3.925
-3.097 -3.875 -3.918 -3.930 -3.930
-3.268 -4.048 -4.333 -4.334 -4.334
-3.226 -4.014 -4.425 -4.426 -4.222
-3.147 -3.882 -3.917 -3.924 -3.923
-3.233 -3.999 -4.411 -4.420 -4.141
-2.967 -4.310 -4.412 -4.424 -4.143
-3.003 -3.931 -4.423 -4.424 -4.213
-3.320 -4.102 -4.430 -4.430 -4.145
-2.626 -3.340 -3.614 -3.657 -3.656
7.901 4.974 -5.922 -5.950 -5.949
-3.415 -5.576 -5.821 -6.289 -6.290
-1.143 -1.400 -1.443 -1.901 -1.901
-3.511 -4.287 -4.395 -4.401 -4.113
-2.751 -3.600 -3.888 -3.901 -3.899
-2.246 -3.385 -6.063 -4.154 -4.155
-2.591 -3.295 -3.411 -3.730 -4.019
-4.468 -5.547 -5.830 -7.647 -7.646
-3.275 -4.314 -4.596 -5.043 -5.043
-2.472 -3.268 -4.967 -3.429 -3.431
-1.672 -2.388 -3.116 -3.121 -2.947
-1.441 -2.295 -2.875 -2.884 -2.891
-2.762 -3.543 -4.197 -4.222 -4.222
-0.529 -0.692 -0.807 -1.010 -0.922
-5.555 -7.124 -11.186 -11.197 -11.196
-0.544 -0.701 -0.796 -1.008 -0.975
-0.412 -0.801 -1.056 -1.101 -1.038
-0.505 -0.707 -0.801 -1.011 -0.943
-0.451 -0.733 -0.812 -1.012 -0.917
-0.432 -0.861 -0.998 -1.100 -1.034
-0.509 -0.681 -0.802 -1.007 -0.980
-0.463 -0.701 -0.859 -1.120 -1.024
-5.734 -7.947 -10.768 -10.475 -10.888
-2.249 -2.802 -3.115 -3.120 -2.945
-0.993 -1.594 -2.891 -2.901 -2.902
-1.007 -1.559 -1.919 -2.027 -1.993
-0.847 -1.548 -1.948 -1.959 -1.955
-2.513 -3.054 -3.119 -3.120 -2.936
-2.006 -2.555 -2.660 -2.672 -2.692
-2.156 -2.731 -3.122 -3.123 -2.936
-1.768 -2.310 -2.718 -2.734 -2.732
-0.304 -1.186 -1.366 -2.106 -2.096
-2.101 -2.751 -3.114 -3.119 -2.934
-1.074 -1.921 -3.119 -3.119 -2.928
-2.199 -2.705 -3.017 -3.093 -2.920
-1.990 -2.575 -2.899 -3.109 -3.109
-1.058 -1.501 -1.951 -1.883 -2.006
-1.818 -2.426 -2.664 -2.556 -2.895
-1.714 -2.426 -2.971 -3.079 -2.868
-2.029 -2.358 -3.123 -3.123 -2.921
-1.253 -1.661 -1.944 -1.967 -2.053
-0.919 -1.416 -1.873 -1.977 -2.056
-1.343 -1.756 -1.827 -1.914 -1.913
-1.197 -1.562 -1.853 -1.838 -1.839
-1.299 -1.769 -1.951 -1.951 -2.004
-1.087 -1.670 -1.938 -1.662 -1.663
-1.042 -1.630 -1.952 -1.959 -2.071
-1.157 -1.527 -1.925 -1.958 -1.981
-1.133 -1.361 -1.665 -2.103 -2.099
-1.064 -1.399 -1.442 -2.061 -2.061
-0.308 -0.536 -1.107 -1.123 -1.018
-0.537 -0.846 -0.906 -0.932 -0.932
-0.433 -0.753 -1.094 -1.119 -1.013
-0.431 -0.930 -1.003 -1.119 -1.012
-0.448 -0.689 -1.056 -1.120 -1.018
-0.532 -0.810 -0.828 -1.098 -1.046
-0.378 -0.857 -1.103 -1.120 -1.015
-0.485 -0.732 -0.804 -1.006 -1.061
-0.391 -0.991 -0.830 -1.116 -1.021
-0.308 -1.026 -1.102 -1.121 -0.998
-0.327 -0.559 -0.899 -1.122 -1.022
-0.406 -0.994 -1.059 -1.098 -1.028
-0.430 -0.880 -1.097 -1.119 -1.014
-0.433 -0.580 -1.117 -1.120 -1.023
-0.705 -1.032 -1.057 -1.121 -1.011
-0.490 -0.736 -0.945 -1.119 -1.018
-0.466 -0.818 -0.995 -1.121 -1.029
-0.458 -0.698 -0.999 -1.121 -1.019
-0.457 -0.788 -0.816 -1.122 -1.023
-1.359 -3.674 -9.210 -6.414 -6.053
-3.183 -3.881 -3.915 -3.915 -3.915
-2.868 -3.543 -3.912 -3.914 -3.913
-3.110 -3.763 -3.921 -3.928 -3.927
-3.144 -3.829 -3.897 -3.917 -3.916
-3.314 -3.433 -3.638 -3.642 -3.642
-2.249 -2.828 -3.041 -3.060 -2.937
-3.078 -3.848 -4.425 -4.426 -4.426
-2.904 -3.429 -3.634 -3.635 -3.634
-3.200 -4.339 -5.046 -5.053 -5.053
-2.943 -3.718 -4.433 -4.433 -4.235
-3.356 -3.526 -4.283 -4.298 -4.298
-3.524 -4.234 -4.429 -4.430 -4.222
-3.076 -3.812 -3.899 -3.917 -3.917
-3.116 -3.865 -3.912 -3.913 -3.913
-2.875 -3.765 -4.054 -4.061 -4.061
-4.395 -6.812 -12.313 -8.381 -8.382
-2.874 -3.889 -6.423 -6.426 -6.426
-2.854 -3.352 -3.571 -3.575 -3.576
-3.040 -3.847 -3.914 -3.914 -3.915
-3.425 -5.131 -5.989 -6.384 -6.385
-3.208 -3.844 -3.918 -3.927 -3.926
-3.520 -4.296 -4.426 -4.427 -4.153
-3.172 -3.862 -3.921 -3.931 -3.931
-4.713 -6.169 -18.057 -12.333 -12.194
-3.172 -4.560 -5.943 -5.733 -5.812
-4.141 -5.196 -6.418 -6.427 -6.427
-3.107 -3.862 -3.914 -3.915 -3.914
-3.097 -3.867 -3.926 -3.927 -3.926
-3.168 -3.859 -3.901 -3.908 -3.909
-3.618 -4.336 -4.425 -4.424 -4.151
-3.105 -3.873 -3.926 -3.933 -3.933
-3.166 -3.865 -3.928 -3.928 -3.927
-3.072 -3.811 -3.908 -3.927 -3.927
-3.040 -3.863 -3.904 -3.912 -3.913
-3.112 -3.912 -4.083 -4.095 -4.095
-3.006 -3.692 -4.409 -4.418 -4.213
-2.879 -3.549 -4.042 -4.042 -3.998
-2.926 -3.934 -4.428 -4.428 -4.154
-2.593 -3.477 -6.207 -4.272 -4.273
-2.077 -2.870 -3.119 -3.120 -2.943
-2.104 -2.238 -2.645 -2.645 -2.811
-1.509 -2.315 -2.663 -2.678 -2.677
-5.472 -7.605 -17.434 -11.651 -11.653
-4.486 -6.606 -14.186 -9.472 -9.475
0.426 -4.901 -14.593 -10.304 -10.304
-1.143 -1.400 -1.443 -1.901 -1.901
-3.462 -4.232 -4.322 -4.343 -4.342
-2.942 -3.564 -3.890 -3.913 -4.047
-2.128 -2.712 -2.754 -2.837 -2.817
-2.119 -2.654 -3.122 -3.123 -2.946
-3.461 -6.397 -7.836 -7.766 -7.769
-5.158 -6.654 -8.908 -7.656 -7.659
-8.356 -10.200 -11.206 -11.222 -11.467
-7.718 -9.601 -11.330 -10.725 -11.175
-7.783 -9.878 -11.631 -11.606 -11.181
-0.529 -0.692 -0.807 -1.010 -0.922
-0.544 -0.701 -0.796 -1.008 -0.975
-6.870 -9.780 -11.400 -10.495 -10.897
-0.412 -0.801 -1.056 -1.101 -1.038
-0.505 -0.707 -0.801 -1.011 -0.943
-0.451 -0.733 -0.812 -1.012 -0.917
-0.432 -0.861 -0.998 -1.100 -1.034
-0.509 -0.681 -0.802 -1.007 -0.980
-0.463 -0.701 -0.859 -1.120 -1.024
-1.695 -2.723 -2.589 -2.683 -2.739
-2.042 -2.600 -2.749 -2.821 -2.818
-1.558 -2.241 -2.770 -3.045 -2.807
-0.393 -0.846 -0.752 -1.115 -1.020
-0.344 -1.025 -1.112 -1.120 -1.016
-0.386 -0.990 -1.056 -1.119 -1.012
-0.400 -0.874 -0.928 -1.101 -1.037
-0.499 -0.835 -0.994 -0.929 -0.929
-0.685 -1.438 -1.930 -2.027 -2.027
-1.236 -1.676 -1.957 -1.886 -2.013
-1.387 -1.718 -1.948 -1.829 -1.830
-0.937 -1.403 -1.959 -2.005 -2.087
-1.259 -1.634 -1.959 -1.994 -2.103
0.730 -1.082 -1.962 -2.058 -1.950
-2.512 -3.038 -3.116 -3.117 -2.919
-1.067 -1.542 -1.792 -1.990 -1.962
-2.147 -2.661 -2.980 -3.157 -3.158
-1.737 -2.347 -2.628 -3.073 -2.901
-1.825 -2.503 -3.103 -3.103 -2.915
-1.995 -2.369 -2.672 -2.680 -2.738
-1.740 -2.564 -3.118 -3.123 -2.935
-1.988 -2.626 -2.985 -3.045 -2.843
-2.512 -3.045 -3.119 -3.120 -2.910
-1.047 -1.493 -1.975 -1.957 -1.957
-0.975 -1.465 -1.954 -1.851 -1.842
-1.203 -1.616 -1.885 -1.952 -1.958
-0.591 -1.411 -1.728 -2.024 -1.987
-1.320 -1.740 -1.957 -1.871 -2.117
-1.261 -1.694 -1.857 -1.820 -1.819
-0.921 -1.267 -3.042 -2.102 -2.103
-1.491 -1.813 -1.957 -2.003 -2.085
-0.742 -1.169 -2.087 -2.088 -2.088
-0.422 -0.679 -0.810 -1.010 -0.939
-0.597 -0.796 -0.836 -1.117 -1.017
-0.403 -1.006 -1.114 -1.118 -1.027
-0.546 -0.784 -0.836 -1.121 -1.036
-0.468 -0.855 -0.832 -0.928 -0.928
-0.410 -0.866 -0.993 -1.116 -1.020
-0.560 -0.790 -0.835 -0.926 -0.926
-0.473 -0.769 -0.814 -1.117 -1.026
-0.429 -0.883 -1.100 -1.120 -1.018
-0.378 -1.011 -1.111 -1.121 -1.019
-0.442 -0.675 -0.841 -1.119 -1.025
-0.668 -1.092 -1.113 -1.122 -1.016
-0.682 -0.862 -1.098 -1.119 -1.014
-0.499 -0.875 -1.055 -1.119 -1.012
-0.466 -0.843 -1.000 -1.119 -1.028
-1.359 -3.674 -9.210 -6.414 -6.053
-3.183 -3.881 -3.915 -3.915 -3.915
-2.868 -3.543 -3.912 -3.914 -3.913
-3.110 -3.763 -3.921 -3.928 -3.927
-3.144 -3.829 -3.897 -3.917 -3.916
-3.314 -3.433 -3.638 -3.642 -3.642
-4.273 -5.577 -5.791 -6.165 -6.167
-1.969 -2.535 -2.960 -2.972 -2.968
-4.424 -5.505 -5.804 -6.141 -6.142
-2.992 -3.761 -4.429 -4.430 -4.161
-3.601 -4.120 -4.698 -4.917 -4.866
-3.423 -4.090 -4.653 -5.154 -4.739
-3.172 -3.969 -4.430 -4.430 -4.151
-2.670 -3.291 -3.736 -4.075 -4.075
-3.108 -3.935 -4.412 -4.420 -4.149
-2.771 -3.551 -4.426 -4.428 -4.427
-3.272 -4.055 -4.429 -4.429 -4.227
-2.471 -3.233 -3.767 -3.796 -3.792
-3.992 -3.878 -4.052 -4.053 -4.054
-3.087 -3.874 -3.911 -3.912 -3.911
-2.904 -3.633 -3.884 -3.643 -3.643
-3.198 -3.873 -3.922 -3.922 -3.923
-3.162 -3.862 -3.907 -3.915 -3.916
-3.112 -3.869 -3.907 -3.920 -3.919
-2.313 -3.151 -3.906 -3.709 -3.711
-2.233 -2.701 -3.033 -3.181 -3.181
-2.035 -2.528 -2.868 -2.877 -2.887
-1.375 -5.929 -12.040 -7.701 -7.826
-3.087 -3.855 -3.892 -3.905 -3.904
-3.118 -3.859 -3.914 -3.919 -3.919
-3.104 -3.801 -3.896 -3.914 -3.913
-3.165 -3.964 -4.413 -4.413 -4.151
-3.347 -4.133 -4.425 -4.426 -4.216
-3.211 -4.081 -4.371 -4.386 -4.089
-2.358 -3.253 -4.151 -4.000 -4.135
-3.105 -3.715 -4.415 -4.421 -4.149
-1.927 -2.445 -2.895 -2.661 -2.678
-2.093 -2.674 -3.122 -3.122 -2.936
-2.072 -2.705 -2.917 -2.931 -2.955
-1.754 -2.291 -2.704 -2.720 -2.839
-2.262 -2.395 -3.066 -3.022 -3.102
-2.008 -2.644 -3.120 -3.124 -2.941
-2.145 -2.709 -2.857 -2.826 -2.691
-2.769 -4.510 -5.024 -5.026 -5.025
-3.108 -3.872 -4.111 -4.411 -4.122
-3.208 -3.919 -4.184 -4.288 -4.289
-1.143 -1.400 -1.443 -1.901 -1.901
-2.274 -4.918 -8.042 -7.968 -7.968
-4.623 -5.644 -5.807 -7.469 -7.470
-2.175 -3.203 -3.757 -3.876 -3.877
-4.179 -6.561 -12.101 -8.416 -8.417
-4.658 -5.561 -5.796 -7.473 -7.473
-3.092 -7.550 -8.521 -8.567 -8.475
-4.436 -6.875 -17.809 -12.694 -12.383
-1.160 -3.167 -11.526 -8.646 -8.921
-7.878 -9.184 -12.284 -12.041 -11.828
-3.742 -6.089 -7.804 -7.801 -7.802
-1.174 -1.608 -1.956 -2.011 -2.102
-1.057 -1.594 -1.953 -2.009 -2.084
-0.431 -1.083 -1.038 -1.116 -1.011
-0.390 -0.995 -0.975 -1.121 -0.997
-0.466 -0.982 -1.001 -1.120 -1.015
-0.406 -0.613 -1.058 -1.120 -1.017
-2.078 -2.621 -3.073 -3.085 -2.889
-2.258 -2.839 -3.012 -3.051 -2.954
-1.179 -1.668 -1.951 -1.834 -1.835
-1.298 -1.749 -1.957 -1.833 -1.834
-0.425 -0.541 -1.047 -1.118 -1.011
-2.516 -3.076 -3.120 -3.120 -2.952
-1.262 -1.629 -1.954 -2.028 -1.986
-1.186 -1.620 -1.907 -1.998 -2.091
-0.408 -0.852 -1.053 -1.121 -1.018
-1.338 -1.742 -1.794 -1.950 -1.934
-1.119 -1.536 -1.913 -2.025 -1.968
-0.803 -1.214 -1.769 -1.837 -1.735
-0.692 -1.494 -1.775 -1.889 -1.872
-1.296 -1.706 -1.956 -1.857 -1.858
-1.440 -1.765 -1.954 -1.834 -1.836
-1.120 -1.407 -1.447 -1.863 -1.864
-0.908 -1.492 -1.827 -1.912 -1.923
-1.354 -1.700 -1.757 -1.842 -1.920
-1.124 -1.802 -1.953 -2.011 -2.102
-0.408 -1.001 -0.985 -1.118 -1.027
-0.388 -1.038 -0.991 -1.121 -1.016
-1.114 -1.595 -1.958 -2.165 -2.166
-1.130 -1.424 -1.454 -2.164 -2.160
-0.421 -0.693 -0.999 -1.121 -1.016
-0.524 -0.788 -0.833 -0.924 -0.925
0.332 -1.134 -1.938 -1.957 -1.957
-0.602 -0.750 -0.826 -0.929 -0.929
-1.484 -1.860 -1.953 -1.965 -2.014
-1.352 -1.835 -1.950 -1.958 -2.077
-0.406 -0.858 -1.054 -1.101 -1.033
-0.420 -0.856 -1.103 -1.116 -1.018
-0.474 -0.862 -1.001 -1.120 -1.011
-0.400 -0.880 -0.721 -1.123 -1.019
-0.458 -0.703 -1.011 -1.120 -1.013
-0.499 -0.986 -1.009 -1.121 -1.024
-0.529 -0.692 -0.807 -1.010 -0.922
-0.544 -0.701 -0.796 -1.008 -0.975
-0.412 -0.801 -1.056 -1.101 -1.038
-0.505 -0.707 -0.801 -1.011 -0.943
-0.451 -0.733 -0.812 -1.012 -0.917
-0.432 -0.861 -0.998 -1.100 -1.034
-2.223 -2.786 -2.797 -2.972 -2.794
-0.509 -0.681 -0.802 -1.007 -0.980
-0.463 -0.701 -0.859 -1.120 -1.024
-0.997 -1.653 -2.006 -2.153 -2.128
-0.979 -1.523 -1.966 -1.845 -1.845
-0.714 -0.853 -0.816 -1.050 -1.072
-0.461 -0.673 -0.905 -1.120 -1.000
-0.489 -0.802 -1.117 -1.118 -1.018
-0.565 -0.740 -0.941 -1.119 -1.024
-0.495 -0.813 -0.820 -1.121 -1.018
-0.574 -0.895 -1.058 -1.121 -0.992
-0.501 -0.904 -1.006 -1.121 -1.013
-1.359 -3.674 -9.210 -6.414 -6.053
-3.183 -3.881 -3.915 -3.915 -3.915
-2.868 -3.543 -3.912 -3.914 -3.913
-3.110 -3.763 -3.921 -3.928 -3.927
-3.144 -3.829 -3.897 -3.917 -3.916
-4.673 -5.012 -6.029 -6.122 -5.995
-4.021 -4.953 -6.625 -5.498 -5.710
-3.978 -4.986 -7.072 -6.040 -5.498
-2.999 -4.670 -5.033 -5.033 -5.033
-3.328 -4.157 -4.413 -5.025 -5.024
-2.079 -3.304 -3.916 -4.043 -4.042
17.562 -0.860 -7.272 -7.283 -7.282
-4.513 -5.537 -5.756 -6.116 -6.117
-3.354 -4.389 -4.654 -5.170 -5.170
-3.344 -4.328 -5.037 -5.050 -5.049
-3.373 -4.046 -4.394 -4.414 -4.208
-3.304 -3.977 -4.432 -4.432 -4.162
-2.701 -3.221 -3.942 -3.943 -3.943
-3.246 -3.909 -4.423 -4.424 -4.218
-3.141 -3.866 -4.427 -4.432 -4.224
-2.309 -3.885 -4.425 -4.432 -4.158
-3.199 -3.885 -3.919 -3.929 -3.930
-3.157 -3.879 -3.902 -3.914 -3.914
-3.167 -3.879 -3.926 -3.926 -3.925
-3.927 -3.959 -4.056 -4.056 -4.057
-3.112 -3.855 -3.892 -3.913 -3.912
-3.103 -3.832 -3.911 -3.911 -3.910
-3.121 -3.866 -3.926 -3.931 -3.931
-2.865 -3.762 -3.634 -3.641 -3.641
-3.819 -4.995 -9.022 -6.041 -6.041
-2.082 -3.026 -3.558 -4.110 -4.112
-3.078 -3.794 -3.866 -3.894 -3.893
-3.103 -3.833 -3.906 -3.914 -3.913
-2.892 -3.711 -3.633 -3.641 -3.641
-3.351 -4.137 -4.423 -4.429 -4.229
-3.290 -4.046 -4.426 -4.427 -4.213
-3.169 -3.923 -4.191 -4.283 -4.283
-2.854 -3.823 -4.417 -4.431 -4.431
-3.123 -3.845 -4.419 -4.425 -4.223
-3.242 -4.034 -4.416 -4.425 -4.225
-2.805 -3.575 -4.038 -4.039 -4.039
-1.575 -2.430 -3.109 -3.110 -2.942
-2.135 -2.723 -3.103 -3.108 -2.921
-5.453 -7.444 -16.133 -11.547 -10.857
-4.614 -6.836 -9.522 -9.388 -9.295
-2.222 -2.771 -3.093 -3.101 -2.905
-1.120 -1.407 -1.447 -1.863 -1.864
-1.143 -1.400 -1.443 -1.901 -1.901
-1.891 -2.536 -2.961 -2.794 -3.048
-5.162 -6.737 -7.396 -7.552 -7.553
-4.920 -5.796 -5.949 -7.802 -7.804
-3.838 -6.599 -17.298 -11.898 -11.803
-2.508 -3.497 -8.834 -8.656 -8.519
-1.115 -1.533 -2.110 -1.950 -1.988
-0.410 -1.103 -1.113 -1.117 -1.000
-0.426 -0.701 -0.862 -0.932 -0.932
-0.529 -0.692 -0.807 -1.010 -0.922
-1.572 -2.260 -2.652 -2.921 -2.920
-0.449 -0.959 -1.011 -1.122 -1.020
-0.544 -0.701 -0.796 -1.008 -0.975
-2.040 -2.578 -2.707 -2.777 -3.088
-2.131 -2.804 -3.120 -3.122 -2.930
-2.088 -2.747 -3.031 -3.051 -2.954
-2.142 -2.708 -3.103 -3.112 -2.938
-0.336 -0.780 -1.109 -1.121 -1.017
-1.730 -2.339 -3.118 -3.119 -2.923
-2.305 -2.364 -2.647 -2.790 -2.792
-2.325 -2.933 -2.962 -3.047 -2.846
-1.914 -2.517 -2.967 -2.988 -2.983
-2.516 -3.031 -3.120 -3.121 -2.945
-2.210 -2.763 -3.111 -3.119 -2.917
-1.020 -1.438 -1.436 -1.871 -1.871
-1.397 -1.767 -1.934 -1.959 -2.000
-0.618 -1.413 -1.965 -1.832 -1.832
-1.259 -1.709 -1.892 -1.894 -2.007
-1.180 -1.660 -1.810 -1.946 -2.044
-1.517 -1.803 -1.956 -1.952 -1.991
-1.166 -1.626 -1.956 -1.848 -1.849
-1.361 -1.734 -2.003 -2.101 -2.101
-1.429 -1.769 -1.989 -2.051 -1.961
-1.141 -1.584 -1.949 -1.866 -1.867
-1.107 -1.375 -1.436 -1.916 -1.916
-1.082 -1.356 -1.659 -1.963 -1.963
-1.117 -1.435 -1.659 -1.960 -1.960
-1.123 -1.418 -1.447 -1.853 -1.853
-0.940 -1.219 -1.463 -1.952 -1.952
-0.443 -0.741 -0.991 -1.073 -1.103
-0.572 -0.667 -0.822 -1.121 -0.995
-0.433 -0.668 -0.988 -1.122 -1.019
-0.557 -0.934 -1.057 -1.120 -1.018
-0.446 -0.651 -0.827 -1.120 -1.019
-0.467 -0.703 -0.984 -1.121 -1.017
-0.480 -0.733 -0.906 -1.121 -1.027
-0.416 -0.892 -0.999 -1.117 -1.014
-0.410 -0.854 -1.058 -1.100 -1.031
-3.890 -8.226 -11.405 -11.399 -11.231
-0.412 -0.801 -1.056 -1.101 -1.038
-0.505 -0.707 -0.801 -1.011 -0.943
-0.451 -0.733 -0.812 -1.012 -0.917
-0.432 -0.861 -0.998 -1.100 -1.034
-0.431 -1.083 -1.038 -1.116 -1.011
-0.509 -0.681 -0.802 -1.007 -0.980
-5.632 -8.619 -11.568 -11.901 -11.902
-8.960 -10.457 -18.520 -12.641 -12.643
-0.535 -0.732 -1.122 -1.122 -1.018
-0.434 -0.873 -1.117 -1.118 -1.018
-0.480 -0.858 -1.000 -0.923 -0.924
-0.326 -1.095 -1.104 -1.123 -1.022
-9.028 -10.017 -12.124 -12.117 -11.896
-0.541 -0.875 -1.007 -1.122 -1.016
