hardness
 (GPa)  
  -3.075
  -3.104
  -3.035
  -3.031
  -3.038
  -3.187
  -2.983
  -3.075
  -3.010
  -3.030
  -2.975
  -3.036
  -2.990
  -3.019
  -3.194
  -3.085
  -3.022
  -3.048
  -3.104
  -3.055
  -3.009
  -2.950
  -3.135
  -3.039
  -3.058
  -3.006
  -3.085
  -3.111
  -3.034
  -3.112
  -3.084
  -3.079
  -3.252
  -3.025
  -3.188
  -3.012
  -3.036
  -3.040
  -2.992
  -3.035
  -3.014
  -3.014
  -3.087
  -3.239
  -3.046
  -2.981
  -3.029
  -3.014
  -3.143
  -3.338
  -3.264
  -3.098
  -3.058
  -3.096
  -2.964
  -3.254
  -3.111
  -3.031
  -2.983
  -3.103
  -2.959
  -3.004
  -3.117
  -3.070
  -3.001
  -3.009
  -3.021
  -3.050
  -3.027
  -3.001
  -3.054
  -2.984
  -3.031
  -3.096
  -3.226
  -3.030
  -2.956
  -3.000
  -3.011
  -3.083
  -3.088
  -3.005
  -3.101
  -3.036
  -3.061
  -3.091
  -2.973
  -3.272
  -2.989
  -3.000
  -2.977
  -2.980
  -3.201
  -3.025
  -2.996
  -3.082
  -3.134
  -3.097
  -2.954
  -3.320
  -3.018
  -3.033
  -3.009
  -3.187
  -2.985
  -3.069
  -3.143
  -3.033
  -3.068
  -2.997
  -3.050
  -3.049
  -3.073
  -3.103
  -3.005
  -3.173
  -3.023
  -2.993
  -3.146
  -2.977
  -3.040
  -2.934
  -3.001
  -3.180
  -3.068
  -2.901
  -3.096
  -3.009
  -3.178
  -2.996
  -2.980
  -3.052
  -3.217
  -2.970
  -3.057
  -2.961
  -3.005
  -3.132
  -2.968
  -3.109
  -3.066
  -2.971
  -3.083
  -3.001
  -3.041
  -2.965
  -3.008
  -2.976
  -3.218
  -3.005
  -2.981
  -3.058
  -2.933
  -3.068
  -3.115
  -2.952
  -3.131
  -3.009
  -3.083
  -2.989
  -3.021
  -3.055
  -3.184
  -3.143
  -2.985
  -2.809
  -2.931
  -3.055
  -3.077
  -3.201
  -3.044
  -3.033
  -2.951
  -3.078
  -3.074
  -3.184
  -3.062
  -2.880
  -3.083
  -3.208
  -3.074
  -3.247
  -3.116
  -2.884
  -3.183
  -2.911
  -2.999
  -2.951
  -3.042
  -3.072
  -2.983
  -3.044
  -2.933
  -3.011
  -3.205
  -2.894
  -3.192
  -3.298
  -3.032
  -2.863
  -2.950
  -2.959
  -3.012
  -2.992
  -3.007
  -2.964
  -3.112
  -3.016
  -3.049
  -3.013
  -2.980
  -3.064
  -3.041
  -3.042
  -2.930
  -3.010
  -3.137
  -2.959
  -3.066
  -3.011
  -2.993
  -2.984
  -3.018
  -3.015
  -2.901
  -2.933
  -2.952
  -2.999
  -2.961
  -2.965
  -3.051
  -2.983
  -2.977
  -3.045
  -3.066
  -3.134
  -3.150
  -3.152
  -3.035
  -3.065
  -3.040
  -3.032
  -3.047
  -2.809
  -3.136
  -3.127
  -3.039
  -3.012
  -3.027
  -3.022
  -2.911
  -2.951
  -3.035
  -3.005
  -3.017
  -3.009
  -2.961
  -2.948
  -2.880
  -3.067
  -3.090
  -2.951
  -3.007
  -2.863
  -2.894
  -3.034
  -2.990
  -3.062
  -3.008
  -3.042
  -3.093
  -3.000
  -2.963
  -3.051
  -3.052
  -3.012
  -3.005
  -3.015
  -3.083
  -3.007
  -3.086
  -2.999
  -3.021
  -2.954
  -3.014
  -2.939
  -2.899
  -3.020
  -3.084
  -2.941
  -2.928
  -2.907
  -2.963
  -3.139
  -2.920
  -3.024
  -2.983
  -2.885
  -3.038
  -2.993
  -2.985
  -2.992
  -3.146
  -2.990
  -2.917
  -2.977
  -3.064
  -3.095
  -3.040
  -2.971
  -3.050
  -2.942
  -2.983
  -2.886
  -2.950
  -2.948
  -2.901
  -2.933
  -2.912
  -3.029
  -2.930
  -2.978
  -3.029
  -3.046
  -2.967
  -3.032
  -3.092
  -3.037
  -2.989
  -3.058
  -3.067
  -3.006
  -2.809
  -2.964
  -2.918
  -3.031
  -3.069
  -3.048
  -3.008
  -3.058
  -2.984
  -3.043
  -2.999
  -3.166
  -2.965
  -3.060
  -3.053
  -3.069
  -3.064
  -3.006
  -2.907
  -2.911
  -2.928
  -2.941
  -3.035
  -3.035
  -3.166
  -2.985
  -2.953
  -2.995
  -3.011
  -3.059
  -3.068
  -3.097
  -2.880
  -2.899
  -2.992
  -3.201
  -2.951
  -2.983
  -3.024
  -2.863
  -2.894
  -2.984
  -2.942
  -3.022
  -3.047
  -2.990
  -3.215
  -3.027
  -2.995
  -3.057
  -2.873
  -2.992
  -2.863
  -3.034
  -3.054
  -2.967
  -3.029
  -3.020
  -3.082
  -3.044
  -2.979
  -3.017
  -3.163
  -3.001
  -2.992
  -2.889
  -3.026
  -2.907
  -2.962
  -3.025
  -2.993
  -3.088
  -2.912
  -2.947
  -3.065
  -3.025
  -2.943
  -3.039
  -2.951
  -3.082
  -3.055
  -3.011
  -2.986
  -2.894
  -3.121
  -3.023
  -3.053
  -2.968
  -2.921
  -3.383
  -3.033
  -2.901
  -2.933
  -3.128
  -2.809
  -2.980
  -3.005
  -3.032
  -3.085
  -2.996
  -2.910
  -2.912
  -3.069
  -2.987
  -2.953
  -2.972
  -3.039
  -3.001
  -3.030
  -3.118
  -3.052
  -3.078
  -2.990
  -2.982
  -2.901
  -3.102
  -3.010
  -3.032
  -3.040
  -2.861
  -3.009
  -2.948
  -2.947
  -2.873
  -3.124
  -3.090
  -2.907
  -2.928
  -2.941
  -3.017
  -2.957
  -3.097
  -3.012
  -2.994
  -2.909
  -2.880
  -2.889
  -3.003
  -2.899
  -2.932
  -2.982
  -3.098
  -2.894
  -2.994
  -2.950
  -3.011
  -2.970
  -3.011
  -3.026
  -3.004
  -2.863
  -3.001
  -2.894
  -2.921
  -3.248
  -3.006
  -2.910
  -2.929
  -2.991
  -2.904
  -3.030
  -3.008
  -2.924
  -2.949
  -3.022
  -2.944
  -2.955
  -2.972
  -2.947
  -3.099
  -2.958
  -3.063
  -2.972
  -2.918
  -2.808
  -2.899
  -3.004
  -3.018
  -2.938
  -2.970
  -2.964
  -3.005
  -2.968
  -3.077
  -3.084
  -2.944
  -3.085
  -2.983
  -2.946
  -2.953
  -3.042
  -2.947
  -2.931
  -2.808
  -2.925
  -2.915
  -3.027
  -3.019
  -2.988
  -2.977
  -2.916
  -2.845
  -2.910
  -2.809
  -2.909
  -3.051
  -3.054
  -2.988
  -2.910
  -2.975
  -3.019
  -2.914
  -3.139
  -3.008
  -2.966
  -3.029
  -3.004
  -2.872
  -3.017
  -2.873
  -2.960
  -2.899
  -2.904
  -2.956
  -2.907
  -3.028
  -2.974
  -3.085
  -3.097
  -2.988
  -2.953
  -3.002
  -2.929
  -2.987
  -2.953
  -2.968
  -3.049
  -3.025
  -2.886
  -2.968
  -2.986
  -2.953
  -2.916
  -2.907
  -2.974
  -2.979
  -2.808
  -2.880
  -2.889
  -2.899
  -3.066
  -3.032
  -3.057
  -2.988
  -2.967
  -2.985
  -2.894
  -3.021
  -3.053
  -3.023
  -2.951
  -3.192
  -2.808
  -2.845
  -2.863
  -2.894
  -3.293
  -2.997
  -2.961
  -2.853
  -3.007
  -2.984
  -2.957
  -2.962
  -2.990
  -2.977
  -2.931
  -2.913
  -3.050
  -2.935
  -2.873
  -2.953
  -3.002
  -2.993
  -3.028
  -3.001
  -3.006
  -2.968
  -3.042
  -2.822
  -3.109
  -2.950
  -2.906
  -2.920
  -2.983
  -2.958
  -2.861
  -2.980
  -2.937
  -3.008
  -2.954
  -3.077
  -2.992
  -2.948
  -2.884
  -2.878
  -3.002
  -3.051
  -2.939
  -3.004
  -2.984
  -3.037
  -3.015
  -3.116
  -2.952
  -2.809
  -2.873
  -2.899
  -2.976
  -2.989
  -2.945
  -3.085
  -2.985
  -3.010
  -3.116
  -3.050
  -2.986
  -3.054
  -3.029
  -3.010
  -2.995
  -2.969
  -2.943
  -2.993
  -2.986
  -2.871
  -2.948
  -2.984
  -2.943
  -2.932
  -2.948
  -2.998
  -3.013
  -3.072
  -2.978
  -2.854
  -3.101
  -2.808
  -2.880
  -2.889
  -3.031
  -2.984
  -2.899
  -2.942
  -2.861
  -2.894
  -2.991
  -2.926
  -2.884
  -2.920
  -2.901
  -3.019
  -3.155
  -2.927
  -3.079
  -3.091
  -2.975
  -2.808
  -3.039
  -3.056
  -2.845
  -3.167
  -3.032
  -3.149
  -2.863
  -2.878
  -2.884
  -2.894
  -3.042
  -3.048
  -2.920
  -2.928
  -2.883
  -2.933
  -2.858
  -3.074
  -2.996
  -2.856
  -3.006
  -2.948
  -2.975
  -2.942
  -2.886
  -2.964
  -2.852
  -2.990
  -2.988
  -3.012
  -2.957
  -3.026
  -2.944
  -3.024
  -2.866
  -2.947
  -2.997
  -2.869
  -3.006
  -2.959
  -2.928
  -2.995
  -3.108
  -2.945
  -2.967
  -2.900
  -3.097
  -3.005
  -2.933
  -2.907
  -3.010
  -2.966
  -2.961
  -2.903
  -2.838
  -2.809
  -2.873
  -3.116
  -3.051
  -3.066
  -2.922
  -3.073
  -2.967
  -2.949
  -2.887
  -2.969
  -3.056
  -2.894
  -2.950
  -3.011
  -2.882
  -2.889
  -2.957
  -2.908
  -2.975
  -2.922
  -2.899
  -2.946
  -2.808
  -2.856
  -3.003
  -2.858
  -3.036
  -3.010
  -3.059
  -3.023
  -3.119
  -3.065
  -2.880
  -2.854
  -3.037
  -3.000
  -2.990
  -2.933
  -2.914
  -3.008
  -2.861
  -3.127
  -2.872
  -2.882
  -3.012
  -3.145
  -2.980
  -3.011
  -2.808
  -2.845
  -3.057
  -2.887
  -2.863
  -2.866
  -2.869
  -2.878
  -3.131
  -2.884
  -2.986
  -2.838
  -2.995
  -3.058
  -2.952
  -2.980
  -2.895
  -2.992
  -2.938
  -3.079
  -2.928
  -3.043
  -2.864
  -3.003
  -2.986
  -2.963
  -2.855
  -3.013
  -3.022
  -3.095
  -2.990
  -2.852
  -2.871
  -3.092
  -2.918
  -3.019
  -2.976
  -3.018
  -2.909
  -2.854
  -2.977
  -3.053
  -2.980
  -2.840
  -2.927
  -2.835
  -2.994
  -2.841
  -2.934
  -3.141
  -2.999
  -2.931
  -2.953
  -2.891
  -3.061
  -3.037
  -2.863
  -3.039
  -2.786
  -3.014
  -2.811
  -2.809
  -2.977
  -3.022
  -2.966
  -2.926
  -3.105
  -2.985
  -3.056
  -2.980
  -2.959
  -2.986
  -2.968
  -2.944
  -2.927
  -3.012
  -2.941
  -3.077
  -2.832
  -2.994
  -2.955
  -2.890
  -3.014
  -2.949
  -2.941
  -3.074
  -2.921
  -2.993
  -3.034
  -3.096
  -2.808
  -3.009
  -3.005
  -2.852
  -2.854
  -3.124
  -2.993
  -2.856
  -2.835
  -2.987
  -3.159
  -2.954
  -2.835
  -2.861
  -2.992
  -3.080
  -3.069
  -2.953
  -3.015
  -2.841
  -2.845
  -2.863
  -2.863
  -2.859
  -2.866
  -2.981
  -3.185
  -2.886
  -2.917
  -2.786
  -2.811
  -2.838
  -3.148
  -3.055
  -3.309
  -3.003
  -2.994
  -2.870
  -3.055
  -2.922
  -2.811
  -2.810
  -2.932
  -3.021
  -2.981
  -2.841
  -2.959
  -2.897
  -2.886
  -2.931
  -3.079
  -3.042
  -2.974
  -2.919
  -2.933
  -3.060
  -2.993
  -2.941
  -2.913
  -2.977
  -2.926
  -2.827
  -2.944
  -2.892
  -2.895
  -2.992
  -2.866
  -3.002
  -2.975
  -2.908
  -2.944
  -2.992
  -3.067
  -2.914
  -2.926
  -2.949
  -3.013
  -2.973
  -2.982
  -3.002
  -2.809
  -3.004
  -2.990
  -2.888
  -2.946
  -3.000
  -3.011
  -2.887
  -2.933
  -2.885
  -2.931
  -3.061
  -2.969
  -2.984
  -3.033
  -2.871
  -3.080
  -2.894
  -2.911
  -3.013
  -2.872
  -2.941
  -2.969
  -3.071
  -2.937
  -2.995
  -3.222
  -2.989
  -3.029
  -3.082
  -2.986
  -2.968
  -2.978
  -3.129
  -3.058
  -2.808
  -2.827
  -2.841
  -2.852
  -2.842
  -3.030
  -2.854
  -2.856
  -2.976
  -3.033
  -2.977
  -3.057
  -3.088
  -2.969
  -2.835
  -2.861
  -3.051
  -3.032
  -3.070
  -2.841
  -2.845
  -2.863
  -3.052
  -3.023
  -3.012
  -3.012
  -2.965
  -2.786
  -2.811
  -2.838
  -2.836
  -2.910
  -2.849
  -2.878
  -2.871
  -2.963
  -2.813
  -2.847
  -2.958
  -2.990
  -2.857
  -2.892
  -2.876
  -2.916
  -3.046
  -3.002
  -2.874
  -2.892
  -2.930
  -2.904
  -2.889
  -2.954
  -2.958
  -2.952
  -2.893
  -2.986
  -2.884
  -2.880
  -2.886
  -2.898
  -3.103
  -2.916
  -3.055
  -2.939
  -2.983
  -3.015
  -2.977
  -3.028
  -2.893
  -2.994
  -3.113
  -2.941
  -3.009
  -2.851
  -2.917
  -2.848
  -2.905
  -2.841
  -3.034
  -2.809
  -3.075
  -3.066
  -3.186
  -3.156
  -2.933
  -2.943
  -3.012
  -2.931
  -3.106
  -2.957
  -3.047
  -3.072
  -3.015
  -3.021
  -2.969
  -3.023
  -3.372
  -2.981
  -2.914
  -2.994
  -2.999
  -3.012
  -2.928
  -2.972
  -2.941
  -3.001
  -3.057
  -2.926
  -3.038
  -3.062
  -3.093
  -2.808
  -2.813
  -2.827
  -2.836
  -2.841
  -2.965
  -2.991
  -2.928
  -2.971
  -2.835
  -2.930
  -3.039
  -3.045
  -2.841
  -2.845
  -3.010
  -3.002
  -3.038
  -3.040
  -3.018
  -2.896
  -2.921
  -2.946
  -3.020
  -2.786
  -2.811
  -2.838
  -2.841
  -2.848
  -2.851
  -3.218
  -3.022
  -3.248
  -3.002
  -2.931
  -2.873
  -3.014
  -3.049
  -2.892
  -2.912
  -2.864
  -2.954
  -2.861
  -2.890
  -2.819
  -2.798
  -3.064
  -2.986
  -2.993
  -2.966
  -3.040
  -2.955
  -2.989
  -3.036
  -2.865
  -2.851
  -2.974
  -2.952
  -2.888
  -3.024
  -2.986
  -2.962
  -2.923
  -3.007
  -2.948
  -2.820
  -3.132
  -3.011
  -2.936
  -2.863
  -2.900
  -3.060
  -2.961
  -2.889
  -3.013
  -2.831
  -2.978
  -3.011
  -2.809
  -3.135
  -2.950
  -2.889
  -2.981
  -3.176
  -2.899
  -3.009
  -2.991
  -3.003
  -2.922
  -3.117
  -2.866
  -2.868
  -3.027
  -2.873
  -2.903
  -2.812
  -2.941
  -2.953
  -2.979
  -3.072
  -2.925
  -3.003
  -2.969
  -2.982
  -3.054
  -3.149
  -3.260
  -3.002
  -3.110
  -2.886
  -2.859
  -2.798
  -2.808
  -2.813
  -2.918
  -2.872
  -2.835
  -2.931
  -2.819
  -3.024
  -2.841
  -2.835
  -2.996
  -2.841
  -3.155
  -2.957
  -2.955
  -2.919
  -3.025
  -3.126
  -2.845
  -2.977
  -2.927
  -2.786
  -2.811
  -3.072
  -3.171
  -2.820
  -2.831
  -2.838
  -2.848
  -2.996
  -2.921
  -2.975
  -2.886
  -2.822
  -2.902
  -2.869
  -2.871
  -2.887
  -2.944
  -2.911
  -2.917
  -3.033
  -3.019
  -3.059
  -2.966
  -2.992
  -2.891
  -2.965
  -2.949
  -2.981
  -3.092
  -3.018
  -2.942
  -2.958
  -2.956
  -2.988
  -2.997
  -2.972
  -2.918
  -2.919
  -2.981
  -2.930
  -2.969
  -2.938
  -2.950
  -3.007
  -2.952
  -2.844
  -2.914
  -3.139
  -2.999
  -3.009
  -2.835
  -2.871
  -3.011
  -3.202
  -2.809
  -2.953
  -2.935
  -3.229
  -2.874
  -2.933
  -3.072
  -3.033
  -2.990
  -2.992
  -2.921
  -2.940
  -2.875
  -2.983
  -2.929
  -2.980
  -3.081
  -3.016
  -2.926
  -2.922
  -2.843
  -2.898
  -2.851
  -2.885
  -2.838
  -2.888
  -3.064
  -2.798
  -2.808
  -2.846
  -2.812
  -2.813
  -2.890
  -2.819
  -2.841
  -2.938
  -2.901
  -3.087
  -2.885
  -2.959
  -3.018
  -3.082
  -2.835
  -3.226
  -3.019
  -2.947
  -2.852
  -2.988
  -2.951
  -2.949
  -2.884
  -2.863
  -2.841
  -2.949
  -3.002
  -3.170
  -3.026
  -3.035
  -2.786
  -2.811
  -2.820
  -2.831
  -2.835
  -2.838
  -3.067
  -2.998
  -3.020
  -2.939
  -3.042
  -2.964
  -2.969
  -2.954
  -3.004
  -2.979
  -2.993
  -2.985
  -2.992
  -2.921
  -2.918
  -2.975
  -2.888
  -3.055
  -3.039
  -3.039
  -2.917
  -2.837
  -2.855
  -2.843
  -2.852
  -2.986
  -3.031
  -3.011
  -2.913
  -2.991
  -3.006
  -3.023
  -2.986
  -2.874
  -3.006
  -3.028
  -3.010
  -2.925
  -2.937
  -2.927
  -2.960
  -2.967
  -3.039
  -2.774
  -2.873
  -2.974
  -3.086
  -2.962
  -3.135
  -2.809
  -3.012
  -3.006
  -3.115
  -3.010
  -2.979
  -2.996
  -3.059
  -2.994
  -3.018
  -2.968
  -3.059
  -2.937
  -2.983
  -3.007
  -3.037
  -2.992
  -3.221
  -2.993
  -2.901
  -2.953
  -2.973
  -2.880
  -2.907
  -2.992
  -2.883
  -2.933
  -2.831
  -2.954
  -3.013
  -2.992
  -2.990
  -2.798
  -2.918
  -2.908
  -2.863
  -2.968
  -2.852
  -2.905
  -2.868
  -2.970
  -2.808
  -3.031
  -2.812
  -2.813
  -2.819
  -2.876
  -2.993
  -2.835
  -3.049
  -2.841
  -2.969
  -3.100
  -3.037
  -3.015
  -3.160
  -3.048
  -2.774
  -2.786
  -2.811
  -2.820
  -2.831
  -2.835
  -2.838
  -3.027
  -2.859
  -2.898
  -2.906
  -2.994
  -2.908
  -2.834
  -2.937
  -2.933
  -2.858
  -2.840
  -3.026
  -2.873
  -2.948
  -2.924
  -2.871
  -2.923
  -2.995
  -2.903
  -3.022
  -2.928
  -2.825
  -2.875
  -2.881
  -3.031
  -3.005
  -3.060
  -3.017
  -2.926
  -2.947
  -2.981
  -2.914
  -2.872
  -3.018
  -3.005
  -2.995
  -3.089
  -3.000
  -2.931
  -2.899
  -2.990
  -2.966
  -2.969
  -3.087
  -2.837
  -2.930
  -2.938
  -2.837
  -2.809
  -2.900
  -3.053
  -2.907
  -3.049
  -3.108
  -2.881
  -2.877
  -2.816
  -3.056
  -3.019
  -3.099
  -2.935
  -3.203
  -2.858
  -2.943
  -2.964
  -2.884
  -2.844
  -2.879
  -2.956
  -2.892
  -2.866
  -2.935
  -2.904
  -2.952
  -2.926
  -2.798
  -2.808
  -2.812
  -2.813
  -2.940
  -2.819
  -2.831
  -2.836
  -2.923
  -2.918
  -2.881
  -2.905
  -2.972
  -2.973
  -3.132
  -3.002
  -2.983
  -2.999
  -2.955
  -2.984
  -2.960
  -2.835
  -2.889
  -2.844
  -2.825
  -2.993
  -3.232
  -3.010
  -3.328
  -2.774
  -2.786
  -2.811
  -3.086
  -2.820
  -2.831
  -2.835
  -2.903
  -2.950
  -2.919
  -2.937
  -2.874
  -2.896
  -3.036
  -2.967
  -2.914
  -3.002
  -2.925
  -2.870
  -2.911
  -2.845
  -3.009
  -2.914
  -2.837
  -3.103
  -2.813
  -2.794
  -3.040
  -2.910
  -2.939
  -2.943
  -2.854
  -2.904
  -2.903
  -2.822
  -2.973
  -3.143
  -2.813
  -2.908
  -2.950
  -3.057
  -2.873
  -2.935
  -3.010
  -2.963
  -2.992
  -2.986
  -3.069
  -3.069
  -3.011
  -2.962
  -2.923
  -2.830
  -3.078
  -3.052
  -2.809
  -3.016
  -3.004
  -2.949
  -2.868
  -2.968
  -3.151
  -3.014
  -2.922
  -2.907
  -2.985
  -2.967
  -2.899
  -2.869
  -2.874
  -2.915
  -2.812
  -2.930
  -2.940
  -2.973
  -3.012
  -2.798
  -2.928
  -2.808
  -2.812
  -2.813
  -2.822
  -2.974
  -3.003
  -2.819
  -3.072
  -2.877
  -2.841
  -2.871
  -2.849
  -3.005
  -3.231
  -2.893
  -3.031
  -2.883
  -2.909
  -2.831
  -2.823
  -2.908
  -2.825
  -2.894
  -2.944
  -2.830
  -2.942
  -3.019
  -2.965
  -2.948
  -2.931
  -2.995
  -3.146
  -2.981
  -3.026
  -2.774
  -2.786
  -2.794
  -2.811
  -2.813
  -2.813
  -2.820
  -2.822
  -2.971
  -2.985
  -2.989
  -3.022
  -2.932
  -2.970
  -3.189
  -2.962
  -3.026
  -2.956
  -2.967
  -2.986
  -2.974
  -3.002
  -2.999
  -3.078
  -2.964
  -3.057
  -3.043
  -2.972
  -3.019
  -2.977
  -2.994
  -2.834
  -2.986
  -2.986
  -3.077
  -3.034
  -2.884
  -2.808
  -3.015
  -2.962
  -3.203
  -2.922
  -3.014
  -2.967
  -2.850
  -3.084
  -2.954
  -3.013
  -2.838
  -2.951
  -2.914
  -3.178
  -2.991
  -2.934
  -2.907
  -2.912
  -2.902
  -2.809
  -3.018
  -2.973
  -2.921
  -3.051
  -3.075
  -2.959
  -2.986
  -3.106
  -2.999
  -2.968
  -2.967
  -3.124
  -2.878
  -3.060
  -3.038
  -2.987
  -3.075
  -2.881
  -3.052
  -3.068
  -2.798
  -2.808
  -2.812
  -2.813
  -2.819
  -2.938
  -2.862
  -2.890
  -2.868
  -2.896
  -2.912
  -2.816
  -2.947
  -2.869
  -2.847
  -2.998
  -2.961
  -2.913
  -3.016
  -2.960
  -3.033
  -2.904
  -3.011
  -3.049
  -2.814
  -3.017
  -2.951
  -3.021
  -3.075
  -3.017
  -3.115
  -3.134
  -2.774
  -3.302
  -2.786
  -2.794
  -2.808
  -2.811
  -2.813
  -3.012
  -2.813
  -2.820
  -2.822
  -3.074
  -3.050
  -2.966
  -3.037
  -3.002
  -2.992
  -2.964
  -2.933
  -3.053
  -3.026
  -3.033
  -3.039
  -2.998
  -3.174
  -2.905
  -2.990
  -2.966
  -2.967
  -2.956
  -2.961
  -2.984
  -2.913
  -3.073
  -2.887
  -2.999
  -2.991
  -3.044
  -2.824
  -3.043
  -2.933
  -2.953
  -3.005
  -2.926
  -3.019
  -2.911
  -2.911
  -2.930
  -2.790
  -2.939
  -2.914
  -3.031
  -2.853
  -3.003
  -2.842
  -3.149
  -2.971
  -2.809
  -3.002
  -3.088
  -3.042
  -3.004
  -2.969
  -3.030
  -3.005
  -2.919
  -2.925
  -2.972
  -2.920
  -3.006
  -3.018
  -3.024
  -2.976
  -2.969
  -2.862
  -2.798
  -2.808
  -2.839
  -2.903
  -2.948
  -2.806
  -3.012
  -2.885
  -2.885
  -2.974
  -2.872
  -2.892
  -2.927
  -3.016
  -2.812
  -2.970
  -3.073
  -2.813
  -2.814
  -2.816
  -3.027
  -2.935
  -2.858
  -2.927
  -2.917
  -3.293
  -3.052
  -3.075
  -2.983
  -2.992
  -3.014
  -3.082
  -2.958
  -3.110
  -2.977
  -3.138
  -3.155
  -3.134
  -2.774
  -2.786
  -2.790
  -3.162
  -2.794
  -2.808
  -2.811
  -2.813
  -2.813
  -2.982
  -2.951
  -3.077
  -3.155
  -3.061
  -2.946
  -3.026
  -2.953
  -3.082
  -3.142
  -2.973
  -3.110
  -2.919
  -3.065
  -2.981
  -3.006
  -2.894
  -2.887
  -3.065
  -3.000
  -2.997
  -2.948
  -2.957
  -2.954
  -2.941
  -3.013
  -2.853
  -3.045
  -2.935
  -3.069
  -3.096
  -2.956
  -2.989
  -2.875
  -2.956
  -2.935
  -2.858
  -2.989
  -3.058
  -2.812
  -2.970
  -2.803
  -3.028
  -2.832
  -2.870
  -2.919
  -2.927
  -2.809
  -2.972
  -2.901
  -3.025
  -2.989
  -3.009
  -3.023
  -3.084
  -2.993
  -2.955
  -2.829
  -3.018
  -2.848
  -2.963
  -2.859
  -3.032
  -3.126
  -3.033
  -2.963
  -2.798
  -2.806
  -2.808
  -2.812
  -2.813
  -2.900
  -2.848
  -2.829
  -2.975
  -2.953
  -2.859
  -2.869
  -2.931
  -3.040
  -2.904
  -2.943
  -3.048
  -2.885
  -2.899
  -2.855
  -2.937
  -2.928
  -2.921
  -2.966
  -2.947
  -3.169
  -2.969
  -3.084
  -3.060
  -3.075
  -3.050
  -3.124
  -3.131
  -3.111
  -3.175
  -3.260
  -3.362
  -2.774
  -2.786
  -2.790
  -2.794
  -2.803
  -2.808
  -2.811
  -2.812
  -2.813
  -2.894
  -2.984
  -2.946
  -2.972
  -2.965
  -2.837
  -3.140
  -2.912
  -2.888
  -2.979
  -3.023
  -2.920
  -2.926
  -2.868
  -3.033
  -3.118
  -3.062
  -2.908
  -2.968
  -2.991
  -2.906
  -2.917
  -2.914
  -2.948
  -2.878
  -2.929
  -2.977
  -3.016
  -2.818
  -2.913
  -2.924
  -2.853
  -2.926
  -2.955
  -2.843
  -3.019
  -2.833
  -3.017
  -2.890
  -2.845
  -2.839
  -2.992
  -2.877
  -3.006
  -2.831
  -3.087
  -2.846
  -2.809
  -2.798
  -2.806
  -2.808
  -2.812
  -2.813
  -2.956
  -2.968
  -3.120
  -2.937
  -2.952
  -3.026
  -2.982
  -2.839
  -2.940
  -2.907
  -2.995
  -3.038
  -3.024
  -3.080
  -2.894
  -2.906
  -2.896
  -3.060
  -3.104
  -2.920
  -2.990
  -2.839
  -3.055
  -3.014
  -3.128
  -2.955
  -2.993
  -3.031
  -3.000
  -2.979
  -3.020
  -2.865
  -2.991
  -2.953
  -3.040
  -3.091
  -3.079
  -2.937
  -2.961
  -2.877
  -3.035
  -2.964
  -3.015
  -3.162
  -3.216
  -2.774
  -3.009
  -2.786
  -2.790
  -3.010
  -2.958
  -2.794
  -2.803
  -2.808
  -2.811
  -2.812
  -2.813
  -3.086
  -3.309
  -2.962
  -2.910
  -3.058
  -2.968
  -2.900
  -2.932
  -3.006
  -2.978
  -2.857
  -3.134
  -3.018
  -2.825
  -2.825
  -2.899
  -3.055
  -2.987
  -2.915
  -2.899
  -2.988
  -3.057
  -2.887
  -3.007
  -3.042
  -2.830
  -2.905
  -3.081
  -2.908
  -2.809
  -2.941
  -2.855
  -2.855
  -2.932
  -2.853
  -2.859
  -3.049
  -2.943
  -3.018
  -2.982
  -2.932
  -2.946
  -2.926
  -2.854
  -2.812
  -2.809
  -2.798
  -2.806
  -2.808
  -2.812
  -2.813
  -2.908
  -2.911
  -2.916
  -2.872
  -2.894
  -2.877
  -2.936
  -3.062
  -3.020
  -2.848
  -2.928
  -2.904
  -2.860
  -2.838
  -2.934
  -2.850
  -2.920
  -3.062
  -2.907
  -2.943
  -3.015
  -3.077
  -3.049
  -3.044
  -2.884
  -2.943
  -2.854
  -2.965
  -3.010
  -3.020
  -3.055
  -2.929
  -3.144
  -3.093
  -2.965
  -2.809
  -3.019
  -2.965
  -2.943
  -3.137
  -3.017
  -3.043
  -2.926
  -3.063
  -3.080
  -2.930
  -2.993
  -2.774
  -3.112
  -3.040
  -2.786
  -2.790
  -2.794
  -2.803
  -3.092
  -2.808
  -2.811
  -2.812
  -3.025
  -2.862
  -2.926
  -3.021
  -2.970
  -2.923
  -2.943
  -2.823
  -2.926
  -3.053
  -3.043
  -2.829
  -2.976
  -2.839
  -3.107
  -3.022
  -3.174
  -2.920
  -2.830
  -3.004
  -3.038
  -2.986
  -2.937
  -2.936
  -2.883
  -2.965
  -3.040
  -2.999
  -3.029
  -2.850
  -2.981
  -2.850
  -2.825
  -2.897
  -3.045
  -2.848
  -3.032
  -3.051
  -2.959
  -2.930
  -2.979
  -3.056
  -2.954
  -2.827
  -2.945
  -2.915
  -2.809
  -2.798
  -2.806
  -2.808
  -2.812
  -2.813
  -3.115
  -2.964
  -3.116
  -2.972
  -2.931
  -2.907
  -3.031
  -2.928
  -3.065
  -2.909
  -2.938
  -2.912
  -3.243
  -2.956
  -3.055
  -3.118
  -2.942
  -2.895
  -2.878
  -2.896
  -2.858
  -2.940
  -2.854
  -2.871
  -2.933
  -2.955
  -2.837
  -2.879
  -3.023
  -2.976
  -2.874
  -3.007
  -2.983
  -3.024
  -2.939
  -3.019
  -3.274
  -3.057
  -2.809
  -2.992
  -3.015
  -2.974
  -3.052
  -2.912
  -3.064
  -3.001
  -2.944
  -2.877
  -3.008
  -2.774
  -3.022
  -2.786
  -2.790
  -2.794
  -2.803
  -2.808
  -2.811
  -2.812
  -3.127
  -2.940
  -3.009
  -2.950
  -2.934
  -2.930
  -3.041
  -3.008
  -3.192
  -2.921
  -2.983
  -3.009
  -3.043
  -2.908
  -2.862
  -3.017
  -3.112
  -2.862
  -3.047
  -2.953
  -3.119
  -2.934
  -2.905
  -2.893
  -2.945
  -3.003
  -2.871
  -2.974
  -2.940
  -2.974
  -2.833
  -2.837
  -3.007
  -2.837
  -3.096
  -2.982
  -3.001
  -3.008
  -2.964
  -2.862
  -2.884
  -2.992
  -3.016
  -2.930
  -2.974
  -2.969
  -3.016
  -2.809
  -2.798
  -2.806
  -2.808
  -2.812
  -2.813
  -2.959
  -2.904
  -2.848
  -3.028
  -2.963
  -2.993
  -2.999
  -2.853
  -2.815
  -2.909
  -2.970
  -2.983
  -3.041
  -2.851
  -3.007
  -2.931
  -3.044
  -2.829
  -3.069
  -2.963
  -2.984
  -2.893
  -2.913
  -2.840
  -2.961
  -2.896
  -2.890
  -2.921
  -2.881
  -2.945
  -3.061
  -2.971
  -2.960
  -2.949
  -2.852
  -3.023
  -2.938
  -3.020
  -3.043
  -3.011
  -2.809
  -3.005
  -2.961
  -3.108
  -2.926
  -3.059
  -3.131
  -3.026
  -3.019
  -3.102
  -2.774
  -2.786
  -3.071
  -2.790
  -2.794
  -2.803
  -2.808
  -2.811
  -2.812
  -2.992
  -3.051
  -2.868
  -2.915
  -2.965
  -2.952
  -2.842
  -3.017
  -2.974
  -2.871
  -2.932
  -2.898
  -2.974
  -2.952
  -2.944
  -3.051
  -2.871
  -2.952
  -2.888
  -3.095
  -2.875
  -3.003
  -2.866
  -2.942
  -3.082
  -3.102
  -2.814
  -2.905
  -2.895
  -2.999
  -2.896
  -2.854
  -2.819
  -2.974
  -3.002
  -2.931
  -2.953
  -2.897
  -2.904
  -2.966
  -3.009
  -3.123
  -2.993
  -2.992
  -2.893
  -2.961
  -2.847
  -2.809
  -2.798
  -2.806
  -2.808
  -2.812
  -2.813
  -3.081
  -2.933
  -3.025
  -2.908
  -3.063
  -3.012
  -2.940
  -3.069
  -3.048
  -2.865
  -2.934
  -3.028
  -2.932
  -2.862
  -2.949
  -2.851
  -2.864
  -2.856
  -3.009
  -2.913
  -3.052
  -3.092
  -2.847
  -2.833
  -2.838
  -2.943
  -2.915
  -3.013
  -2.994
  -3.018
  -3.038
  -2.908
  -2.910
  -3.025
  -2.965
  -2.913
  -2.893
  -3.011
  -3.003
  -3.086
  -2.809
  -3.254
  -2.974
  -3.003
  -2.996
  -2.897
  -3.219
  -3.017
  -3.144
  -3.093
  -3.042
  -2.928
  -2.959
  -2.811
  -3.008
  -2.821
  -2.961
  -3.013
  -2.922
  -2.991
  -3.021
  -2.828
  -2.916
  -3.015
  -2.886
  -2.917
  -3.065
  -2.918
  -2.957
  -2.987
  -3.072
  -2.932
  -2.789
  -2.977
  -2.875
  -2.975
  -2.876
  -2.921
  -2.917
  -2.869
  -2.866
  -2.939
  -3.022
  -2.958
  -2.937
  -2.910
  -2.796
  -2.920
  -2.989
  -2.944
  -2.908
  -3.035
  -2.774
  -2.786
  -2.790
  -2.794
  -2.803
  -2.808
  -2.977
  -2.811
  -2.812
  -2.999
  -3.123
  -2.989
  -2.942
  -2.934
  -2.995
  -3.025
  -3.124
  -2.951
  -2.809
  -2.798
  -2.806
  -2.808
  -2.812
  -3.024
  -3.020
  -3.094
  -2.973
  -3.048
  -3.128
  -3.054
  -2.935
  -2.992
  -2.934
  -2.970
  -2.974
  -2.968
  -2.966
  -2.953
  -2.980
  -2.844
  -2.822
  -2.823
  -2.946
  -2.856
  -2.848
  -2.880
  -2.942
  -2.981
  -3.039
  -3.005
  -2.856
  -2.850
  -2.940
  -2.914
  -3.025
  -3.109
  -3.061
  -3.000
  -2.990
  -2.948
  -3.056
  -3.013
  -3.023
  -3.052
  -2.789
  -2.809
  -3.020
  -3.012
  -3.178
  -3.041
  -3.113
  -3.021
  -2.939
  -2.984
  -2.774
  -2.993
  -3.028
  -2.786
  -2.905
  -2.960
  -2.987
  -2.996
  -2.967
  -2.915
  -3.011
  -3.000
  -2.943
  -2.940
  -3.044
  -2.783
  -3.027
  -2.947
  -2.957
  -3.029
  -2.963
  -2.969
  -2.974
  -2.900
  -2.968
  -2.801
  -2.930
  -3.015
  -2.779
  -3.081
  -2.834
  -2.957
  -2.864
  -2.908
  -3.106
  -2.956
  -3.032
  -2.957
  -2.801
  -3.064
  -2.790
  -2.794
  -2.803
  -2.808
  -2.811
  -2.811
  -3.036
  -3.059
  -3.029
  -2.951
  -3.003
  -3.067
  -3.016
  -2.863
