5.912
5.716
5.846
5.917
5.894
5.556
5.257
5.871
6.025
5.807
5.862
5.151
3.304
5.661
6.016
4.446
5.823
5.673
5.969
6.026
5.708
5.232
5.520
5.399
5.944
5.118
5.848
5.119
5.837
5.145
5.123
5.443
4.925
5.543
5.525
5.636
5.567
5.658
5.559
5.862
3.299
5.440
5.317
4.665
3.996
5.227
5.914
5.566
5.327
5.739
5.895
5.605
5.940
5.969
5.403
4.966
5.809
5.878
5.892
5.755
4.884
5.226
5.450
4.950
5.754
5.453
5.594
5.783
5.605
5.618
5.381
2.804
6.058
3.867
6.082
5.585
5.973
5.670
5.811
6.014
5.539
5.449
5.660
5.858
4.210
5.849
5.958
5.850
4.967
5.362
5.749
5.844
5.591
5.733
5.757
5.870
5.818
5.007
5.987
5.401
5.744
6.103
4.703
5.924
6.350
5.302
5.880
5.935
5.804
5.994
5.928
6.106
5.938
5.802
6.062
5.960
6.008
4.664
5.763
4.610
4.071
5.426
5.758
6.351
5.966
5.717
5.614
5.921
5.297
5.575
4.641
4.863
5.849
5.742
5.725
5.107
5.297
5.725
5.393
5.708
6.177
5.968
6.018
6.044
5.686
5.224
5.269
5.205
5.768
6.005
5.957
5.888
5.664
6.220
6.032
4.025
5.449
4.746
5.824
5.720
5.854
5.645
3.914
5.478
4.134
6.297
4.102
6.112
6.168
5.864
4.695
4.645
6.302
5.802
6.196
5.630
5.842
5.267
5.700
5.333
5.754
5.403
4.275
6.051
6.039
5.649
5.617
5.140
5.917
5.815
5.499
4.866
6.031
4.862
5.692
5.717
5.807
6.163
5.836
5.369
5.628
5.895
5.886
5.819
6.012
6.103
5.938
5.297
5.382
5.909
6.157
5.297
5.105
5.808
6.032
5.917
5.836
5.824
5.811
6.044
6.001
6.014
6.086
5.768
5.714
5.442
5.863
5.694
6.227
5.819
6.069
5.841
5.857
6.344
5.936
6.014
5.589
5.992
6.016
3.676
5.791
5.358
5.322
5.851
5.584
5.998
5.921
6.171
6.196
5.802
4.695
5.412
5.864
5.816
5.446
6.031
5.649
5.799
5.140
5.815
6.350
4.773
5.850
6.046
5.444
5.964
6.117
5.789
6.037
5.851
1.579
5.369
5.737
5.783
6.258
6.152
5.905
5.798
5.926
5.780
5.553
5.497
6.144
5.664
5.579
5.950
6.089
5.377
1.552
1.291
6.183
6.020
2.365
6.106
5.236
6.068
5.545
6.206
6.404
5.799
5.904
6.229
6.152
5.853
5.611
5.726
5.608
2.011
4.661
6.227
5.442
5.921
6.103
5.936
5.882
5.918
5.753
3.991
5.934
5.846
5.798
5.347
5.234
5.916
5.839
5.852
5.837
6.049
5.101
5.800
5.964
6.229
6.004
5.717
5.848
6.162
6.183
5.711
6.160
6.092
5.720
5.877
5.677
5.939
5.846
5.976
5.320
6.347
5.869
5.905
5.929
5.754
6.008
5.917
6.039
6.016
6.193
5.532
5.772
5.995
6.196
5.802
6.404
6.089
5.579
5.598
5.814
5.455
5.799
6.068
5.649
5.545
6.173
1.759
5.948
5.965
5.985
5.520
5.577
4.263
5.851
5.947
5.677
5.962
6.006
5.725
5.804
5.743
5.585
5.607
5.607
5.959
6.419
5.206
6.224
6.213
6.219
6.216
5.889
6.385
6.398
6.020
6.085
6.071
2.300
6.011
5.702
5.749
5.705
5.714
6.037
5.836
5.802
5.709
6.227
5.921
6.103
5.936
5.962
6.039
5.696
6.165
6.208
5.867
5.990
6.190
5.989
5.598
5.613
5.914
6.022
5.996
5.976
5.904
5.932
6.210
5.840
5.850
4.511
6.352
5.793
5.924
5.960
5.974
5.851
5.805
5.890
6.194
5.800
6.283
5.865
5.568
6.180
6.184
5.883
5.696
6.224
6.196
5.802
1.314
6.398
5.934
4.966
5.137
5.952
5.933
5.636
5.724
5.775
5.654
5.626
5.702
5.799
5.738
5.198
6.037
6.011
5.545
5.754
6.051
6.423
6.025
5.695
4.897
6.019
5.813
6.029
5.965
6.152
6.221
6.086
6.143
5.960
5.842
6.032
5.968
6.137
5.945
6.072
6.212
6.172
5.945
6.449
5.034
5.533
6.132
5.679
6.093
6.028
5.601
5.745
5.729
5.825
5.731
2.582
6.158
5.781
5.969
6.048
5.973
5.974
5.968
6.227
5.921
5.962
6.039
5.994
5.835
5.887
6.157
6.130
6.009
5.819
5.886
6.206
6.205
5.853
4.495
5.431
5.874
5.671
5.718
5.875
5.968
5.903
5.941
6.344
6.031
5.968
5.667
5.762
6.110
6.029
5.957
5.822
5.992
6.088
6.034
6.083
5.926
5.963
5.774
5.708
6.211
6.050
6.064
5.842
6.230
6.216
5.829
5.587
5.635
6.224
6.072
6.196
5.802
5.968
6.398
6.065
6.094
5.702
5.799
6.051
5.974
5.879
1.009
5.903
6.052
5.789
5.679
5.883
5.719
6.015
5.788
5.988
6.026
6.170
5.981
5.343
6.396
6.029
3.384
6.369
5.922
5.860
6.108
6.203
6.177
6.179
5.846
6.217
5.781
5.922
6.115
5.242
6.010
5.990
6.165
6.242
6.136
6.119
6.199
6.414
5.856
5.884
5.722
6.015
6.032
6.227
6.009
5.962
5.709
6.349
5.821
6.029
6.105
6.068
5.883
5.902
6.350
5.940
5.930
6.350
5.998
5.892
5.973
6.087
6.093
5.172
5.985
5.996
6.005
6.114
5.155
5.971
5.864
5.935
4.364
5.186
5.399
5.806
6.224
6.109
6.072
5.786
6.196
6.053
5.786
6.018
5.637
5.733
5.576
6.143
6.129
6.378
6.025
5.826
6.022
5.730
6.217
5.802
5.968
5.840
6.398
3.553
1.663
6.242
5.702
6.051
5.922
6.010
5.974
4.067
6.016
6.114
6.206
6.189
5.934
5.662
6.212
6.219
6.218
6.310
6.197
6.203
6.049
6.209
5.853
5.872
6.175
5.675
5.723
5.976
5.961
5.866
5.985
6.061
5.818
5.997
5.860
5.800
5.763
5.733
5.500
5.691
5.779
5.818
5.813
5.813
6.027
5.974
5.962
5.928
5.314
6.001
5.734
5.711
5.970
6.037
6.238
6.009
6.349
5.962
5.526
5.979
5.727
6.271
5.808
6.050
6.351
6.350
5.949
6.099
5.813
6.017
6.073
5.462
6.018
6.069
5.159
5.590
5.895
5.375
6.076
6.033
5.958
6.045
6.118
5.952
6.068
6.276
6.195
5.781
5.666
5.157
5.522
5.607
6.301
6.095
6.051
6.007
6.186
6.161
6.035
5.905
6.016
6.095
6.011
6.224
6.072
6.196
5.802
5.968
4.395
6.242
5.702
5.808
6.310
5.970
6.051
4.443
5.974
6.238
3.528
6.009
6.024
6.157
5.843
5.370
5.944
6.031
6.186
6.007
6.061
6.213
6.190
6.095
6.204
6.138
6.031
6.091
6.026
6.144
5.939
5.960
6.004
5.869
5.610
5.205
5.600
5.975
5.733
5.670
5.965
5.808
5.803
6.031
5.927
5.946
5.841
6.119
5.791
5.769
5.759
6.032
5.968
6.007
6.077
5.722
6.349
5.962
6.301
6.028
5.812
5.936
5.970
6.352
5.671
5.503
6.047
6.061
5.606
5.763
6.104
6.127
5.536
5.830
5.746
6.031
5.602
6.224
6.072
5.947
5.850
6.347
5.922
5.737
5.980
5.149
6.196
5.802
6.220
5.610
5.537
5.696
5.848
6.132
6.107
6.119
6.217
5.758
6.191
5.969
5.931
5.823
5.810
5.860
5.628
5.911
6.044
5.985
6.178
6.121
6.148
5.997
4.714
6.310
6.091
5.769
6.144
5.970
6.051
5.974
6.238
6.015
6.164
5.951
5.816
5.803
6.218
5.965
5.959
6.198
6.050
6.041
5.698
6.041
6.008
6.168
6.038
5.966
6.219
6.218
5.287
6.411
5.700
6.089
5.663
5.977
6.039
5.771
6.105
5.896
5.736
1.708
6.106
1.804
6.137
6.002
6.087
5.574
5.959
6.206
6.016
5.998
6.221
6.291
5.945
5.962
6.301
6.411
6.224
6.072
6.196
6.093
5.837
5.740
5.910
6.109
6.346
5.946
4.944
5.052
5.962
5.762
5.687
5.896
5.811
5.538
5.675
6.119
6.328
5.889
6.176
6.097
6.217
6.217
6.190
5.658
5.766
6.011
5.929
5.737
6.214
6.215
5.946
5.910
6.219
6.214
6.418
6.182
6.344
6.067
6.184
5.147
5.904
6.091
5.933
5.922
6.087
6.310
6.291
5.651
5.881
5.681
6.091
5.654
6.137
5.769
6.144
5.974
6.238
3.814
5.686
5.984
5.809
6.159
5.807
6.180
6.010
6.002
5.753
6.200
6.150
5.863
5.997
6.103
5.809
5.788
6.004
5.978
5.817
6.070
6.043
6.093
6.092
6.004
6.142
6.063
6.060
6.000
5.998
6.238
6.135
6.078
6.079
5.690
6.239
6.135
6.026
5.931
6.020
6.068
5.899
5.482
5.975
6.115
5.918
5.962
6.301
5.669
5.855
5.936
6.064
5.512
6.047
5.955
6.021
5.672
6.060
6.044
5.827
6.031
5.950
5.867
5.506
6.156
6.411
6.224
6.072
6.196
6.214
5.913
5.979
5.944
6.236
6.218
6.160
5.635
5.932
5.880
5.686
5.936
6.219
6.182
6.036
6.018
6.074
6.185
6.393
5.931
6.212
6.221
6.212
6.212
4.101
5.365
6.106
6.087
6.092
6.135
5.142
5.624
6.310
4.952
6.291
6.091
6.041
6.115
6.059
5.974
5.918
6.218
6.219
6.399
5.999
6.063
5.857
6.032
5.806
6.154
6.001
6.101
6.141
5.834
5.731
5.986
5.833
5.753
6.121
5.798
6.081
4.880
5.863
5.946
6.021
6.266
6.034
5.961
6.107
6.122
6.223
6.009
6.159
6.149
6.051
6.177
6.081
6.081
6.033
5.910
5.988
5.604
6.031
6.057
5.985
5.962
6.301
6.027
6.341
6.055
6.220
6.232
5.853
5.776
6.245
6.013
5.709
5.921
4.349
5.990
3.834
6.038
6.399
6.224
6.393
6.072
6.196
5.698
5.674
6.130
5.929
5.849
5.920
5.100
5.737
5.850
6.013
5.510
6.049
5.205
5.891
6.180
6.191
5.963
5.897
6.172
5.889
5.912
6.424
6.224
6.218
6.218
6.216
5.973
6.155
6.002
5.761
6.149
6.087
6.092
6.135
6.310
6.291
6.082
6.091
5.854
6.115
5.754
5.555
5.974
6.033
5.231
5.739
5.973
5.807
5.971
6.170
5.702
6.038
5.403
5.853
5.838
5.896
5.810
5.608
5.687
5.842
5.706
6.075
6.323
6.022
5.533
6.016
6.131
6.173
6.177
5.991
5.702
6.127
6.133
6.059
6.076
6.204
6.091
5.935
6.155
6.118
5.888
5.964
5.152
6.007
6.075
6.178
6.006
5.962
6.301
5.025
6.052
6.106
5.828
5.966
6.091
6.181
5.981
5.982
5.742
6.002
6.054
5.999
5.853
6.074
5.940
6.034
6.022
6.177
6.218
6.043
5.842
5.900
5.920
5.831
6.136
6.102
5.935
6.424
6.217
6.217
6.218
6.223
6.218
6.139
6.216
6.220
6.180
6.219
6.158
6.041
4.724
6.026
5.835
6.399
6.224
6.393
6.072
6.196
5.419
6.087
6.133
6.310
6.291
6.091
5.955
6.016
6.047
6.090
5.603
6.115
5.974
6.055
6.188
5.718
6.172
5.911
5.888
5.948
5.740
5.931
5.727
5.927
6.193
6.012
5.880
5.998
5.852
5.892
5.717
6.016
5.918
5.757
5.682
5.814
6.197
5.934
6.187
6.168
5.898
6.097
6.304
6.032
6.208
6.185
6.082
5.793
6.018
6.080
5.957
6.107
5.925
5.971
6.272
6.088
5.977
5.962
6.301
6.399
6.224
6.393
6.072
6.196
6.080
5.186
6.098
5.989
6.299
5.952
5.876
6.111
5.941
5.850
6.136
5.752
6.425
6.221
5.604
5.854
6.001
5.805
6.230
5.701
5.697
5.629
5.703
6.127
6.134
6.204
6.103
6.002
5.934
5.606
5.875
6.007
5.778
6.440
6.212
5.993
5.909
6.086
6.216
6.165
5.985
5.989
6.016
6.087
6.133
5.544
6.049
5.741
6.171
6.310
5.906
5.993
6.291
6.091
6.115
5.480
5.977
6.272
5.806
5.706
5.714
6.037
5.803
5.282
5.905
5.850
6.097
6.116
5.812
6.027
5.411
5.423
6.007
5.889
6.005
6.053
6.160
5.464
5.865
6.116
6.096
6.028
6.095
6.052
6.122
6.020
6.115
5.974
6.015
6.015
6.006
5.800
5.865
5.858
5.865
5.902
5.890
5.942
5.909
6.010
6.183
6.101
5.911
6.093
6.015
6.167
5.962
6.301
6.399
6.224
6.393
6.072
6.196
5.850
5.796
6.024
5.842
6.355
6.039
6.249
5.638
5.612
5.942
5.776
5.744
4.938
5.970
5.303
5.972
5.885
5.937
6.181
6.320
6.192
6.168
5.808
5.880
5.800
5.344
6.039
6.179
6.204
5.895
5.887
5.697
6.394
6.186
6.219
6.214
6.420
5.875
6.215
6.220
5.910
6.217
6.427
6.376
6.114
6.012
5.974
6.087
6.095
6.183
6.310
6.291
3.481
5.993
6.005
6.115
5.977
6.272
5.734
5.851
5.736
5.835
5.820
6.045
5.736
5.770
5.038
5.755
5.507
6.002
5.920
5.559
6.136
5.715
6.026
6.048
6.087
5.892
6.022
6.107
6.302
6.152
6.130
6.120
6.003
6.024
5.695
6.017
6.149
6.093
6.050
6.059
6.031
6.176
6.011
6.202
5.590
5.846
6.030
6.126
6.034
6.072
5.926
5.927
5.962
6.301
6.399
6.224
6.393
6.072
6.196
5.431
6.153
6.347
5.897
5.693
5.820
5.909
5.847
6.091
5.534
5.927
5.890
6.140
6.227
5.970
5.855
6.182
5.791
6.397
5.709
5.753
5.914
5.938
6.060
5.772
6.427
4.739
6.425
6.213
5.653
6.226
6.281
6.061
6.211
6.219
6.214
6.214
6.395
5.920
6.175
6.206
5.302
5.535
5.981
5.566
6.087
6.095
6.183
6.310
6.291
5.292
4.976
5.867
6.148
5.833
6.115
5.977
6.272
6.131
6.185
5.790
5.367
6.170
5.766
6.192
6.167
5.809
5.746
5.285
5.252
6.244
5.994
5.997
6.008
5.863
6.127
5.268
5.882
6.049
6.053
6.340
6.020
5.997
6.118
6.199
6.026
5.943
5.938
6.185
6.138
6.091
6.198
6.130
5.969
5.644
6.108
6.183
6.155
6.069
6.019
5.962
6.301
6.399
6.224
6.393
6.072
6.196
5.738
5.961
5.992
5.948
5.946
5.940
6.026
5.586
5.392
5.672
5.810
4.091
5.749
5.796
6.063
5.995
6.051
5.828
5.476
5.802
5.862
5.576
6.189
6.193
6.077
6.030
5.999
6.214
5.945
5.976
5.866
6.214
6.219
6.177
5.888
6.393
5.877
6.086
6.162
6.095
6.140
6.167
6.186
5.682
6.102
5.645
5.748
6.087
6.095
6.183
5.642
6.310
5.757
6.155
6.115
5.977
6.272
5.314
6.001
5.673
5.595
5.740
5.864
5.852
6.061
5.695
5.926
5.801
5.517
6.115
6.232
5.775
5.874
5.752
5.859
6.067
6.060
5.976
5.935
5.450
6.050
6.144
6.060
6.162
6.105
5.771
6.082
6.259
6.181
6.194
6.258
6.040
5.864
6.284
5.974
6.143
6.119
5.964
6.078
5.955
6.023
6.254
5.962
6.301
6.399
6.224
6.393
6.072
6.196
5.780
5.636
5.717
5.850
5.581
4.077
5.996
5.945
6.067
5.986
5.987
5.889
5.775
5.870
6.068
6.137
6.059
6.289
5.945
5.733
6.058
5.976
6.188
6.184
6.053
6.227
5.825
5.884
6.084
6.219
6.175
6.003
6.421
6.191
6.207
6.203
6.358
5.722
5.907
5.727
6.025
5.865
5.989
6.073
6.353
6.080
5.740
5.729
6.181
6.087
6.095
6.183
6.310
4.818
6.115
5.977
6.272
5.367
6.056
5.621
5.726
5.661
5.927
5.695
5.720
5.847
5.768
5.406
5.139
5.847
5.970
5.390
5.987
6.015
6.048
5.869
6.086
5.810
5.591
6.046
6.093
6.193
6.126
6.055
5.966
6.205
5.903
6.155
6.142
6.248
5.839
6.049
5.950
6.108
6.202
6.136
5.960
6.219
6.063
6.222
5.971
5.929
5.962
6.301
6.399
6.224
6.393
6.289
6.072
6.196
5.968
6.188
5.745
5.742
6.201
5.672
5.672
5.844
5.934
5.731
5.856
5.761
6.222
5.935
5.699
5.779
5.934
5.982
5.659
5.742
5.956
6.291
6.410
6.222
6.321
5.973
6.214
6.228
6.335
6.221
5.860
6.214
6.217
6.160
6.049
6.050
5.926
5.490
5.747
5.962
6.158
6.173
6.181
6.087
5.921
5.879
5.818
6.141
6.095
6.183
5.708
4.998
6.115
5.170
5.977
5.864
6.272
5.697
5.679
5.870
6.190
5.419
5.953
5.927
5.926
5.744
6.273
6.250
5.861
6.169
6.067
6.009
5.897
6.054
6.301
5.864
6.044
6.101
6.124
6.123
6.203
6.127
6.127
6.127
6.246
5.864
6.163
6.139
6.002
6.026
6.277
6.073
6.076
6.242
5.977
5.941
6.106
5.948
6.012
5.962
6.301
6.000
6.030
5.966
6.006
5.977
5.053
5.677
6.009
5.815
5.774
4.913
5.958
5.776
6.048
5.597
5.686
3.125
5.563
5.773
5.470
5.708
6.005
6.007
5.603
6.114
5.876
5.924
5.332
6.399
6.224
6.393
6.335
6.289
6.072
6.193
5.977
5.357
5.780
6.232
6.404
6.113
5.911
5.725
5.455
5.606
6.218
6.186
5.956
6.218
6.447
6.216
6.213
6.216
5.640
6.181
6.087
6.095
3.142
6.183
6.115
5.977
6.272
6.058
6.092
6.089
5.673
5.824
5.865
5.735
5.914
6.029
6.237
6.075
6.129
5.928
5.699
6.105
5.799
6.082
5.935
5.886
5.705
5.707
5.946
5.734
5.738
5.710
5.997
6.135
5.835
5.986
6.146
5.250
6.058
5.862
6.234
6.239
6.133
5.918
6.174
6.170
6.079
5.860
6.157
6.237
5.677
5.841
5.990
6.113
6.137
6.122
5.962
6.301
6.339
5.878
5.881
5.569
6.165
5.848
5.926
5.595
5.709
5.699
6.399
5.881
6.224
5.592
4.595
6.393
6.335
6.289
6.072
6.014
6.102
6.099
6.039
5.995
5.507
5.483
5.620
6.147
5.698
6.340
6.095
5.989
6.011
6.181
5.986
6.218
6.384
6.218
6.424
6.085
5.907
6.079
5.894
6.024
6.040
6.208
6.226
6.014
6.053
6.211
6.039
6.173
6.046
6.190
5.872
5.794
6.181
6.087
6.095
6.183
5.863
6.115
5.968
5.836
5.977
5.905
5.811
6.169
5.743
5.979
5.977
6.166
5.706
6.275
5.821
6.016
5.789
6.155
5.762
5.914
6.054
6.272
5.863
6.109
5.967
5.776
5.583
6.213
6.166
5.851
6.053
5.779
6.275
6.008
5.983
5.993
5.973
6.212
6.046
6.292
6.005
6.081
6.132
6.012
6.086
6.062
6.007
5.677
5.856
6.054
6.222
6.049
6.323
5.962
6.301
6.164
5.862
5.645
6.217
4.330
6.399
6.175
6.054
6.134
6.152
6.224
6.229
5.943
6.393
6.055
6.335
6.214
5.865
6.171
6.189
5.825
6.001
6.216
6.077
6.182
6.153
6.035
6.020
6.056
5.375
6.035
6.061
6.321
6.412
6.063
6.099
6.214
6.215
6.219
6.416
6.200
6.378
6.029
6.151
6.180
6.223
6.039
5.546
6.289
5.791
4.861
6.181
6.087
6.062
6.292
6.095
6.109
4.941
6.323
6.115
5.989
5.616
6.222
5.921
6.274
6.062
6.179
5.706
5.993
5.871
5.968
6.030
6.192
5.790
5.849
5.794
5.842
6.067
5.630
6.164
5.865
5.745
6.001
5.975
5.733
6.125
5.613
6.177
5.766
6.090
5.850
5.899
6.165
5.732
6.190
5.860
6.015
6.257
6.087
6.191
6.180
6.032
6.199
6.051
6.060
5.962
6.301
6.399
6.224
6.393
6.335
6.289
5.698
5.220
6.351
6.356
5.904
6.074
5.952
6.014
5.527
5.441
5.779
6.064
5.988
5.547
5.638
6.301
6.304
6.062
6.212
5.615
5.929
5.920
6.165
6.048
6.217
6.424
6.220
6.178
6.133
6.069
6.366
6.044
6.003
5.709
5.055
5.588
5.721
5.955
6.166
6.214
5.896
6.408
5.970
6.125
6.035
6.120
6.181
6.087
6.062
6.292
6.095
6.109
5.102
6.323
5.980
6.089
6.115
5.269
6.104
6.071
5.682
5.862
5.799
5.816
5.724
5.716
5.926
5.268
5.711
5.715
6.029
6.145
6.092
6.117
6.077
5.857
6.046
6.032
5.574
6.129
6.152
6.001
5.823
5.858
6.238
5.997
5.889
6.228
6.145
6.042
6.116
6.058
5.985
6.032
6.098
5.879
6.082
6.087
6.085
6.116
6.058
6.011
5.583
5.962
6.304
6.399
6.224
6.393
6.335
6.354
5.924
5.620
5.840
5.193
5.367
5.993
5.932
5.775
5.936
5.691
5.970
6.101
5.978
6.324
6.386
6.183
6.004
6.166
6.226
6.094
6.020
6.092
5.961
6.127
6.170
5.983
5.933
5.795
5.706
5.917
5.987
5.692
5.904
5.860
5.858
5.445
5.666
5.483
4.235
6.181
6.075
4.485
6.087
6.029
5.884
5.828
5.832
5.782
5.759
6.025
5.608
5.489
6.292
6.095
6.109
6.323
6.042
6.115
6.149
5.940
5.170
6.103
5.205
5.478
5.888
5.780
5.949
6.099
5.858
5.863
6.130
5.771
5.866
5.901
5.646
6.294
6.079
6.089
6.155
6.060
6.241
5.937
6.191
6.075
6.195
6.201
6.055
5.997
6.041
5.865
5.862
6.103
6.261
5.989
6.183
5.965
5.865
5.754
5.962
6.304
6.399
6.224
6.393
6.335
5.521
6.352
6.352
5.916
5.828
6.270
6.047
5.852
5.665
5.953
5.811
6.006
5.871
6.189
6.188
5.666
5.951
6.005
6.422
5.985
6.150
5.814
6.218
6.332
6.111
5.398
4.194
5.968
4.308
6.112
6.033
6.356
6.062
5.540
5.947
5.606
5.984
6.391
6.187
6.426
6.166
5.920
5.848
6.078
5.683
5.849
5.750
6.080
6.181
6.087
6.029
6.292
6.095
6.109
6.323
6.042
6.115
5.415
5.795
6.038
5.789
5.786
5.873
6.014
5.862
5.916
6.152
6.279
6.069
5.785
5.867
6.211
5.943
6.271
6.021
6.116
5.902
6.209
6.104
6.099
6.101
6.078
6.185
6.149
6.126
6.307
6.101
6.155
6.110
5.996
5.685
5.662
5.775
5.867
5.867
6.027
6.004
6.147
