hardness
 (GPa)  
   5.691
   4.987
   7.467
   6.065
   6.713
   6.426
   3.475
   3.629
   4.403
   6.827
   5.574
   4.729
  -0.042
   4.251
   6.000
   2.995
   5.454
   4.449
   2.973
   5.033
   4.180
   4.486
   5.696
   5.258
   5.926
   4.387
   5.655
   3.286
   6.604
   5.365
   3.754
   4.355
   4.503
   5.201
   4.550
   5.862
   5.247
   4.573
   4.500
   6.631
  -0.209
   5.307
   5.050
   2.571
   2.519
   3.468
   6.355
   5.603
   3.325
   4.735
   5.698
   4.406
   4.266
   5.677
   4.304
   4.180
   6.381
   5.572
   2.368
   6.645
   4.657
   3.124
   6.651
   4.948
   6.334
   5.839
   5.533
   4.847
   4.858
   5.349
   4.021
   0.554
   4.488
   2.872
   5.587
   4.553
   6.123
   5.422
   4.991
   6.188
   4.792
   4.535
   5.646
   6.007
   3.076
   6.287
   6.057
   4.761
   4.142
   6.432
   6.810
   5.481
   4.648
   3.198
   5.962
   5.854
   6.144
   3.949
   6.684
   6.000
   3.991
   7.230
   3.335
   4.506
   5.539
   4.760
   4.676
   5.472
   5.504
   5.047
   6.315
   5.382
   7.164
   5.843
   5.376
   6.954
   7.149
   4.365
   5.791
   2.398
   4.193
   4.860
   6.179
   7.004
   6.090
   5.367
   6.348
   4.707
   5.130
   5.736
   4.043
   6.288
   4.882
   5.215
   4.859
   5.911
   5.735
   6.080
   4.964
   5.954
   5.185
   6.643
   7.249
   6.132
   6.246
   4.429
   2.596
   4.589
   4.480
   4.949
   6.346
   3.645
   5.561
   7.204
   7.063
   2.941
   5.337
   3.261
   6.300
   5.410
   5.491
   5.731
   3.483
   6.489
   3.646
   6.095
   3.536
   6.413
   7.018
   5.170
   5.424
   3.070
   5.892
   7.902
   8.151
   4.270
   7.349
   5.378
   5.118
   5.426
   5.866
   5.234
   2.477
   6.124
   6.386
   6.969
   6.291
   6.502
   6.344
   6.437
   5.561
   4.796
   7.183
   4.755
   5.412
   5.782
   6.827
   3.934
   5.732
   4.763
   2.924
   5.942
   5.770
   5.260
   5.114
   7.230
   7.164
   5.735
   3.747
   6.643
   2.920
   5.130
   3.724
   3.992
   5.827
   6.350
   5.628
   6.300
   4.364
   6.132
   6.261
   5.016
   6.130
   5.799
   5.114
   7.065
   7.168
   5.039
   7.776
   5.589
   4.788
   5.414
   5.996
   6.624
   7.223
   5.005
   4.839
   5.117
   7.041
   2.471
   5.876
   4.335
   4.118
   5.666
   5.320
   6.978
   7.353
   5.680
   8.151
   7.902
   5.424
   4.358
   5.170
   5.109
   5.413
   7.183
   6.969
   4.673
   6.502
   6.437
   7.023
   6.218
   6.757
   5.692
   4.326
   7.870
   6.328
   6.283
   5.865
   6.533
  -2.794
   5.303
   6.542
   5.982
   6.424
   5.748
   5.760
   6.662
   5.903
   6.365
   6.078
   5.031
   5.838
   5.174
   7.029
   5.836
   7.503
   6.084
  -3.303
  -0.671
   7.875
   5.453
  -2.808
   7.166
   6.183
   7.192
   7.274
   6.940
   7.616
   7.523
   4.189
   6.856
   5.284
   6.916
   5.408
   6.757
   6.615
  -0.179
   1.463
   7.776
   7.065
   7.353
   7.230
   7.223
   5.205
   5.337
   4.394
   2.725
   6.968
   6.244
   6.319
   4.559
   3.022
   5.860
   4.813
   5.358
   5.321
   6.098
   5.118
   6.126
   7.870
   6.255
   3.160
   5.767
   5.873
   5.809
   5.923
   5.116
   6.956
   5.704
   2.891
   6.323
   5.261
   6.451
   5.132
   5.087
   5.128
   7.698
   6.535
   6.818
   5.504
   6.423
   7.506
   6.207
   7.568
   6.161
   4.647
   5.264
   4.656
   5.112
   8.151
   7.902
   7.616
   7.503
   7.029
   5.181
   6.380
   3.427
   7.523
   7.192
   6.969
   7.274
   4.159
  -1.960
   6.721
   6.310
   6.691
   5.187
   5.633
   4.374
   7.016
   5.107
   6.639
   8.023
   6.380
   5.992
   3.565
   5.040
   5.054
   6.202
   5.022
   5.756
   7.275
   3.141
   8.263
   6.081
   8.133
   7.038
   5.596
   7.154
   7.693
   5.894
   6.622
   6.931
   1.233
   7.520
   7.847
   4.819
   5.312
   6.277
   7.309
   7.049
   7.001
   6.497
   7.776
   7.353
   7.230
   7.223
   8.023
   7.568
   5.278
   7.185
   6.289
   4.700
   5.234
   6.792
   3.405
   6.060
   6.155
   5.456
   6.615
   4.964
   6.462
   6.704
   7.122
   7.312
   5.842
   5.300
   3.407
   6.780
   6.040
   5.508
   6.794
   6.430
   6.178
   5.589
   5.431
   6.649
   6.495
   6.887
   7.308
   5.225
   6.262
   6.015
   5.996
   5.717
   8.263
   8.151
   7.902
  -1.270
   7.693
   6.862
   2.105
   5.529
   5.565
   2.923
   5.691
   5.861
   5.442
   4.635
   3.768
   7.847
   7.523
   6.376
   6.479
   7.309
   7.520
   7.274
   5.335
   7.962
   6.180
   5.915
   5.405
   5.383
   4.955
   6.620
   7.354
   6.005
   4.578
   6.452
   6.939
   6.329
   5.909
   6.607
   7.192
   7.721
   5.752
   4.871
   8.195
   6.755
   7.284
   7.221
   4.064
   3.101
   5.114
   7.197
   6.952
   7.694
   6.894
   4.799
   5.566
   4.646
   4.270
   6.308
  -3.185
   3.323
   6.380
   7.198
   6.644
   5.543
   8.167
   7.351
   7.776
   7.353
   8.023
   7.568
   7.068
   5.184
   6.197
   7.017
   6.683
   7.797
   6.723
   4.298
   4.771
   6.529
   4.777
   1.306
   5.831
   4.789
   5.061
   5.596
   6.811
   6.045
   7.145
   6.101
   6.714
   5.843
   6.666
   5.349
   5.672
   6.134
   7.354
   4.843
   6.347
   5.918
   7.711
   5.540
   5.593
   6.028
   6.849
   5.100
   5.237
   6.120
   6.172
   6.309
   6.543
   5.141
   5.654
   6.369
   5.725
   6.648
   8.263
   8.195
   8.151
   7.902
   7.721
   7.693
   5.927
   4.460
   7.847
   7.523
   7.962
   8.167
   6.499
  -3.396
   6.303
   6.525
   6.219
   6.496
   6.257
   4.060
   7.181
   5.464
   5.725
   6.494
   4.987
   6.518
   6.035
   7.301
   4.500
  -1.196
   4.050
   6.936
   5.022
   7.715
   5.540
   5.533
   6.212
   5.232
   6.629
   7.514
   7.650
   7.631
   5.991
   7.636
   6.938
   6.592
   7.851
   6.921
   7.592
   5.150
   5.623
   5.183
   7.398
   6.235
   6.881
   6.668
   7.776
   7.797
   8.023
   5.160
   8.231
   4.723
   6.072
   5.690
   5.969
   5.382
   7.169
   7.169
   5.272
   5.981
   7.437
   5.339
   5.898
   7.245
   6.038
   7.248
   5.421
   5.483
   6.482
   6.500
   6.572
   5.964
   3.622
   5.285
   5.453
   0.794
   4.839
   4.696
   4.900
   8.263
   6.369
   8.195
   4.348
   8.151
   6.237
   5.558
   7.186
   5.660
   5.937
   5.567
   6.745
   7.016
   5.352
   5.368
   5.977
   6.021
   6.263
   5.936
   7.902
   7.721
   5.457
   7.693
   1.358
  -0.811
   7.851
   7.847
   7.962
   7.650
   7.636
   8.167
   3.259
   7.334
   4.385
   4.142
   8.135
   7.175
   5.850
   6.743
   7.257
   7.186
   8.117
   5.656
   6.544
   7.347
   7.087
   5.966
   7.030
   5.546
   3.470
   6.723
   6.134
   6.418
   7.403
   5.429
   4.837
   5.112
   7.235
   6.024
   4.729
   5.909
   6.567
   4.618
   5.898
   7.033
   6.944
   7.225
   7.447
   6.246
   6.659
   5.746
   3.836
   4.199
   6.901
   4.456
   7.132
   7.964
   6.276
   8.083
   7.797
   8.231
   8.023
   4.768
   6.354
   6.275
   7.281
   7.142
   4.855
   6.562
   7.023
   7.117
   5.749
   5.683
   6.321
   4.050
   6.505
   5.206
   6.402
   5.632
   7.224
   5.261
   4.584
   5.352
   5.639
   5.470
   4.221
   6.370
   6.110
   7.031
   6.509
   5.260
   4.818
   5.615
   5.589
   5.966
   6.060
   8.305
   5.793
   5.647
   6.309
   6.323
   5.742
   6.280
   5.978
   5.971
   6.717
   5.720
   8.263
   8.195
   8.151
   7.902
   7.721
   2.741
   7.851
   7.847
   5.646
   8.117
   7.964
   7.962
   2.499
   8.167
   8.083
  -2.225
   6.196
   6.589
   7.605
   7.107
   6.607
   4.724
   6.180
   7.430
   7.096
   6.529
   8.199
   7.462
   7.700
   7.193
   6.518
   6.616
   8.109
   7.884
   8.014
   6.376
   6.800
   7.386
   2.674
   6.386
   5.324
   5.829
   6.411
   6.462
   6.197
   7.148
   7.626
   7.568
   6.791
   6.326
   6.761
   5.205
   4.488
   5.920
   8.019
   5.952
   6.951
   7.551
   7.666
   7.143
   4.580
   8.231
   8.023
   8.305
   5.443
   5.747
   5.831
   6.405
   7.027
   6.043
   5.910
   5.323
   4.921
   4.837
   5.535
   6.262
   6.368
   5.583
   6.222
   6.158
   5.099
   6.155
   8.263
   8.195
   5.036
   5.338
   6.691
   4.034
   4.963
   5.407
   4.633
   8.151
   7.902
   6.530
   5.082
   6.971
   5.756
   6.561
   6.422
   7.380
   6.225
   5.321
   6.467
   7.729
   1.971
   6.798
   6.522
   5.654
   4.982
   4.264
   7.672
   7.064
   7.334
   7.109
   6.275
   5.559
   5.208
   3.431
   8.117
   8.109
   8.019
   8.014
   7.964
   7.962
   8.167
   8.083
   6.671
   7.862
   7.257
   6.672
   6.021
   7.467
   4.158
   6.630
   5.040
   6.966
   6.842
   6.439
   7.159
   3.998
   7.877
   5.603
   7.644
   7.675
   5.883
   6.807
   8.431
   4.781
   6.118
   6.979
   6.926
   5.663
   6.059
   7.378
   6.743
   6.473
  -1.423
   7.573
   0.216
   8.049
   5.931
   8.303
   7.521
   7.736
   6.918
   6.526
   7.509
   6.452
   8.110
   4.593
   8.023
   8.305
   8.431
   8.263
   8.195
   8.151
   2.368
   6.209
   6.940
   5.323
   3.752
   8.230
   5.422
   4.477
   3.031
   8.644
   6.260
   4.852
   5.827
   3.978
   3.285
   5.980
   7.922
   7.272
   7.349
   6.862
   7.578
   5.396
   7.378
   8.132
   6.198
   5.471
   6.375
   6.203
   6.395
   6.731
   6.977
   4.457
   7.871
   8.228
   6.056
   8.063
   7.331
   6.249
   7.138
   7.808
   1.812
   5.826
   5.553
   5.308
   5.960
   8.303
   8.117
   8.110
   6.428
   6.190
   6.147
   8.109
   6.193
   8.049
   8.019
   8.014
   8.167
   8.083
   2.103
   5.374
   7.087
   7.663
   8.098
   7.605
   7.476
   6.971
   7.716
   7.151
   7.940
   6.917
   6.204
   8.024
   6.810
   7.257
   6.923
   7.220
   6.300
   4.377
   3.945
   7.280
   8.008
   8.174
   7.777
   7.738
   5.183
   7.622
   7.634
   6.994
   8.028
   8.138
   6.554
   5.951
   6.492
   6.096
   7.014
   6.202
   5.854
   6.103
   4.308
   7.593
   2.106
   6.313
   8.200
   8.084
   8.644
   8.305
   5.890
   6.382
   5.546
   7.814
   6.087
   6.540
   3.337
   6.699
   5.197
   7.334
   5.609
   6.456
   6.322
   5.343
   6.754
   5.930
   6.868
   8.431
   8.263
   8.195
   8.151
   7.891
   4.877
   6.314
   4.898
   5.924
   8.132
   5.555
   4.109
   4.050
   6.686
   6.927
   6.175
   7.362
   7.370
   4.828
   6.803
   6.786
   7.205
   8.256
   6.461
   6.276
   7.705
   7.380
   6.283
   3.304
   2.893
   6.712
   8.303
   8.174
   8.138
   2.599
   1.241
   8.117
   4.352
   8.110
   8.109
   6.251
   8.200
   5.297
   8.167
   8.084
   7.336
   7.398
   8.445
   6.740
   6.624
   6.832
   6.105
   6.933
   6.511
   6.527
   7.677
   7.611
   6.345
   5.871
   7.751
   7.819
   7.265
   6.992
   7.279
   5.805
   5.117
   6.214
   6.073
   7.511
   7.567
   6.690
   7.515
   6.622
   6.917
   5.918
   7.402
   5.476
   7.167
   6.159
   6.399
   8.124
   7.068
   6.615
   7.980
   7.028
   3.243
   7.487
   6.902
   6.125
   8.644
   8.305
   6.879
   6.986
   5.725
   6.226
   6.972
   6.024
   4.754
   5.357
   5.569
   6.188
   3.917
   1.852
   5.728
   3.732
   6.777
   8.445
   8.263
   8.256
   8.195
   8.151
   6.368
   6.562
   4.420
   6.317
   6.463
   5.587
   1.188
   5.343
   6.055
   5.583
   6.309
   6.118
   5.186
   6.665
   7.952
   6.689
   6.968
   6.742
   7.376
   5.724
   5.602
   6.072
   7.494
   8.122
   7.478
   5.452
   5.246
   4.732
   7.372
   5.509
   7.018
   8.303
   8.174
   8.138
   8.117
   8.110
   6.576
   8.109
   5.605
   8.200
   3.029
   5.332
   8.167
   6.676
   6.004
   5.677
   6.594
   5.585
   6.298
   5.105
   6.133
   6.472
   5.778
   7.847
   7.010
   6.394
   6.946
   5.447
   5.689
   6.982
   6.534
   6.863
   6.186
   7.105
   7.044
   8.077
   7.914
   7.267
   7.281
   6.739
   6.414
   5.445
   8.184
   6.713
   6.731
   7.202
   7.939
   7.135
   7.547
   6.588
   6.183
   7.818
   1.389
   5.048
   6.006
   7.940
   7.471
   8.644
   8.305
   5.131
   6.248
   5.811
   5.981
   7.242
   5.748
   5.237
   6.054
   5.579
   6.420
   6.108
   6.365
   6.532
   6.845
   7.589
   6.618
   7.641
   4.111
   8.019
   6.012
   6.031
   5.394
   6.108
   7.376
   6.546
   7.157
   7.263
   7.656
   8.338
   7.405
   5.950
   5.622
   7.952
   5.805
   6.870
   5.644
   7.252
   8.021
   7.458
   5.737
   5.495
   2.785
   5.717
   6.185
   8.445
   8.263
   8.256
   8.195
   8.151
   3.891
   8.303
   8.184
   8.117
   8.110
   8.109
   6.677
   8.077
   5.334
   6.209
   3.452
   8.200
   8.167
   5.905
   7.441
   7.074
   5.798
   7.124
   7.185
   4.159
   6.598
   5.387
   5.074
   7.060
   7.360
   5.238
   6.174
   7.031
   6.408
   7.051
   6.477
   1.706
   6.723
   6.286
   6.854
   7.285
   7.402
   5.462
   6.414
   6.805
   7.949
   8.073
   6.705
   7.842
   6.764
   7.477
   6.712
   6.595
   4.849
   5.731
   6.622
   5.129
   7.305
   7.353
   8.162
   6.924
   8.171
   8.644
   8.305
   8.445
   8.263
   8.256
   8.195
   8.151
   4.510
   2.398
   5.505
   5.868
   6.580
   7.228
   5.459
   5.958
   4.955
   5.827
   6.092
   5.831
   6.934
   7.201
   5.114
   7.006
   5.312
   6.551
   3.453
   3.804
   5.779
   6.346
   6.556
   7.141
   6.058
   7.520
   6.249
   5.938
   5.189
   3.260
   6.147
   6.133
   4.320
   7.370
   6.569
   6.838
   6.370
   6.198
   7.249
   7.950
   6.066
   4.928
   7.051
   8.303
   8.184
   6.024
   7.169
   6.730
   7.524
   8.117
   4.470
   7.674
   8.110
   8.109
   8.200
   4.273
   8.171
   8.162
   6.615
   6.029
   6.242
   5.017
   7.059
   6.244
   6.211
   6.228
   6.315
   7.145
   7.227
   6.546
   5.687
   5.435
   6.973
   6.134
   6.971
   7.457
   6.573
   7.002
   6.295
   6.536
   6.641
   5.322
   8.219
   8.105
   7.041
   5.765
   6.302
   7.245
   6.610
   6.531
   7.733
   6.435
   6.423
   3.799
   5.798
   6.881
   7.624
   7.477
   2.284
   7.943
   8.176
   7.863
   6.706
   5.516
   6.116
   7.168
   8.644
   8.305
   8.445
   8.263
   8.256
   8.195
   8.151
   5.927
   5.683
   6.479
   5.856
   6.438
   5.257
   7.313
   2.697
   6.063
   6.157
   6.082
   5.253
   5.133
   5.817
   4.775
   6.431
   6.367
   6.433
   6.011
   6.160
   5.517
   5.347
   5.318
   6.628
   6.141
   6.521
   4.383
   5.466
   7.348
   5.804
   6.123
   5.833
   6.611
   7.316
   7.765
   7.475
   8.332
   5.276
   6.794
   6.841
   7.879
   7.367
   7.803
   6.836
   6.422
   3.238
   5.090
   8.303
   8.219
   8.176
   8.117
   8.110
   1.154
   4.942
   7.014
   8.200
   8.171
   8.162
   7.488
   7.859
   7.304
   7.832
   6.853
   5.320
   6.214
   6.900
   5.006
   6.487
   6.398
   7.602
   6.272
   5.354
   7.088
   5.521
   5.766
   7.815
   5.747
   5.672
   6.916
   7.913
   8.107
   5.233
   7.850
   7.183
   7.065
   6.188
   6.406
   7.986
   6.463
   7.140
   6.304
   7.108
   6.693
   7.893
   7.163
   7.474
   5.364
   7.220
   6.338
   6.866
   7.869
   6.895
   7.518
   5.893
   8.644
   8.305
   8.445
   8.263
   8.256
   8.195
   8.151
   4.361
   5.308
   7.011
   6.562
   5.757
   3.727
   5.290
   5.700
   6.366
   4.847
   6.368
   5.186
   6.366
   6.032
   6.037
   6.821
   4.085
   7.095
   5.145
   5.348
   5.648
   5.784
   5.728
   7.150
   4.498
   6.924
   4.666
   7.004
   5.767
   5.040
   6.191
   3.779
   7.076
   7.335
   7.384
   5.577
   5.072
   8.395
   6.879
   6.253
   4.746
   6.014
   6.338
   6.516
   6.717
   8.303
   8.219
   8.176
   8.117
   8.110
   1.400
   3.939
   5.415
   5.842
   5.463
   8.200
   8.171
   8.162
   5.725
   7.975
   4.539
   5.099
   7.226
   6.302
   7.390
   6.673
   6.195
   6.611
   3.504
   5.414
   7.064
   5.979
   7.585
   4.505
   6.296
   6.367
   7.405
   6.829
   4.740
   6.997
   6.379
   7.354
   7.735
   7.244
   6.982
   6.531
   6.797
   3.199
   7.250
   7.589
   6.527
   6.535
   4.346
   7.672
   6.893
   6.797
   7.648
   8.265
   7.496
   7.923
   8.644
   8.305
   8.445
   8.263
   8.256
   8.195
   8.151
   7.256
   7.056
   7.437
   6.813
   6.291
   4.153
   7.770
   6.606
   4.172
   5.149
   6.123
   4.745
   6.268
   6.455
   6.471
   5.812
   7.196
   5.010
   4.894
   5.540
   6.160
   5.747
   6.261
   7.167
   6.385
   7.943
   4.613
   7.837
   7.197
   6.532
   5.850
   6.008
   7.282
   7.413
   6.101
   8.412
   6.034
   6.298
   6.716
   7.810
   6.269
   7.327
   7.947
   5.789
   6.694
   7.012
   6.709
   8.303
   8.219
   8.176
   4.684
   8.117
   7.071
   8.265
   8.200
   8.171
   8.162
   5.519
   6.954
   6.456
   5.479
   6.443
   6.354
   6.062
   7.608
   6.907
   4.214
   6.064
   4.790
   7.663
   6.250
   5.783
   6.806
   6.965
   6.327
   7.245
   6.611
   6.043
   5.828
   6.048
   7.502
   8.065
   7.440
   7.902
   5.728
   5.722
   6.379
   7.566
   8.334
   8.011
   8.074
   7.794
   6.707
   7.961
   7.911
   8.073
   7.603
   6.887
   4.369
   7.113
   4.957
   8.113
   8.644
   8.305
   8.445
   8.263
   8.256
   8.195
   8.151
   5.483
   2.527
   6.383
   3.589
   5.681
   3.179
   6.658
   7.265
   5.631
   4.153
   5.613
   5.606
   6.394
   4.621
   6.303
   6.847
   3.901
   8.198
   6.826
   7.256
   6.357
   8.089
   7.913
   8.140
   6.781
   7.083
   6.016
   6.801
   6.179
   5.583
   5.694
   6.801
   4.651
   6.876
   8.178
   5.952
   7.944
   5.223
   3.933
   6.323
   6.483
   6.407
   6.260
   6.572
   7.962
   7.049
   6.353
   5.765
   8.334
   8.303
   8.219
   8.176
   8.117
   4.280
   8.200
   8.171
   8.162
   6.193
   6.846
   6.081
   6.142
   5.361
   7.056
   6.001
   6.390
   6.955
   6.652
   4.761
   6.423
   6.899
   6.261
   5.341
   7.518
   8.064
   7.838
   6.159
   6.920
   5.877
   5.818
   7.121
   5.509
   7.294
   6.987
   7.925
   3.616
   7.836
   7.813
   7.900
   7.100
   5.816
   5.806
   6.047
   5.927
   6.842
   6.622
   7.909
   5.763
   6.597
   6.028
   8.048
   5.777
   5.837
   8.644
   8.305
   8.445
   8.263
   8.256
   8.198
   8.195
   8.151
   6.669
   7.462
   6.759
   5.835
   6.175
   6.788
   6.691
   5.890
   5.608
   5.070
   6.636
   6.092
   7.583
   7.378
   7.611
   4.718
   7.147
   3.597
   4.470
   6.226
   5.820
   7.079
   8.296
   7.507
   7.431
   7.072
   7.752
   7.274
   8.225
   6.966
   2.546
   6.790
   8.087
   6.929
   5.362
   7.198
   5.033
   4.840
   6.410
   6.105
   5.794
   7.262
   8.334
   8.303
   6.547
   5.167
   6.724
   6.206
   8.219
   8.176
   6.315
   3.610
   8.200
   5.553
   8.171
   2.602
   8.162
   5.353
   4.881
   7.342
   7.884
   6.024
   7.474
   4.212
   4.197
   5.719
   5.983
   6.706
   6.331
   6.634
   7.775
   6.908
   7.030
   5.921
   5.895
   6.176
   5.052
   7.793
   6.919
   7.822
   7.020
   6.844
   7.589
   6.738
   5.958
   6.297
   6.453
   5.799
   7.927
   4.346
   6.932
   6.516
   7.811
   8.095
   8.182
   4.773
   6.497
   4.398
   7.651
   8.644
   8.305
   4.888
   4.716
   7.192
   5.816
   6.808
   4.464
   2.464
   5.500
   5.990
   6.727
   3.838
   4.518
   5.538
   2.243
   5.789
   7.610
   2.957
   4.350
   6.040
   6.355
   6.453
   6.715
   6.276
   6.534
   7.297
   7.068
   6.148
   5.555
   8.445
   8.263
   8.256
   8.225
   8.198
   8.195
   7.868
   7.113
   2.602
   6.979
   6.032
   5.600
   6.793
   7.730
   4.402
   3.437
   6.762
   6.630
   7.103
   7.608
   5.836
   7.264
   7.270
   5.422
   7.904
   4.573
   8.334
   8.303
   8.219
  -1.189
   8.176
   8.200
   8.182
   8.162
   6.349
   4.653
   6.495
   5.762
   6.758
   6.283
   6.670
   6.994
   6.950
   8.051
   7.021
   7.479
   7.525
   4.806
   7.131
   7.588
   5.492
   7.797
   6.488
   6.682
   5.221
   6.344
   6.155
   6.098
   6.234
   5.010
   6.095
   6.855
   6.158
   7.950
   6.797
   6.975
   5.700
   7.093
   5.780
   5.671
   6.544
   7.276
   7.927
   5.747
   6.343
   6.362
   7.307
   6.315
   6.514
   6.375
   6.974
   6.962
   7.245
   8.644
   8.305
   7.981
   5.091
   6.928
   4.219
   7.010
   5.671
   6.243
   7.870
   6.251
   3.278
   8.445
   3.456
   8.263
   4.101
   3.286
   8.256
   8.225
   8.198
   8.195
   6.822
   6.224
   6.714
   2.747
   6.250
   6.292
   4.993
   6.006
   5.116
   6.478
   7.970
   6.677
   6.614
   6.445
   8.099
   5.874
   7.701
   6.211
   7.997
   6.656
   6.419
   6.772
   5.506
   6.141
   6.114
   6.446
   7.188
   8.026
   4.679
   7.646
   5.767
   7.140
   5.330
   6.926
   7.481
   7.052
   5.982
   8.334
   8.303
   8.219
   8.176
   6.139
   8.200
   4.773
   6.286
   6.969
   5.161
   6.504
   7.074
   6.711
   6.284
   8.182
   6.643
   6.119
   7.058
   7.266
   7.162
   6.716
   6.364
   5.052
   6.956
   4.299
   8.162
   6.164
   8.202
   5.821
   5.731
   2.908
   6.693
   6.478
   6.077
   7.092
   6.007
   5.199
   7.040
   5.779
   7.549
   6.250
   4.946
   6.724
   8.259
   7.885
   7.368
   7.954
   7.639
   6.531
   8.260
   7.219
   7.596
   1.350
   6.298
   7.678
   5.265
   8.479
   8.644
   8.305
   6.971
   6.131
   5.462
   7.662
   3.406
   8.445
   5.340
   6.814
   4.928
   5.587
   8.263
   6.468
   7.514
   8.256
   7.410
   8.225
   7.790
   6.908
   6.934
   6.718
   6.063
   7.355
   7.132
   7.897
   7.071
   5.096
   6.867
   5.284
   4.996
   6.486
   5.104
   7.764
   2.690
   6.756
   4.704
   6.487
   6.704
   7.488
   6.042
   7.277
   5.901
   5.382
   6.715
   6.701
   6.431
   5.879
   6.523
   5.042
   8.198
   5.695
   4.770
   8.334
   8.303
   8.260
   8.259
   8.219
   8.202
   1.461
   8.479
   8.200
   7.243
   4.941
   6.798
   6.195
   6.596
   7.298
   7.376
   6.830
   7.411
   6.423
   6.375
   6.137
   5.693
   5.988
   6.428
   7.202
   4.868
   5.373
   5.707
   4.785
   6.141
   4.788
   7.590
   5.985
   6.943
   6.946
   6.728
   7.805
   5.791
   7.879
   6.538
   5.622
   6.885
   3.877
   7.920
   6.081
   6.189
   8.064
   7.338
   6.492
   7.945
   6.131
   7.806
   6.296
   4.285
   8.644
   8.305
   8.445
   8.263
   8.256
   8.225
   8.198
   7.239
   4.845
   7.699
   7.792
   5.288
   5.455
   6.545
   5.274
   4.188
   6.819
   6.622
   6.992
   5.387
   5.858
   6.306
   2.218
   8.317
   5.729
   7.806
   6.276
   6.567
   6.258
   6.613
   6.903
   6.812
   7.672
   7.331
   7.211
   7.121
   5.454
   7.445
   7.371
   5.100
   4.498
   4.456
   6.194
   7.658
   6.819
   4.722
   5.375
   4.997
   7.142
   5.175
   5.046
   7.944
   5.284
   8.334
   8.303
   8.260
   8.259
   8.219
   8.202
   4.119
   8.479
   7.425
   7.722
   8.200
   6.062
   7.041
   7.651
   4.487
   5.927
   6.657
   6.652
   6.197
   6.319
   4.528
   3.716
   6.507
   6.045
   8.273
   5.703
   7.899
   7.026
   7.535
   6.323
   6.894
   7.887
   4.819
   7.571
   6.122
   5.083
   5.808
   6.359
   7.481
   7.727
   6.304
   7.488
   7.699
   8.367
   7.685
   7.082
   6.263
   6.601
   7.635
   6.770
   7.438
   6.898
   6.589
   7.151
   6.637
   6.074
   6.012
   8.644
   8.317
   8.445
   8.263
   8.256
   8.225
   7.849
   6.266
   5.750
   4.053
   4.955
   3.858
   5.478
   6.672
   5.538
   4.919
   5.815
   5.606
   5.346
   4.300
   4.963
   7.429
   7.101
   5.762
   6.514
   5.941
   7.952
   6.647
   6.138
   7.401
   6.246
   6.847
   6.934
   7.071
   6.941
   6.857
   7.033
   7.046
   6.512
   6.800
   6.197
   6.869
   4.355
   5.891
   4.644
   2.908
   8.334
   5.065
   3.597
   8.303
   8.273
   6.713
   6.058
   7.282
   5.747
   4.362
   7.459
   5.616
   5.813
   8.259
   8.219
   8.202
   8.479
   8.367
   8.200
   4.233
   4.987
   4.301
   4.829
   6.755
   7.443
   5.118
   7.244
   7.960
   5.354
   6.210
   6.096
   7.999
   5.245
   6.097
   7.302
   3.836
   7.825
   8.087
   6.323
   7.920
   4.994
   7.071
   8.168
   6.972
   7.349
   7.444
   7.330
   7.059
   7.492
   7.880
   6.249
   6.145
   6.123
   6.580
   6.279
   7.199
   4.388
   6.320
   7.350
   8.644
   8.317
   8.445
   8.263
   8.256
   8.225
   5.149
   5.928
   8.350
   5.594
   5.973
   3.975
   6.393
   6.228
   3.541
   6.374
   7.383
   5.865
   5.832
   7.410
   5.870
   6.287
   5.704
   6.077
   8.118
   6.504
   4.256
   7.188
   8.075
   5.989
   6.818
   3.427
   2.619
   6.507
   5.110
   6.043
   6.721
   8.131
   6.999
   4.804
   5.470
   3.784
   6.481
   6.268
   6.866
   6.293
   7.296
   6.436
   7.058
   7.086
   5.533
   5.316
   6.871
   4.375
   8.334
   8.303
   8.273
   8.259
   8.219
   8.202
   8.479
   8.367
   8.200
   5.088
   6.502
   6.386
   6.609
   7.735
   6.150
   6.862
   5.998
   6.731
   6.560
   7.898
   5.777
   7.969
   6.080
   6.265
   6.623
   7.533
   7.767
   6.407
   8.331
   6.773
   4.228
   8.057
   7.647
   5.991
   6.592
   7.989
   8.169
   6.194
   7.297
   5.347
   7.609
   7.822
   6.831
   3.395
   6.571
   6.268
   7.957
   6.482
   6.058
   6.993
