6.502
6.490
6.824
6.869
5.648
5.817
6.289
6.154
6.414
6.615
5.559
5.368
5.933
6.269
5.633
5.700
6.647
6.293
5.496
5.794
5.637
5.472
5.841
5.959
6.025
6.276
5.980
6.262
6.011
5.867
6.082
5.020
6.111
5.580
5.537
6.611
5.734
4.797
5.429
4.822
4.496
3.572
6.257
5.732
5.649
6.556
5.824
6.063
6.737
6.077
4.214
6.573
5.226
5.691
5.675
5.350
5.412
6.144
6.423
6.180
6.065
5.778
6.105
6.273
5.780
5.521
5.340
5.911
5.753
4.372
3.571
6.471
5.293
3.812
6.405
5.972
5.828
5.854
6.563
6.057
5.937
6.282
5.065
6.157
5.919
6.907
4.993
5.774
5.801
4.820
6.528
6.325
4.912
6.461
3.093
6.102
6.428
4.417
3.296
6.968
6.070
6.549
6.704
6.492
5.959
6.495
5.771
6.345
5.216
6.929
6.259
6.497
6.198
5.348
6.929
7.323
6.610
5.222
6.406
5.671
6.930
6.244
5.758
5.570
4.574
5.469
6.380
5.080
6.229
6.397
7.476
5.307
6.265
6.314
5.688
6.169
4.647
6.217
4.744
5.751
5.981
5.081
7.476
6.516
4.997
4.445
6.051
6.779
6.572
6.110
6.659
6.138
6.058
5.573
5.826
5.683
4.365
5.709
6.470
5.548
5.155
6.574
7.023
6.525
6.224
7.062
6.829
6.604
5.123
5.540
5.881
6.016
6.807
6.370
6.678
4.916
6.171
6.349
5.689
6.115
6.830
6.607
4.890
6.414
6.428
7.476
7.323
6.549
6.010
6.596
5.030
5.549
5.480
6.277
6.427
6.180
6.925
3.827
6.704
6.554
6.380
5.361
6.098
5.909
5.303
5.671
4.957
3.607
4.834
4.811
7.476
6.604
6.559
6.214
5.617
6.455
5.894
5.149
4.661
6.576
5.590
5.557
5.133
6.659
6.470
4.460
3.907
5.795
4.286
5.692
5.764
3.836
6.678
6.829
7.062
6.370
5.892
5.723
5.408
5.875
6.016
6.547
6.830
5.702
5.703
5.624
5.235
5.969
4.472
6.298
5.902
5.681
6.572
6.125
5.769
6.597
5.459
5.954
3.275
6.268
5.901
4.909
5.849
6.082
6.179
6.542
6.522
5.382
6.584
1.631
5.296
5.719
6.558
5.256
6.442
6.629
5.712
5.081
6.054
6.059
3.147
6.737
5.669
5.890
5.484
6.379
5.886
6.506
6.414
7.476
7.323
6.576
6.739
6.693
6.920
5.402
6.043
4.781
6.204
6.540
6.139
6.445
5.410
5.851
6.115
5.186
7.476
6.604
6.520
6.572
6.591
6.572
6.020
5.186
5.909
6.507
6.082
6.179
6.421
6.659
6.592
5.559
6.453
5.871
5.398
6.591
6.107
5.306
6.190
6.678
6.829
6.737
7.062
5.784
6.606
4.872
6.080
6.575
6.070
6.080
6.591
6.194
6.830
6.506
6.455
5.898
6.555
6.155
6.202
5.602
4.908
5.795
5.029
5.177
5.678
3.400
6.609
6.171
5.797
6.529
5.688
6.248
5.845
5.779
5.906
4.944
5.890
6.011
6.602
7.061
6.246
6.265
6.584
5.475
5.944
6.041
1.887
5.980
6.609
4.617
6.614
1.350
5.096
6.381
5.454
5.934
1.728
4.868
5.938
6.567
7.476
7.323
6.606
6.920
6.693
6.154
5.664
6.572
7.496
6.932
5.701
7.002
6.181
6.417
5.223
6.419
6.065
6.304
6.166
5.514
6.263
5.660
6.717
6.936
5.533
6.587
6.582
6.747
6.406
7.476
6.567
6.604
5.832
6.028
6.538
5.999
6.605
5.472
6.444
6.912
6.596
6.309
6.191
5.919
5.220
6.408
5.695
6.916
4.168
5.982
6.043
5.977
6.678
6.829
4.227
6.265
6.737
5.940
7.061
5.607
6.830
6.506
5.708
6.573
5.976
6.552
5.428
5.970
4.900
6.553
6.581
6.362
6.435
6.577
5.834
6.588
5.970
5.938
3.832
6.224
5.320
5.368
5.949
6.602
6.146
2.646
6.598
7.161
5.818
6.569
6.554
6.926
6.287
6.823
4.783
6.259
5.621
2.802
5.955
1.542
6.723
5.964
5.938
6.360
5.972
6.392
6.420
6.266
6.697
4.602
0.890
7.476
7.323
6.606
6.920
6.693
6.579
7.005
6.595
7.493
7.404
6.531
5.935
5.917
5.720
7.476
6.567
6.411
6.604
5.986
6.917
5.915
4.640
6.516
5.820
6.904
6.357
5.296
5.916
5.890
6.213
6.601
6.814
5.133
5.864
6.576
6.526
5.877
6.173
6.382
4.875
5.811
5.198
5.322
6.591
5.534
6.588
6.512
6.186
6.190
6.581
6.593
6.457
7.161
6.678
5.984
6.829
6.392
5.250
6.332
6.156
6.737
6.830
6.506
6.577
5.948
6.409
6.242
6.258
6.623
6.546
5.956
4.809
5.648
5.937
6.009
5.782
6.311
6.342
5.119
7.166
6.032
6.832
5.792
5.945
6.701
7.109
6.584
6.072
6.075
6.665
5.694
5.897
6.660
6.159
4.149
6.819
5.954
6.630
6.627
6.848
6.034
6.600
3.636
5.633
3.193
6.480
6.604
6.397
6.595
6.840
7.476
7.323
6.606
6.920
7.476
6.567
6.388
6.592
6.525
6.271
6.918
6.743
6.600
6.681
6.588
6.758
6.116
6.115
6.263
6.922
5.859
6.268
6.722
3.963
5.995
6.557
6.103
5.329
5.185
5.613
6.657
6.386
6.151
5.189
5.741
7.109
7.161
6.678
6.832
4.568
6.392
6.627
6.737
4.878
6.592
5.974
6.528
5.990
6.460
6.286
6.132
4.541
6.550
6.546
5.081
6.542
6.830
6.506
5.267
6.204
6.122
6.568
6.401
5.158
4.056
3.308
6.696
6.576
6.607
7.157
6.477
7.186
7.183
7.192
6.397
5.736
6.844
6.663
7.173
7.093
3.373
5.352
6.397
5.910
6.628
6.545
6.679
6.705
6.673
6.703
6.687
6.806
6.863
7.005
6.703
6.600
6.657
6.690
6.956
6.821
7.476
7.323
6.557
7.476
6.567
5.740
6.879
5.829
6.587
6.913
7.456
6.592
6.491
6.468
5.729
6.515
6.624
6.568
6.001
6.744
5.454
2.832
5.182
5.347
5.674
5.867
5.185
5.500
5.584
5.248
7.192
5.050
7.109
6.687
6.832
6.705
6.392
6.627
6.926
6.042
6.923
6.899
6.667
6.608
6.642
6.597
6.372
5.915
5.990
6.508
7.166
5.798
5.206
6.657
5.837
5.834
6.962
6.710
6.830
6.435
6.703
6.244
2.823
5.335
6.598
6.689
6.593
6.556
6.653
7.190
7.061
6.687
6.089
6.711
6.633
6.716
6.651
6.607
6.276
6.522
6.471
6.703
6.647
6.605
5.413
6.289
6.521
6.818
3.344
7.091
6.792
6.819
6.914
6.769
7.183
6.694
6.278
7.185
6.647
6.650
6.590
2.517
6.830
4.819
6.507
3.107
6.701
5.937
7.476
7.323
6.879
7.476
6.233
7.452
5.708
6.891
6.614
6.563
5.726
6.054
5.592
5.862
5.917
6.097
6.571
6.319
6.045
6.651
6.378
7.153
7.064
6.098
7.159
6.684
7.192
6.283
6.629
7.109
6.687
7.061
6.832
5.806
6.705
6.653
6.063
6.657
6.662
6.010
3.950
6.647
6.245
6.449
6.527
5.932
6.724
3.588
6.621
7.108
6.709
6.707
6.529
7.185
6.219
6.588
7.091
6.914
5.898
6.703
4.609
7.498
6.516
5.865
6.655
6.598
6.667
6.678
6.659
6.606
6.554
5.875
5.919
6.077
7.089
5.467
6.507
6.565
6.625
6.819
6.177
6.751
6.589
6.861
6.702
6.108
6.704
6.694
6.541
4.277
6.443
3.846
6.622
6.622
6.706
5.578
6.705
6.703
6.735
6.696
6.531
6.568
6.834
5.292
7.476
7.323
6.879
7.476
6.126
6.877
5.757
6.738
5.625
6.526
5.670
5.937
6.610
6.598
6.673
5.448
5.465
3.882
6.138
6.904
5.855
3.700
5.503
3.601
5.505
7.192
7.109
6.687
6.659
6.035
7.061
6.610
6.832
5.636
6.709
6.653
6.657
5.903
6.921
6.803
6.566
7.199
6.605
5.266
6.863
6.624
5.148
5.766
6.621
6.914
5.980
5.077
6.035
6.897
6.372
5.702
6.411
6.686
6.230
6.598
6.573
6.706
6.957
6.596
5.998
5.957
6.846
6.439
6.182
6.465
6.617
6.566
5.885
6.564
6.636
6.869
6.626
6.041
6.704
6.414
6.870
7.159
6.619
6.815
5.857
6.904
6.817
6.261
4.433
4.060
5.889
6.708
6.701
6.688
6.707
6.691
6.707
4.409
6.762
6.690
5.801
6.837
6.908
6.265
5.440
6.922
6.694
6.677
7.476
7.323
6.879
7.476
6.592
6.883
5.598
6.154
6.808
6.173
5.757
5.362
6.582
6.579
5.811
6.227
6.304
6.168
7.192
6.021
5.535
6.050
6.739
7.181
6.138
5.452
6.590
7.071
6.659
6.482
6.720
6.410
6.947
7.193
5.475
7.109
7.159
6.687
6.659
7.061
6.832
6.709
6.657
6.809
6.810
5.320
5.927
3.949
6.575
5.259
6.922
6.242
6.655
6.516
2.559
5.450
6.700
7.177
5.503
6.241
6.605
6.707
5.575
6.842
3.864
6.530
6.307
6.024
5.894
6.565
6.571
6.634
2.708
6.663
6.167
6.855
6.632
6.575
6.685
6.459
6.990
2.987
5.856
6.705
6.696
6.887
6.700
6.698
7.083
6.696
6.087
6.701
5.620
5.840
6.516
6.698
6.726
6.600
6.690
6.592
7.062
6.699
6.701
7.476
7.323
6.879
7.476
6.724
6.604
6.935
5.491
6.054
6.272
6.556
6.784
6.599
6.500
6.026
6.543
6.560
5.432
7.192
6.013
7.109
3.714
7.159
5.943
6.842
6.810
7.062
6.649
6.596
6.687
6.659
7.071
6.832
6.628
2.197
5.825
7.189
5.802
6.505
6.574
6.452
5.915
6.255
6.539
5.725
6.703
5.090
6.089
6.887
5.768
7.188
5.306
6.159
5.914
6.067
6.004
6.607
4.770
6.193
6.039
6.428
6.690
5.735
3.013
6.529
5.974
6.519
7.190
6.178
6.662
5.809
5.967
5.560
2.685
3.929
5.109
6.096
6.739
6.698
5.917
6.688
6.698
5.549
5.911
6.699
5.915
5.903
5.167
6.689
6.704
6.200
6.698
6.662
1.710
6.791
3.525
5.928
6.659
6.654
6.856
6.808
6.697
6.700
6.694
6.697
6.688
7.476
7.323
7.476
6.597
6.511
6.377
6.632
6.541
6.610
6.319
7.192
7.109
6.556
7.159
6.593
6.583
6.146
6.629
6.600
6.842
6.721
6.810
7.165
6.668
6.769
6.590
7.180
6.687
6.659
7.071
6.832
7.491
6.368
6.715
5.715
5.194
6.489
6.324
5.565
6.420
5.654
6.506
6.887
6.626
6.682
6.682
6.411
6.840
6.421
6.594
7.190
6.626
7.495
5.762
6.510
6.289
7.495
6.690
5.811
6.659
6.739
5.582
5.629
6.588
5.459
5.365
6.597
5.895
6.509
6.143
5.975
5.926
6.664
4.336
6.176
6.611
5.961
6.528
5.101
2.410
6.848
6.656
6.822
6.798
6.651
1.762
6.665
6.070
6.693
6.704
6.707
6.691
6.703
6.694
6.690
6.701
6.660
6.804
6.697
6.701
6.692
7.476
7.323
7.476
6.576
7.177
6.689
5.933
6.836
7.489
7.501
6.920
6.556
5.909
5.722
5.957
6.627
6.604
5.586
6.497
6.702
6.610
6.605
6.702
6.231
6.065
6.117
6.217
5.856
7.192
7.109
7.159
6.842
6.810
6.485
6.687
6.659
7.071
6.596
5.690
6.832
6.585
5.944
5.650
7.189
7.187
6.597
6.040
6.021
5.626
6.745
6.701
5.784
6.581
6.887
5.715
6.892
5.332
4.285
4.216
1.489
5.125
5.923
4.947
6.690
6.659
6.662
7.155
6.601
7.185
6.601
5.908
6.624
4.985
5.751
6.315
6.562
5.477
5.593
6.564
3.434
3.616
6.852
6.763
6.694
7.089
6.575
6.501
6.862
4.584
5.919
6.691
6.602
6.856
6.810
6.624
5.048
6.872
3.563
1.715
6.705
6.048
6.705
6.829
6.676
6.619
6.685
6.730
6.702
6.697
6.691
6.649
6.846
6.692
6.692
7.476
7.323
7.476
6.116
6.850
5.677
5.088
5.539
6.375
6.694
7.126
7.064
5.466
7.192
7.109
7.159
6.566
6.842
6.590
7.182
6.459
6.659
5.971
6.810
7.089
6.687
6.659
7.071
6.832
6.567
5.961
6.625
5.369
4.954
5.790
6.259
6.837
6.273
6.440
6.885
6.021
7.145
7.172
6.663
5.779
6.347
7.486
6.567
7.529
6.887
7.074
6.675
6.564
7.002
5.266
4.823
5.371
6.677
7.497
6.691
7.074
3.040
2.693
6.020
6.663
5.723
5.478
6.085
5.794
5.988
5.890
6.110
6.056
6.594
5.529
6.898
6.697
6.805
6.697
6.111
5.732
5.866
6.632
4.133
6.694
6.622
6.522
6.630
7.020
6.624
7.116
6.698
6.690
6.703
6.887
3.834
6.703
6.699
5.933
6.698
4.465
6.690
6.707
6.685
6.689
7.476
7.323
7.476
7.192
7.109
7.159
6.842
6.810
7.089
6.687
7.074
6.659
6.620
6.623
5.467
5.840
7.164
6.595
5.785
5.730
6.591
6.650
7.094
6.491
6.592
6.677
6.424
4.872
6.189
6.537
6.814
5.935
6.204
6.260
6.567
6.506
6.001
6.928
6.278
6.887
6.771
6.930
5.265
6.578
6.210
5.943
5.675
6.831
6.384
5.758
5.955
6.269
5.578
6.768
5.667
3.689
6.404
6.598
7.181
6.401
6.826
7.116
6.691
6.741
5.035
6.626
5.904
5.240
5.924
5.943
5.918
6.288
6.689
4.626
6.195
1.601
5.625
5.612
6.627
6.583
6.803
6.864
6.710
6.702
6.694
6.705
6.698
5.878
6.765
6.690
5.967
6.694
6.704
5.878
6.698
6.703
6.695
6.704
6.689
6.706
6.702
6.095
6.700
5.946
6.708
5.972
5.578
6.690
6.697
6.703
7.476
7.323
7.476
7.189
5.882
5.696
6.683
4.748
6.461
5.359
7.176
6.886
6.784
5.934
7.192
6.643
7.109
7.159
6.597
6.685
6.680
7.077
6.670
7.152
7.159
5.654
7.495
6.842
6.810
7.089
6.687
7.074
6.659
5.351
5.570
5.617
6.971
6.558
3.716
6.887
5.613
7.182
5.183
6.583
6.845
5.925
6.671
7.498
6.508
5.822
5.340
5.611
5.513
6.621
7.116
6.691
6.623
5.970
6.045
6.555
6.140
4.198
6.845
6.645
6.590
5.987
6.633
6.645
6.063
5.456
5.865
5.946
6.273
5.629
5.915
5.920
5.439
6.693
5.779
6.702
6.733
6.706
6.696
6.663
6.364
6.582
6.693
6.809
6.631
6.928
5.172
6.701
5.922
5.509
6.704
6.700
6.654
6.664
7.476
7.323
7.476
7.192
7.109
7.159
6.842
6.810
7.089
6.687
7.074
5.243
6.513
4.931
6.097
6.268
5.586
5.897
4.033
5.872
7.060
7.192
7.180
6.770
7.179
6.606
6.594
6.481
6.560
6.154
6.291
5.971
6.943
6.263
5.894
6.032
5.592
6.193
6.127
6.208
6.454
5.899
6.279
4.369
7.500
6.887
6.845
6.548
7.190
7.200
7.491
6.839
5.432
6.568
5.649
5.645
6.594
6.644
7.116
6.691
5.719
4.727
5.767
5.946
6.569
5.758
5.625
5.467
6.035
5.799
6.856
6.902
6.868
6.634
5.080
5.319
6.910
6.692
6.800
6.709
6.689
6.690
6.699
6.616
6.462
6.700
6.707
6.700
6.622
5.062
6.690
6.521
6.609
6.823
6.695
6.702
6.705
6.694
6.707
6.694
6.698
6.562
7.212
6.692
6.698
6.815
6.691
7.476
7.323
7.476
6.067
5.859
5.871
5.808
5.556
5.640
6.773
7.183
6.005
6.596
6.768
6.764
6.612
6.634
5.131
5.875
5.698
7.192
5.709
6.653
7.007
6.586
7.109
7.159
6.842
6.810
7.089
6.687
5.526
5.196
6.115
5.943
5.740
5.878
5.873
5.829
6.536
7.512
7.486
6.578
6.887
6.845
5.415
5.977
7.180
5.864
5.978
5.292
5.969
6.299
6.148
7.164
6.022
7.212
7.053
7.116
6.691
5.987
3.534
7.066
7.193
6.685
6.465
7.089
6.386
5.893
6.153
6.260
5.910
6.096
5.158
4.069
6.594
6.606
6.792
6.802
6.540
6.603
5.976
6.691
6.701
6.196
6.691
6.691
6.078
6.509
4.209
6.696
6.708
7.189
6.824
6.315
6.510
6.701
5.934
6.846
7.124
6.811
6.700
6.692
7.476
7.323
7.476
6.050
7.497
6.816
6.570
5.525
6.007
7.181
7.187
7.186
6.611
7.148
7.187
6.560
6.728
3.399
6.106
5.507
7.192
7.109
7.159
6.810
7.089
7.089
6.006
6.726
6.713
7.078
6.558
5.794
6.171
7.195
6.180
5.754
5.419
7.198
6.311
5.435
6.417
6.755
6.132
6.644
7.182
6.887
6.845
6.599
6.337
5.738
6.532
5.048
6.824
5.900
4.966
7.064
5.924
7.212
7.124
6.846
6.700
3.047
7.155
6.699
6.873
6.524
5.898
6.275
6.801
5.615
6.694
5.993
5.224
6.261
6.624
5.086
5.482
6.616
6.293
6.497
6.595
6.850
6.646
6.414
7.084
6.600
6.700
6.690
6.693
6.682
5.937
6.696
6.636
6.684
6.701
6.694
6.707
6.701
6.702
6.685
7.245
6.693
6.696
6.691
7.476
7.323
7.476
6.674
5.927
7.505
7.496
6.767
7.128
6.105
6.633
6.313
6.688
6.283
5.599
6.529
6.437
6.201
5.711
5.500
6.058
4.744
5.450
6.608
6.664
6.673
7.180
6.681
6.585
7.192
5.301
7.109
7.078
7.159
6.810
7.089
6.887
6.362
5.826
7.178
6.845
4.400
6.805
6.212
6.533
5.875
6.655
7.124
6.698
6.032
6.014
2.586
6.827
3.578
5.998
4.956
7.212
4.898
7.124
6.846
6.707
5.764
5.146
4.407
6.670
7.067
7.168
6.705
6.180
6.371
5.650
6.857
7.171
5.699
6.032
4.459
6.907
6.186
6.269
6.595
6.772
3.174
6.690
1.742
6.709
6.699
6.691
6.699
7.018
6.696
6.541
5.763
5.137
5.915
6.698
7.029
6.703
6.698
6.702
4.332
6.693
6.675
6.693
6.704
6.708
6.685
7.476
7.323
7.476
6.845
6.995
6.630
7.504
6.341
6.552
7.070
7.007
7.063
7.150
7.152
6.699
6.300
6.083
4.515
7.500
5.898
6.679
6.158
5.437
7.192
7.109
7.078
7.067
7.159
5.638
6.810
5.932
7.089
6.343
5.895
6.570
5.858
6.692
6.526
7.064
6.535
5.858
6.887
6.845
6.091
7.182
5.491
6.610
7.066
6.229
5.924
7.066
6.690
6.678
6.534
6.099
5.240
5.479
7.212
5.940
7.124
6.846
5.459
6.751
6.592
6.611
6.498
6.610
6.597
5.953
6.532
6.790
6.563
6.938
5.722
5.818
5.926
5.867
6.174
6.860
5.631
6.824
5.568
6.702
6.692
6.708
6.695
6.499
6.992
5.889
6.698
6.701
6.698
6.692
6.697
5.040
6.703
6.699
6.684
6.689
6.697
6.699
6.587
6.052
6.696
7.173
7.476
7.323
7.476
5.892
5.818
6.664
7.210
6.578
6.863
6.106
5.941
5.952
5.767
5.289
7.502
7.494
6.569
4.994
5.254
4.759
6.199
5.265
7.147
6.771
6.575
6.820
7.192
7.063
7.109
5.630
7.078
7.159
6.810
7.089
5.549
7.197
6.573
5.471
3.580
6.238
6.682
6.191
5.693
6.859
6.344
6.887
6.565
7.190
6.845
7.178
6.597
7.065
6.699
5.679
5.795
5.924
6.880
6.551
5.844
7.212
7.173
5.041
4.637
6.846
5.086
7.091
6.670
5.265
7.174
6.595
6.402
5.954
5.915
6.670
5.908
6.845
6.318
6.891
5.035
6.292
5.854
6.010
5.844
7.181
7.047
6.705
6.803
6.602
6.744
6.702
6.586
6.669
5.959
6.700
6.705
6.755
6.699
6.694
7.119
6.884
6.780
6.857
6.702
6.699
6.801
6.668
6.689
6.835
6.690
7.476
7.323
7.476
6.568
6.737
7.488
6.068
4.972
5.443
5.183
6.298
6.474
6.348
6.365
6.343
7.154
6.795
6.649
7.156
6.568
7.165
6.461
6.677
6.695
6.605
6.652
6.582
6.228
6.296
6.775
7.522
7.192
7.065
7.109
7.078
7.159
6.810
7.089
5.907
6.188
6.913
7.464
6.887
6.884
6.676
6.226
7.062
6.418
6.655
6.702
6.669
6.904
6.602
6.863
5.192
6.552
6.928
6.103
6.512
3.846
4.255
5.092
7.212
7.173
6.846
6.148
6.594
5.860
5.837
6.269
5.988
5.868
5.781
6.298
5.648
5.904
6.066
6.834
1.218
4.441
6.698
4.419
5.299
6.969
6.700
6.689
7.158
6.693
6.696
6.704
6.272
6.040
5.844
6.695
6.701
6.274
5.400
6.390
6.712
7.010
6.670
6.701
6.693
6.700
6.816
6.700
6.698
6.697
2.590
6.686
6.693
7.476
7.323
7.476
6.843
5.808
6.536
7.164
7.493
7.493
6.635
6.781
6.793
5.781
5.653
5.880
6.830
7.192
5.531
5.720
6.122
5.165
6.258
7.065
5.721
6.219
7.109
6.073
6.439
5.980
7.175
6.332
6.369
7.150
6.702
7.061
7.193
6.601
6.545
7.078
6.306
6.915
7.159
6.415
7.062
6.810
6.624
6.887
6.884
7.186
6.174
6.119
6.323
5.730
5.773
7.183
6.623
6.680
5.687
4.972
7.212
7.173
4.262
6.846
4.846
6.279
6.697
7.167
6.628
6.747
6.828
6.816
6.680
6.695
6.681
6.695
6.692
6.755
5.863
5.424
6.653
6.274
6.323
6.894
5.879
5.979
5.877
4.966
5.959
6.592
6.666
2.384
5.132
6.907
6.858
6.542
6.705
6.602
6.693
6.690
6.698
6.706
6.699
6.699
6.689
6.694
6.667
6.698
6.704
6.699
6.697
