hardness
 (GPa)  
   6.504
   7.062
   3.419
   5.853
   5.162
   6.207
   6.095
   6.894
   8.002
   6.792
   4.953
   3.820
   1.147
   6.203
   5.218
   4.776
   6.375
   3.909
   4.287
   5.075
   5.064
   4.342
   4.078
   4.703
   4.003
   4.176
   4.605
   5.541
   5.541
   5.781
   6.509
   3.142
   5.705
   4.690
   4.223
   4.185
   3.400
   3.945
   5.816
   4.817
   4.381
  -0.446
   6.664
   5.853
   2.524
   6.900
   6.427
   6.460
   6.706
   6.375
   2.874
   7.093
   5.123
   4.833
   5.117
   5.214
   5.616
   5.268
   4.952
   6.337
   5.896
   2.894
   4.805
   6.414
   3.138
   3.271
   5.789
   5.031
   6.336
   3.701
   2.061
   3.645
   4.631
  -0.415
   6.787
   6.502
   5.108
   5.621
   5.712
   5.599
   2.568
   6.026
   5.676
   5.104
   6.083
   7.325
   4.740
   6.375
   4.973
   2.076
   4.953
   6.643
   3.706
   6.332
   0.231
   7.074
   7.710
   2.284
   2.682
   5.559
   4.280
   7.523
   7.329
   5.658
   3.060
   6.620
   5.905
   6.711
   5.771
   4.099
   4.410
   4.713
   7.276
   4.688
   2.765
   9.018
   5.215
   2.652
   6.897
   6.073
   4.092
   6.776
   4.142
   3.701
   5.413
   4.145
   7.599
   3.013
   5.996
   5.619
   9.614
   3.767
   6.703
   5.861
   5.726
   7.189
   2.854
   6.841
   2.832
   6.036
   7.067
   4.846
   9.956
   6.779
   3.543
  -1.634
   4.803
   7.094
   7.552
   6.724
   7.646
   7.118
   6.210
   5.072
   5.825
   4.422
  -1.798
   5.196
   7.365
   5.822
   4.142
   7.690
   6.346
   6.962
   6.899
   7.884
   8.695
   8.256
   5.052
   5.288
   7.125
   7.628
   5.777
   7.478
   8.777
   4.710
   4.057
   6.113
   6.383
   3.152
   8.776
   5.581
   1.449
   8.002
   7.710
   9.614
   9.018
   7.486
   6.318
   6.407
   5.744
   5.665
   6.230
   7.639
   5.009
   7.132
   8.215
   1.052
   7.467
   3.487
   7.599
   2.846
   6.194
   5.026
   3.507
   3.272
   4.477
   0.298
   4.275
   2.730
   9.956
   8.256
   8.286
   6.000
   4.950
   7.364
   5.243
   5.631
   4.023
   7.713
   4.035
   5.549
   4.760
   7.646
   7.365
   0.588
  -1.924
   5.314
   2.740
   5.857
   5.982
  -2.054
   8.777
   8.695
   7.884
   7.478
   4.718
   5.215
   5.069
   4.178
   7.628
   6.899
   8.776
   5.739
   3.238
   5.569
   5.938
   7.007
   1.435
   6.654
   4.865
   1.513
   7.847
   6.892
   6.779
   6.702
   6.219
   7.110
  -1.138
   5.558
   6.585
  -0.462
   6.597
   6.718
   7.652
   5.653
   7.140
   3.486
   5.246
  -3.355
   5.459
   5.903
   5.643
   5.511
   6.675
   5.990
   5.064
   5.399
   6.469
   5.817
  -1.807
   8.270
   4.766
   3.295
   5.017
   6.755
  -0.143
   8.499
   8.002
   9.614
   9.018
   7.713
   7.988
   8.256
   8.286
   5.502
   5.543
   3.145
   6.434
   5.684
   6.175
   7.842
   4.805
   5.402
   6.386
   4.549
   9.956
   8.256
   6.527
   8.351
   7.580
   7.847
   5.244
   3.952
   6.739
   6.079
   6.121
   7.652
   2.920
   7.646
   5.011
   5.387
   6.664
   6.390
   4.886
   4.713
   5.614
   4.110
   5.572
   8.777
   8.695
   8.270
   7.884
   5.109
   8.540
   2.064
   6.890
   6.282
   6.590
   5.726
   7.546
   6.181
   8.776
   8.499
   7.556
   6.712
   4.913
   6.964
   5.901
   5.019
   3.101
   5.499
   4.081
   5.334
   2.294
  -2.213
   8.517
   5.942
   5.091
   7.096
   5.908
   6.728
   5.939
   1.213
   5.700
   4.771
   5.124
   6.932
   8.416
   8.161
   6.114
   8.306
   7.207
   6.118
   6.152
   6.550
  -3.283
   5.080
   5.353
   4.103
   7.555
  -3.312
   4.414
   6.558
   5.011
   6.779
  -2.441
   2.395
   3.071
   8.533
   9.614
   9.018
   8.540
   8.286
   8.256
   7.245
   5.117
   7.009
   6.241
   6.588
   5.197
   7.040
   6.490
   5.606
   4.803
   7.129
   5.614
   6.453
   6.173
   5.548
   7.619
   4.918
   6.438
   6.987
   5.999
   6.498
   5.601
   7.643
   4.890
   9.956
   8.533
   8.256
   3.973
   5.277
   3.799
   4.804
   6.883
   6.136
   5.777
   8.020
   6.655
   6.991
   7.733
   5.527
   3.052
   7.065
   5.739
   5.790
   0.585
   6.442
   6.529
   7.100
   8.777
   8.695
   0.067
   8.306
   8.270
   5.769
   8.161
   2.991
   8.776
   8.499
   5.786
   6.181
   7.034
   5.465
   5.118
   7.784
   1.883
   4.104
   8.381
   6.437
   5.422
   7.250
   6.625
   6.834
   6.575
   5.068
  -0.110
   5.936
   5.118
   4.186
   6.933
   7.074
   7.118
  -3.237
   7.389
   9.133
   2.858
   7.930
   7.190
   6.401
   5.684
   6.736
   4.292
   5.983
   2.996
  -3.264
   5.529
  -3.381
   6.694
   6.791
   7.157
   8.349
   6.328
   8.406
   5.660
   6.110
   8.236
  -2.189
  -3.399
   9.614
   9.018
   8.540
   8.286
   8.256
   8.515
   7.346
   5.233
   5.038
   5.247
   6.895
   6.465
   6.931
   6.173
   9.956
   8.533
   6.516
   8.256
   5.918
   7.700
   6.182
   3.876
   7.842
   6.220
   6.793
   7.404
   5.838
   6.837
   5.447
   6.953
   7.171
   8.190
   3.307
   4.819
   7.216
   5.939
   5.326
   5.654
   7.457
   3.975
   6.006
   5.389
   4.848
   6.847
   4.864
   6.489
   7.180
   7.195
   6.559
   6.443
   8.348
   6.747
   9.133
   8.777
   6.578
   8.695
   8.406
   2.833
   7.094
   7.356
   8.270
   8.776
   8.499
   6.730
   6.590
   4.443
   5.951
   7.221
   7.224
   6.095
   7.487
   5.429
   4.929
   1.138
   6.223
   5.963
   7.101
   8.270
   5.119
   7.754
   6.187
   8.744
   5.816
   6.170
   7.318
   9.266
   7.218
   5.563
   7.616
   6.082
   5.586
   4.033
   8.100
   6.571
  -2.094
   7.349
   6.683
   8.500
   8.359
   7.713
   5.399
   6.665
  -1.645
   5.043
  -3.216
   6.878
   7.394
   6.908
   7.356
   7.627
   9.614
   9.018
   8.540
   8.286
   9.956
   8.533
   5.556
   6.686
   6.469
   7.049
   7.246
   7.102
   6.585
   6.755
   5.999
   7.789
   5.941
   5.409
   6.363
   5.597
   5.701
   6.490
   7.557
  -1.675
   5.359
   8.414
   5.870
   2.275
   5.385
   6.203
   7.621
   7.471
   6.074
   4.126
   5.455
   9.266
   9.133
   8.777
   8.744
   3.544
   8.406
   8.359
   8.270
   2.558
   6.348
   4.724
   4.401
   5.816
   6.171
   6.668
   6.980
  -0.892
   6.941
   6.383
   5.157
   6.805
   8.776
   8.499
   4.416
   6.814
   5.784
   7.856
   6.599
   1.088
  -2.526
  -2.006
   7.316
   6.273
   7.397
   8.104
   6.139
   7.598
   8.420
   9.342
   6.548
   4.616
   7.649
   6.740
   7.660
   8.252
  -3.200
   4.971
   7.803
   2.895
   7.467
   7.628
   8.167
   8.716
   8.254
   7.737
   8.795
   6.717
   7.900
   7.584
   8.831
   6.233
   8.638
   8.325
   6.386
   8.403
   9.614
   9.018
   8.414
   9.956
   8.533
   5.360
   8.639
   5.396
   6.239
   6.701
   6.195
   5.572
   6.051
   6.263
   6.064
   6.888
   8.275
   8.547
   6.082
   7.243
   4.735
  -1.889
  -0.269
   4.611
   3.657
   5.504
   4.013
   2.941
   3.971
   5.303
   9.342
   2.589
   9.266
   8.795
   8.744
   8.716
   8.406
   8.359
   7.120
   7.013
   6.878
   7.564
   6.630
   4.318
   8.188
   8.443
   6.863
   4.779
   7.089
   6.049
   8.604
   5.694
   0.859
   8.638
   6.011
   5.496
   5.904
   6.960
   8.776
   6.488
   8.831
   7.013
  -2.911
   2.880
   8.147
   6.939
   8.306
   5.906
   8.568
   7.212
   8.762
   8.794
   7.598
   6.838
   7.229
   5.341
   7.434
   7.893
   5.053
   6.607
   8.047
   5.450
   8.096
   8.558
   4.767
   2.035
   7.823
   8.621
  -3.156
   8.983
   7.722
   7.818
   8.964
   8.628
   8.165
   8.812
   5.849
   8.469
   7.001
   7.824
   7.872
   0.237
   8.789
   0.552
   8.502
  -2.973
   8.831
   5.989
   9.614
   9.018
   8.639
   9.956
   4.275
   5.298
   4.514
   8.189
   8.250
   7.798
   5.366
   6.273
   5.867
   6.153
   5.887
   6.611
   7.865
   6.312
   6.183
   7.686
   7.843
   8.446
   8.709
   3.663
   8.517
   7.446
   9.342
   6.749
   8.328
   9.266
   8.795
   8.762
   8.744
   6.785
   8.716
   8.568
   5.982
   8.638
   5.617
   6.714
   1.401
   6.322
   5.026
   7.054
   8.047
   4.535
   5.482
  -2.845
   8.402
   7.886
   8.721
   8.378
   6.417
   7.586
   6.603
   7.689
   8.983
   8.964
   6.703
   8.831
   0.881
   5.661
   7.475
   6.875
   8.564
   7.468
   5.729
   8.764
   8.786
   7.800
   7.049
   5.078
   4.825
   6.142
   8.990
   4.160
   7.782
   8.568
   7.522
   7.862
   4.077
   8.462
   8.493
   7.779
   8.829
   5.091
   7.457
   8.813
   4.771
  -1.803
   3.611
  -1.799
   8.207
   7.409
   8.835
   6.049
   8.834
   8.831
   7.679
   8.817
   7.870
   6.610
   8.787
  -1.453
   9.614
   9.018
   8.639
   9.956
   6.832
   8.161
   3.341
   7.893
   4.788
   5.695
   5.765
   7.190
   8.076
   7.448
   7.520
   4.387
   6.095
   0.563
   5.286
   6.741
   6.380
  -1.848
   4.660
   1.440
   5.252
   9.342
   9.266
   8.795
   8.786
   6.709
   8.762
   7.125
   8.744
   1.761
   8.721
   8.568
   8.638
   4.744
   7.733
   6.973
   5.266
   7.767
   7.396
   2.561
   8.080
   5.746
   2.671
   5.157
   8.508
   8.964
   5.586
   3.843
   4.831
   5.530
   7.544
   0.751
   6.405
   7.879
   6.522
   7.133
   8.294
   8.835
   7.300
   7.361
   7.551
   6.766
   6.622
   6.603
   6.985
   8.259
   8.413
   6.418
   6.908
   8.432
   7.441
   7.653
   7.183
   7.232
   6.261
   6.080
   7.907
   9.058
   7.474
   8.515
   4.978
   8.779
   8.771
   4.269
  -1.815
  -2.621
   6.468
   8.840
   8.827
   8.801
   8.839
   8.806
   8.841
  -1.088
   7.903
   8.805
   4.716
   7.926
   8.948
   6.927
   5.591
   9.026
   8.812
   8.767
   9.614
   9.018
   8.639
   9.956
   4.981
   7.643
   4.752
   6.109
   6.759
   6.202
   5.613
   5.175
   7.185
   8.148
   6.376
   4.664
   7.442
   5.593
   9.342
   5.355
   6.603
   3.771
   7.227
   7.988
   6.454
   4.912
   6.091
   8.785
   7.785
   7.857
   8.559
   7.446
   7.681
   7.796
   4.640
   9.266
   9.058
   8.795
   8.786
   8.762
   8.744
   8.721
   8.638
   8.705
   9.009
   3.846
   5.069
  -0.584
   7.482
   1.710
   9.026
   7.110
   8.445
   6.440
   0.402
   2.623
   8.129
   7.775
  -2.687
   6.560
   6.787
   8.841
   5.730
   9.017
  -2.694
   4.508
   7.142
   6.983
   6.866
   8.018
   8.227
   7.501
  -3.316
   7.510
   4.004
   5.943
   7.187
   6.733
   7.472
   7.185
   8.366
   2.126
   6.723
   8.835
   8.816
   9.038
   8.824
   8.819
   9.111
   8.816
   6.106
   8.825
   5.752
   5.181
   7.818
   8.820
   4.009
   7.907
   8.806
   8.477
   8.168
   8.823
   8.826
   9.614
   9.018
   8.639
   9.956
   8.558
   7.862
   6.002
   4.835
   3.296
   6.734
   6.432
   6.282
   8.231
   6.558
   5.589
   7.285
   7.722
   0.720
   9.342
   7.081
   9.266
  -2.981
   9.058
   5.996
   9.017
   9.009
   6.650
   8.563
   6.434
   8.795
   8.786
   8.785
   8.744
   7.448
  -3.061
   1.100
   6.869
   3.652
   6.635
   7.485
   4.636
   6.030
   8.216
   7.138
   4.867
   7.461
   1.621
   6.384
   9.038
   5.858
   7.715
   3.951
   4.230
   4.991
   5.851
   4.396
   6.901
   1.068
   6.008
   6.569
   7.765
   8.806
   4.847
  -1.619
   7.761
   6.665
   6.559
   6.948
   7.174
   8.450
   4.884
   5.917
   3.837
  -3.328
  -1.763
   1.826
   4.347
   6.900
   8.820
   6.184
   8.798
   8.820
   6.385
   4.100
   8.823
   6.734
   4.471
   1.128
   8.803
   8.832
   7.372
   8.820
   7.972
  -3.329
   8.293
  -2.914
   6.169
   8.700
   8.681
   8.744
   7.464
   8.821
   8.824
   8.812
   8.819
   8.792
   9.614
   9.018
   9.956
   8.111
   5.070
   6.856
   7.448
   8.037
   7.349
   7.059
   9.342
   9.266
   6.742
   9.058
   6.861
   7.615
   6.246
   8.530
   6.649
   9.017
   8.552
   9.009
   8.077
   8.008
   7.538
   8.491
   7.773
   8.795
   8.786
   8.785
   8.744
   7.325
   6.293
   7.333
   4.987
   4.368
   7.004
   6.361
  -0.387
   7.320
   5.439
   5.376
   9.038
   6.051
   6.980
   7.987
   8.015
   7.938
   4.110
   6.005
   5.389
   5.451
   9.136
   6.067
   7.883
   6.205
   7.260
   8.806
   6.627
   8.700
   4.947
   4.070
   4.643
   7.584
   3.516
   4.935
   7.856
   3.759
   8.291
   6.618
   7.042
   4.013
   6.372
  -2.006
   4.068
   7.125
   5.212
   7.411
   2.816
  -3.334
   7.955
   5.480
   8.770
   8.753
   5.708
  -0.121
   8.733
   7.074
   8.812
   8.832
   8.839
   8.806
   8.831
   8.812
   8.805
   8.829
   8.724
   8.723
   8.819
   8.830
   8.810
   9.614
   9.018
   9.956
   5.897
   7.755
   7.949
   6.180
   4.871
   5.853
   5.895
   5.778
   7.478
   4.856
   4.474
   5.137
   8.387
   8.523
   3.595
   4.250
   5.415
   8.571
   6.714
   8.486
   5.467
   5.569
   7.188
   5.654
   5.075
   9.342
   9.266
   9.058
   9.017
   9.009
   5.952
   8.795
   8.786
   8.785
   6.215
   6.082
   8.744
   7.036
   5.429
   2.639
   7.694
   9.324
   5.188
   6.713
   6.165
   4.313
   6.399
   8.352
   5.012
   6.938
   9.038
   4.505
   6.457
   3.979
   1.849
   2.292
  -2.775
   4.227
   5.915
   3.793
   8.806
   8.700
   7.132
   5.367
   8.520
   7.943
   6.658
   5.964
   8.639
   1.335
   6.667
   6.402
   5.968
   4.347
   1.523
   7.854
  -2.537
  -2.726
   6.864
   8.529
   8.441
   9.009
   6.505
   8.543
   5.914
  -0.372
   2.880
   8.807
   7.841
   7.964
   8.073
   7.355
   0.828
   9.004
  -3.047
  -3.373
   8.835
   5.893
   8.834
   7.391
   8.745
   8.208
   6.749
   8.899
   8.828
   8.818
   8.807
   6.146
   7.454
   8.809
   8.809
   9.614
   9.018
   9.956
   6.931
   6.252
   4.888
   4.815
   5.838
   6.865
   8.373
   8.956
   4.871
   4.880
   9.342
   9.266
   9.058
   7.927
   9.017
   8.040
   7.741
   7.814
   7.824
   6.806
   9.009
   9.009
   8.795
   8.786
   8.785
   8.744
   5.636
   5.713
   8.361
   5.296
   5.098
   6.265
   6.863
   6.432
   5.137
   1.966
   7.932
   3.763
   9.240
   8.430
   7.437
   5.130
   6.923
   6.378
   6.691
   8.051
   9.038
   8.788
   5.413
   6.542
   4.945
   4.830
   2.419
   5.109
   7.353
   5.916
   8.807
   5.408
   2.158
   0.584
   6.607
   6.912
   7.074
   2.292
   6.176
   3.193
   6.117
   4.098
   7.299
   6.372
   6.240
   5.304
   8.767
   8.819
   8.747
   8.818
   6.671
   5.483
   7.100
   7.157
  -0.451
   8.813
   8.228
   6.229
   8.249
   6.936
   7.438
   9.151
   8.823
   8.805
   8.801
   8.758
  -1.887
   8.831
   8.823
   6.715
   8.782
  -0.470
   8.805
   8.802
   8.777
   8.802
   9.614
   9.018
   9.956
   9.342
   9.266
   9.058
   9.017
   9.009
   9.009
   8.795
   8.788
   8.786
   6.266
   7.618
   5.140
   5.926
   9.176
   7.876
   5.091
   6.245
   8.306
   5.389
   6.700
   6.086
   8.047
   8.542
   4.248
  -2.914
   5.251
   7.778
   6.540
   5.313
   4.643
   7.360
   6.177
   5.812
   6.255
   5.359
   7.023
   9.038
   7.856
   5.846
   5.653
   5.250
   6.285
   6.537
   0.604
   5.940
   6.214
   6.082
   5.560
   7.188
   5.491
   6.667
   5.841
  -2.992
   6.310
   8.492
   7.541
   6.580
   5.432
   9.151
   8.807
   5.725
   4.296
   8.122
   6.371
   4.999
   7.179
   6.871
   7.173
   6.782
   7.663
   0.353
   4.123
  -3.284
   3.854
   3.954
   7.486
   5.813
   7.861
   8.979
   8.848
   8.830
   8.775
   8.834
   8.819
   7.482
   8.139
   8.805
   6.188
   8.814
   8.833
   1.790
   8.820
   8.830
   8.816
   8.832
   8.802
   8.836
   8.827
   7.148
   8.824
   5.063
   8.841
   5.375
   3.159
   8.805
   8.817
   8.831
   9.614
   9.018
   9.956
   7.468
   5.927
   6.412
   7.512
  -0.500
   3.837
  -0.188
   8.004
   7.024
   8.316
   5.965
   9.342
   6.914
   9.266
   9.058
   7.898
   8.223
   7.354
   6.441
   8.164
   9.149
   9.216
   3.115
   6.815
   9.017
   9.009
   9.009
   8.795
   8.788
   8.786
   1.030
   4.677
   6.091
   7.099
   8.312
   2.483
   9.038
   5.818
   7.583
   4.661
   7.855
   8.762
   6.650
   8.430
   7.473
   5.410
   4.963
   4.087
   3.698
   4.311
   8.510
   9.151
   8.807
   7.499
   7.399
   6.353
   6.438
   6.457
   0.316
   8.951
   7.230
   7.863
   6.743
   7.146
   8.432
   6.460
   1.557
   5.198
   6.477
   7.095
   5.747
   5.267
   4.794
   6.259
   8.811
   6.158
   8.829
   8.339
   8.837
   8.818
   8.707
   7.824
   5.693
   8.811
   8.532
   8.235
   8.568
   1.172
   8.790
   7.149
   3.204
   8.832
   8.824
   8.710
   8.740
   9.614
   9.018
   9.956
   9.342
   9.266
   9.058
   9.017
   9.009
   9.009
   8.795
   8.788
   4.677
   6.913
   2.852
   1.099
   6.840
   2.814
   5.117
  -1.965
   6.197
   7.714
   7.597
   8.140
   7.427
   7.734
   8.075
   7.324
   5.556
   7.391
   5.978
   6.517
   5.978
   7.167
   6.067
   6.698
   7.136
   4.151
   7.698
   7.226
   6.111
   7.206
   4.926
   5.994
   4.200
   7.234
   9.038
   8.951
   7.810
   7.726
   7.753
   9.570
   6.893
   5.687
   6.587
   1.563
   5.530
   7.837
   7.849
   9.151
   8.807
   4.262
   2.531
   6.016
   3.307
   6.674
   6.563
   3.604
   5.153
   4.020
   4.265
   5.906
   7.531
   7.929
   7.169
  -0.211
   1.957
   8.962
   8.744
   7.805
   8.844
   8.797
   8.804
   8.824
   8.456
   4.370
   8.824
   8.839
   8.824
   8.467
   0.732
   8.804
   4.091
   7.132
   8.770
   8.815
   8.792
   8.833
   8.811
   8.838
   8.772
   8.821
   6.708
   9.632
   8.769
   8.768
   8.418
   8.807
   9.614
   9.018
   9.956
   7.326
   7.170
   4.672
   6.026
   5.759
   3.028
   6.076
   7.733
   6.166
   6.708
   5.540
   8.096
   8.514
   7.165
   2.917
   5.932
   7.139
   9.342
   6.295
   5.320
   8.027
   6.821
   9.266
   9.058
   9.017
   9.009
   9.009
   8.795
   5.313
   4.189
   6.197
   4.821
   4.321
   0.685
   4.618
   5.542
   7.788
   8.307
   9.425
   7.296
   9.038
   8.951
   4.294
   4.534
   7.437
   6.977
   6.663
   2.929
   4.537
   6.582
   6.027
   7.073
   4.402
   9.632
   8.293
   9.151
   8.807
   6.009
   2.265
   8.034
   4.561
   8.232
   7.147
   8.829
   7.692
   5.878
   3.613
   5.235
   4.240
   5.882
   1.660
  -0.254
   6.674
   5.412
   8.703
   8.620
   7.643
   6.684
   6.471
   8.791
   8.825
   6.550
   8.808
   8.807
   7.140
   6.595
  -1.918
   8.818
   8.841
   7.747
   7.399
   7.835
   6.119
   8.826
   5.373
   9.081
   9.171
   7.872
   8.826
   8.809
   9.614
   9.018
   9.956
   7.809
   5.931
   7.334
   8.543
   0.553
   5.404
   7.566
   7.733
   7.751
   8.570
   9.212
   7.612
   7.349
   8.163
  -2.636
   5.432
   4.943
   9.342
   9.266
   9.058
   9.009
   9.009
   8.829
   2.241
   8.570
   7.586
   9.222
   6.825
   3.834
   3.464
   7.989
   6.847
   5.534
   5.266
   7.613
   5.873
   5.751
   7.927
   8.045
   5.882
   6.481
   8.073
   9.038
   8.951
   7.414
   4.896
   6.354
   7.725
   2.960
   8.752
   5.571
  -1.553
   7.391
   5.068
   9.632
   9.171
   9.081
   8.826
   0.258
   9.331
   8.143
   6.242
   6.476
   6.741
   5.944
   8.184
   3.737
   7.448
   6.018
   2.705
   5.095
   7.476
   4.126
   6.076
   8.219
   5.941
   6.514
   8.418
   7.109
   8.511
   6.377
   8.977
   8.547
   8.823
   8.805
   8.811
   8.768
   5.446
   8.818
   8.677
   8.756
   8.826
   8.813
   8.837
   8.827
   8.828
   8.758
   9.205
   8.812
   8.815
   8.808
   9.614
   9.018
   9.956
   8.197
   6.841
   6.404
   8.236
   7.815
   6.058
   5.193
   6.432
   8.071
   7.488
   6.816
   2.651
   6.125
   7.293
   6.607
   6.498
   3.665
   7.492
   1.774
   1.496
   6.662
   7.385
   7.443
   8.133
   6.594
   7.212
   9.342
   4.633
   9.266
   9.222
   9.058
   9.009
   9.009
   9.038
   7.447
   3.927
   6.927
   8.951
   4.953
   8.405
   6.175
   6.032
   6.910
   8.517
   7.605
   8.367
   5.451
   4.962
  -2.865
   8.363
  -2.920
   6.579
   4.482
   9.632
   4.052
   9.171
   9.081
   8.837
   5.278
   4.410
   3.521
   8.579
   9.173
   7.909
   7.551
   7.171
   7.933
   4.453
   7.622
   7.761
   2.053
   7.640
  -1.613
   8.197
   4.089
   3.622
   8.366
   8.589
  -2.900
   8.796
  -3.393
   8.845
   8.824
   8.807
   8.821
   6.884
   8.817
   8.337
   4.108
   5.799
   4.030
   8.819
   8.466
   8.830
   8.820
   8.827
  -0.174
   8.812
   8.749
   8.811
   8.833
   8.841
   8.788
   9.614
   9.018
   9.956
   7.954
   8.018
   6.991
   8.810
   4.107
   8.122
   9.207
   8.049
   9.291
   8.175
   8.988
   7.186
   7.226
   7.704
   1.170
   8.433
   6.399
   7.571
   4.709
  -0.472
   9.342
   9.266
   9.222
   9.173
   9.058
   3.551
   9.009
   5.523
   9.009
   7.401
   4.520
   7.908
   4.185
   8.358
   5.816
   8.562
   6.596
   5.144
   9.038
   8.951
   4.284
   6.091
  -0.316
   7.405
   6.107
   6.084
   0.414
   7.945
   8.797
   6.462
   7.415
   6.907
   2.809
   4.675
   9.632
   5.262
   9.171
   9.081
   5.189
   8.334
   8.055
   8.223
   7.211
   8.924
   6.207
   4.736
   6.013
   8.141
   6.444
   6.048
   6.985
   6.385
   6.901
   6.324
   2.131
   6.828
   4.507
   8.579
   2.552
   8.830
   8.809
   8.841
   8.814
   6.544
   8.882
   4.968
   8.822
   8.830
   8.820
   8.804
   8.819
  -0.645
   8.829
   8.822
   8.757
   8.802
   8.818
   8.823
   6.631
   6.284
   8.815
   9.260
   9.614
   9.018
   9.956
   6.509
   6.749
   5.476
   7.657
   5.875
   7.611
   7.072
   6.033
   6.622
   5.396
   1.047
   4.892
   7.910
   6.820
   3.004
   4.548
   0.040
   6.201
   5.427
   8.355
   6.561
   7.289
   4.752
   9.342
   9.291
   9.266
   3.594
   9.222
   9.058
   9.009
   9.009
   5.615
   6.038
   6.793
   5.937
  -2.926
   7.520
   7.796
   6.452
   4.958
   6.865
   5.778
   9.038
   6.667
   6.519
   8.951
   7.870
   8.507
   9.293
   7.717
   6.009
   5.395
   5.906
   7.388
   8.034
   6.665
   9.632
   9.260
   3.055
   3.249
   9.081
   3.420
   8.065
   8.139
   2.524
   7.869
   6.306
   6.784
   5.501
   7.172
   7.556
   3.802
   7.901
   7.840
   8.293
   0.496
   7.572
   6.150
   6.752
   4.721
   7.873
   7.279
   8.835
   8.418
   7.181
   8.752
   8.829
   8.396
   6.946
   4.635
   8.824
   8.834
   8.827
   8.821
   8.813
   9.149
   9.031
   8.839
   8.946
   8.828
   8.820
   7.346
   8.746
   8.803
   8.918
   8.806
   9.614
   9.018
   9.956
   4.874
   8.135
   6.216
   4.517
   1.764
   4.168
   6.260
   6.549
   6.863
   8.267
   6.103
   7.943
   8.431
   7.427
   8.276
   6.295
   5.368
   5.944
   7.316
   7.452
   8.803
   6.672
   7.171
   4.811
   7.628
   3.534
   7.043
   5.221
   9.342
   9.293
   9.266
   9.222
   9.058
   9.009
   9.009
   7.190
   5.697
   7.980
   7.642
   9.038
   9.031
   7.948
   6.465
   9.018
   6.431
   7.233
   8.540
   7.494
   8.553
   8.529
   8.587
   4.361
   8.169
   7.167
   6.244
   5.723
   2.883
  -0.361
   4.279
   9.632
   9.260
   9.081
   7.041
   6.181
   3.981
   5.033
   5.679
   7.700
   6.667
   6.303
   6.913
   5.082
   4.135
   2.695
   7.376
  -3.241
  -1.980
   8.785
  -0.412
   3.134
   7.547
   8.824
   8.803
   7.697
   8.809
   8.818
   8.831
   7.526
   5.564
   5.037
   8.815
   8.818
   6.684
   5.543
   6.770
   8.848
   6.765
   8.701
   8.827
   8.811
   8.825
   7.938
   8.822
   8.821
   8.819
  -1.401
   8.758
   8.812
   9.614
   9.018
   9.956
   7.072
  -0.283
   6.767
   9.181
   9.142
   7.248
   7.058
   8.352
   6.090
   6.196
   4.591
   5.399
   7.793
   9.342
   4.845
   3.193
   6.573
   6.043
   6.175
   9.293
   6.674
   4.358
   9.266
   5.490
   7.382
   6.490
   9.043
   7.230
   3.533
   9.259
   8.527
   7.955
   7.736
   8.518
   5.615
   9.222
   3.492
   7.232
   9.058
   6.473
   9.018
   9.009
   5.268
   9.038
   9.031
   7.755
   7.177
   5.821
   6.484
   5.733
   5.594
   7.807
   5.276
   8.018
   6.611
   3.336
   9.632
   9.260
   0.517
   9.081
   2.651
   6.076
   8.817
   8.019
   7.019
   5.579
   5.415
   5.932
   8.760
   8.811
   8.777
   8.814
   8.810
   6.210
   5.791
   2.784
   5.697
   7.215
   6.595
   8.614
   5.933
   6.151
   6.613
  -2.135
   7.636
   8.469
   6.636
  -3.365
   0.327
   8.952
   7.967
   6.810
   8.833
   4.737
   8.811
   8.801
   8.821
   8.835
   8.823
   8.823
   8.766
   8.814
   8.731
   8.821
   8.833
   8.822
   8.780
