2.806
2.834
2.664
2.590
2.291
2.543
2.789
2.844
2.716
2.686
2.990
2.755
2.706
2.822
3.015
2.905
2.906
2.991
2.583
2.615
3.027
1.652
2.826
2.829
2.696
2.725
2.921
2.677
3.165
2.744
2.829
2.357
2.946
2.607
2.254
2.812
2.459
2.472
2.471
2.783
2.681
2.731
2.138
3.095
2.797
2.834
2.956
2.872
2.991
3.021
2.849
2.887
2.777
2.774
3.134
2.951
2.901
2.937
2.915
2.626
2.920
2.838
2.713
2.699
2.895
3.145
2.894
1.754
2.235
3.023
2.855
2.729
2.771
2.524
2.657
2.874
2.585
2.475
2.445
2.662
2.455
2.697
2.727
2.963
3.040
2.949
2.621
2.380
3.042
2.602
2.854
2.045
2.250
2.660
2.443
2.930
3.031
2.885
3.108
2.867
2.321
2.918
1.870
2.823
2.490
2.751
2.790
3.194
2.973
2.563
2.372
2.731
2.803
3.064
2.544
3.063
3.063
2.004
3.143
2.167
2.808
2.993
2.948
3.032
3.064
2.962
2.575
2.888
3.088
3.127
2.604
2.810
2.913
2.957
2.523
2.847
2.563
2.854
2.303
3.098
2.600
2.933
2.717
2.953
2.354
2.325
2.679
2.198
2.557
2.785
2.696
2.639
1.841
2.472
2.808
3.053
2.685
2.690
3.070
2.768
3.026
2.813
2.355
3.182
2.908
3.015
2.925
2.339
2.646
2.275
2.432
3.048
2.899
3.197
3.142
2.573
2.863
2.838
3.210
3.179
2.898
2.992
2.950
3.112
3.033
2.917
3.032
2.833
2.927
2.924
3.095
3.042
2.937
2.875
2.976
3.064
2.887
2.615
2.913
2.729
2.839
2.957
2.803
3.042
2.845
2.926
2.943
2.577
2.743
2.794
2.617
2.841
2.622
2.393
3.144
2.845
2.932
2.794
2.768
2.790
3.053
2.784
2.684
2.833
3.056
3.074
1.023
2.833
2.918
2.909
2.748
2.812
2.755
3.179
3.210
3.078
2.878
2.701
2.658
3.033
3.089
2.718
2.899
2.663
3.015
2.809
3.048
2.843
2.717
3.112
2.927
3.032
2.327
3.031
0.589
2.985
2.949
2.712
2.718
2.897
2.930
2.953
2.775
2.914
2.813
2.654
2.416
2.864
2.299
2.798
2.204
2.987
2.970
2.985
2.966
3.209
3.050
2.919
3.010
3.050
3.095
3.058
3.090
3.077
2.887
1.381
3.034
2.873
3.127
1.662
0.998
2.918
2.794
2.974
2.786
3.230
2.788
1.534
3.260
2.640
3.144
2.912
3.026
3.095
3.042
2.928
3.128
2.869
2.962
2.795
2.863
2.709
2.855
2.841
2.712
2.262
2.262
3.201
2.732
2.674
2.956
2.844
3.142
2.845
3.120
3.075
2.506
2.929
2.926
2.925
2.876
2.952
2.879
3.053
2.886
2.805
2.748
2.748
2.803
2.944
2.964
2.572
2.832
2.742
2.759
2.434
3.179
3.210
3.058
3.095
2.899
3.127
3.209
3.050
1.762
3.112
2.319
2.927
3.144
3.230
3.260
2.518
0.819
3.083
2.757
2.852
2.667
2.791
2.635
2.501
2.816
2.831
2.642
3.190
3.145
3.124
3.113
3.180
3.060
3.071
2.875
2.654
3.122
3.058
3.091
2.714
3.106
2.660
3.027
3.142
3.026
2.703
0.530
3.010
3.092
2.871
3.160
2.807
3.129
2.876
2.764
3.077
2.750
3.011
3.113
3.100
3.120
2.964
3.045
2.842
2.961
2.981
3.063
2.286
2.581
2.825
2.929
2.572
3.022
3.111
3.013
3.036
3.075
2.899
2.974
2.775
2.472
2.733
2.768
2.668
2.858
2.916
3.180
3.179
3.210
3.058
3.095
3.124
2.788
3.085
2.506
2.828
2.568
2.924
2.929
2.717
2.821
2.851
3.077
2.639
2.630
2.553
2.661
2.703
2.818
2.644
3.207
3.067
2.796
3.112
3.077
3.129
2.794
1.695
3.144
3.092
3.230
2.551
3.260
2.942
1.833
3.132
3.195
3.185
2.436
3.069
3.032
3.056
3.049
2.951
3.054
2.577
2.972
3.027
3.003
2.973
2.921
3.113
2.912
3.108
3.032
3.204
2.603
2.756
3.089
2.963
2.896
2.680
2.923
2.905
3.171
3.104
3.168
3.022
1.106
3.076
3.201
3.071
2.943
3.241
3.036
2.665
3.120
2.886
2.874
2.544
2.810
2.710
3.009
2.641
3.136
2.825
2.727
0.809
3.195
2.338
3.039
3.179
2.911
3.109
2.935
3.066
1.319
2.679
2.503
2.269
2.652
3.125
2.862
2.637
3.196
3.034
2.428
2.701
3.057
2.944
3.040
3.058
2.936
3.072
3.040
2.789
2.767
2.680
3.041
3.147
3.058
2.522
3.095
3.124
2.733
3.112
3.185
3.077
3.016
3.129
3.152
2.755
2.795
2.544
3.241
2.785
3.144
3.092
3.260
2.277
3.108
3.068
3.047
3.126
3.082
2.947
2.972
3.002
2.785
1.084
3.261
2.652
2.892
2.906
2.706
3.232
3.117
2.990
2.992
3.108
2.756
3.205
3.089
3.174
2.780
3.229
3.077
3.095
2.669
3.093
3.178
3.073
3.015
2.564
2.623
2.551
2.553
2.943
2.710
3.047
2.958
3.102
3.148
3.014
3.120
2.740
3.046
2.766
2.701
2.595
2.749
3.024
2.899
3.023
3.233
2.647
2.553
3.043
2.827
2.799
2.768
2.543
3.041
3.195
3.179
3.058
1.089
3.095
3.124
3.065
2.631
3.315
2.690
3.081
3.145
3.035
3.057
3.057
3.047
3.073
2.960
2.650
3.211
3.102
3.099
3.034
2.584
3.082
3.214
2.881
2.988
2.964
2.717
2.796
3.117
3.112
3.089
3.185
3.077
2.654
3.146
3.100
3.241
3.178
3.144
3.108
2.823
2.629
3.178
3.075
2.760
2.949
3.178
3.120
2.966
2.743
2.798
3.062
2.674
2.839
3.149
2.712
2.731
2.781
3.094
2.996
3.242
2.868
2.901
2.266
3.080
3.270
2.837
3.274
3.033
3.161
3.067
2.895
3.188
3.069
3.086
3.049
3.037
3.113
3.048
2.983
2.889
3.056
2.902
3.045
2.940
2.575
2.715
3.034
2.675
2.729
2.816
3.064
2.582
2.936
2.539
2.373
3.195
2.764
2.419
3.315
2.689
3.038
2.670
3.153
2.804
2.750
2.785
3.053
3.065
2.999
2.999
3.142
3.066
2.985
3.080
3.056
3.007
3.210
2.930
3.082
3.132
3.053
2.653
3.186
3.053
2.300
3.081
3.067
3.179
3.117
3.112
3.178
3.089
3.185
2.851
2.525
1.842
2.436
3.270
3.241
2.542
3.120
3.144
3.033
3.108
2.883
2.700
2.901
2.699
2.963
3.042
3.022
3.052
3.050
3.025
3.057
2.986
3.038
2.786
3.242
2.794
2.844
2.794
2.745
2.787
2.870
2.711
3.199
2.996
2.903
2.930
2.954
2.990
2.844
2.931
3.142
3.020
3.208
3.124
3.184
3.089
3.017
2.782
3.226
2.996
3.027
3.098
3.093
2.922
3.195
3.022
3.315
3.081
3.179
2.430
2.436
2.775
2.704
2.722
2.902
2.781
2.237
3.082
2.862
2.967
2.808
2.651
2.664
3.074
3.116
2.900
3.052
3.074
3.022
3.057
3.066
2.938
2.495
2.516
3.117
3.112
3.178
3.199
3.089
2.862
2.580
2.281
3.182
3.064
3.057
3.055
2.790
3.158
3.063
2.855
3.217
2.583
2.763
2.752
2.665
2.979
2.704
2.798
2.769
2.897
2.696
3.270
3.124
3.241
2.930
2.914
3.144
3.108
3.190
2.793
3.085
3.161
3.285
2.701
2.986
2.741
2.768
3.169
3.128
3.201
2.750
3.149
2.922
2.974
3.141
2.900
3.001
3.217
3.171
2.991
3.081
2.982
3.062
3.121
2.791
2.881
3.070
3.150
2.799
3.154
1.467
2.976
3.072
3.101
3.188
3.089
3.006
3.228
2.898
3.127
3.012
3.045
3.195
3.022
3.315
3.182
3.081
3.065
2.771
3.119
3.087
2.922
2.609
2.914
2.847
3.018
2.852
2.804
2.807
3.053
2.661
2.648
2.957
2.596
3.067
2.720
3.037
3.053
3.071
3.259
3.083
3.010
3.063
3.082
3.044
3.107
3.069
2.842
2.779
3.061
2.968
3.037
2.967
2.894
3.069
1.895
2.806
3.117
3.112
3.178
3.199
2.932
2.785
2.961
3.212
3.141
0.937
2.752
2.924
2.657
3.270
3.124
3.228
3.154
3.108
2.795
3.121
2.756
2.781
2.763
3.241
3.097
3.067
2.888
3.059
3.255
3.054
2.964
3.085
3.246
3.243
3.080
2.711
3.141
3.036
3.140
3.159
3.078
3.148
3.080
2.942
3.075
3.068
3.128
3.161
3.032
3.078
3.183
3.148
2.948
3.094
3.087
3.066
3.043
3.129
3.009
3.053
3.116
2.944
2.783
3.195
3.022
3.315
3.182
2.824
2.678
2.864
2.806
3.137
3.068
3.161
3.085
3.059
3.058
3.054
3.058
3.053
2.959
2.960
2.767
3.117
3.056
3.112
3.178
3.199
3.033
2.949
3.090
2.780
2.507
3.027
3.126
2.798
3.161
2.745
2.777
3.062
2.801
2.649
2.763
2.797
3.197
3.080
3.132
3.060
2.974
2.740
2.867
2.424
2.566
2.586
2.899
3.270
3.124
2.912
2.729
3.183
3.228
3.154
3.126
2.503
3.108
3.121
2.818
2.979
3.178
2.805
2.900
3.143
3.149
3.211
3.035
2.974
2.645
3.076
3.268
3.208
2.511
3.135
3.168
3.092
2.965
3.151
3.114
3.116
3.146
3.192
3.032
3.158
3.123
3.211
3.059
3.164
3.201
3.073
3.181
3.176
3.082
3.132
2.992
3.091
2.925
3.093
3.175
2.913
2.973
3.104
3.005
3.215
2.927
3.137
3.195
3.090
3.022
3.315
2.617
2.818
2.884
2.924
3.034
2.466
2.817
2.572
2.659
2.811
3.066
2.969
2.960
3.072
2.960
3.055
3.055
3.105
2.972
3.051
3.062
2.757
2.166
2.960
2.800
2.219
2.812
3.211
3.117
3.112
2.819
3.178
3.024
2.835
2.539
3.119
3.035
2.964
2.827
3.028
2.760
2.745
2.840
3.033
2.855
2.773
3.069
2.759
2.538
2.452
2.687
2.989
2.845
3.270
3.124
3.183
3.228
3.154
3.108
3.139
2.969
3.167
3.198
3.276
3.135
3.118
3.201
3.275
3.242
3.241
3.120
2.871
2.996
3.034
3.186
3.014
2.568
3.069
3.184
3.087
3.008
3.262
3.178
3.164
3.079
3.174
3.162
2.997
3.164
3.026
3.090
2.767
3.035
3.000
2.746
2.952
2.975
3.137
3.195
3.090
3.022
3.315
2.920
2.810
2.790
2.829
2.919
2.847
3.000
3.064
3.053
2.718
3.211
2.688
2.859
3.117
2.851
3.053
3.127
3.112
3.207
3.235
3.099
3.028
2.552
3.098
3.063
2.995
3.008
3.158
3.183
2.887
3.216
3.160
3.005
3.041
2.783
2.646
2.739
3.127
2.796
2.758
2.606
3.134
3.241
2.585
2.771
2.859
2.895
2.778
2.514
2.870
3.178
2.582
1.710
3.270
3.124
3.183
3.228
2.494
3.162
3.186
3.152
3.243
3.243
3.053
3.256
3.053
3.028
2.870
2.925
3.099
3.079
3.129
3.127
3.177
3.040
2.562
1.749
2.912
2.267
3.148
3.121
3.181
3.013
3.169
3.172
3.096
3.118
2.991
3.187
3.159
3.081
3.116
3.156
2.996
3.008
3.124
3.049
3.144
3.107
3.182
3.188
3.142
3.121
2.784
3.276
3.008
3.137
3.195
3.090
3.063
3.050
2.915
2.958
2.838
3.076
2.557
3.058
2.611
3.040
2.493
2.819
3.135
3.140
3.211
3.117
3.112
3.178
3.059
3.000
2.913
3.069
3.202
2.711
3.148
3.072
2.961
3.101
3.151
3.213
2.823
2.661
2.768
2.756
2.830
2.786
3.202
3.087
2.783
2.997
2.816
2.475
2.912
2.763
3.101
3.253
3.158
3.137
3.189
3.127
3.032
2.816
2.765
3.270
3.124
3.142
3.183
3.228
3.162
3.186
2.329
3.156
3.156
3.162
3.244
3.099
3.034
2.574
3.132
3.145
3.047
3.125
3.092
3.150
2.976
3.161
3.018
3.123
3.279
3.174
3.140
3.158
3.108
3.162
3.178
3.074
3.261
3.047
3.072
3.193
3.198
3.037
3.129
3.164
3.258
2.785
3.133
3.169
3.167
3.098
3.271
3.091
3.031
2.905
2.822
2.849
3.137
3.195
3.211
3.117
3.112
3.218
3.190
3.003
3.058
3.168
2.649
3.137
1.913
2.888
2.871
2.937
3.075
2.986
3.261
3.058
3.147
2.581
2.736
2.846
2.746
3.084
3.012
2.660
2.895
2.789
3.028
2.785
3.099
2.967
2.973
3.033
2.967
2.971
3.095
3.077
3.116
3.123
3.123
2.579
2.524
2.504
2.857
2.429
2.634
3.270
3.124
3.261
3.183
3.167
3.193
3.145
3.162
3.072
3.186
3.085
2.987
3.172
3.049
3.236
2.500
2.906
2.801
3.177
3.171
3.256
3.054
2.966
3.137
3.110
3.105
3.029
3.062
2.953
3.080
3.124
3.173
3.107
3.170
2.988
3.133
3.191
3.005
3.132
3.017
3.239
3.106
2.926
3.095
3.014
2.883
2.768
3.103
2.882
3.175
3.137
3.211
3.117
3.112
2.425
2.500
3.017
3.036
2.891
3.057
2.778
3.206
3.064
3.052
2.922
3.136
3.105
2.725
2.736
2.731
3.019
2.828
2.730
2.837
2.718
2.738
3.128
3.052
3.253
3.028
3.131
3.275
2.999
3.126
2.971
3.025
3.092
3.133
3.029
3.119
3.001
2.563
3.137
3.160
3.160
2.838
2.999
2.767
3.270
3.124
3.261
3.183
2.681
2.820
2.990
2.909
3.167
3.193
3.236
3.145
3.162
3.072
3.186
3.197
3.192
2.794
2.857
3.221
2.960
3.174
3.144
3.173
3.157
3.162
3.007
3.122
3.166
3.188
3.137
3.089
3.092
2.967
3.079
3.158
3.165
3.138
3.181
3.170
3.258
3.137
2.890
3.071
3.271
3.185
3.044
3.268
3.201
3.059
3.070
3.261
2.975
2.740
3.013
3.193
3.039
3.077
3.007
3.057
2.906
3.137
3.211
3.117
3.112
2.840
2.358
2.767
3.105
2.695
2.449
3.181
3.044
2.477
3.101
3.086
3.061
3.054
3.093
3.153
3.038
3.146
2.677
3.008
2.572
2.966
2.841
2.872
3.027
2.748
3.034
2.718
2.992
2.566
2.816
2.997
3.240
3.256
3.010
3.149
3.241
2.807
3.062
2.782
3.278
2.405
2.570
3.273
2.951
3.036
2.998
2.605
3.259
3.271
3.124
3.261
3.183
3.193
3.236
3.145
3.162
3.072
3.186
3.165
2.804
2.834
3.071
2.966
2.910
3.064
3.093
3.111
3.171
2.843
3.010
3.138
3.145
3.159
3.164
3.143
3.165
2.993
3.181
3.164
3.103
3.181
2.999
3.108
3.095
3.270
3.260
3.260
3.186
3.183
3.079
3.008
3.277
3.051
3.273
3.128
2.566
2.803
2.573
2.979
2.953
3.171
2.983
3.058
2.982
2.962
3.146
3.137
3.211
3.117
3.112
2.889
2.631
3.061
3.265
2.999
2.689
2.640
2.694
3.040
3.084
3.169
3.147
3.065
3.035
3.172
2.975
3.076
2.765
2.796
2.848
2.728
3.031
2.592
2.755
2.786
2.920
3.026
2.930
3.103
3.112
3.114
3.244
3.159
2.890
3.273
3.096
2.770
2.716
2.733
2.598
2.909
2.909
3.271
3.124
3.261
3.183
3.193
2.939
3.236
3.145
3.162
3.072
3.186
3.260
3.107
2.681
3.108
2.517
1.964
1.374
3.243
3.058
3.043
2.961
3.061
2.412
2.767
3.160
2.896
3.180
3.081
3.021
3.033
3.143
3.047
3.030
3.115
3.076
3.085
3.184
3.260
3.115
3.038
2.925
2.953
3.160
3.152
3.123
3.060
3.243
3.191
3.053
3.250
3.087
3.106
3.165
3.261
3.102
3.181
3.120
3.080
2.684
2.785
3.077
3.034
3.146
3.137
3.211
3.117
2.280
2.369
2.671
2.629
2.754
2.797
2.569
2.332
2.633
2.858
2.832
2.865
2.790
2.984
3.061
2.560
2.701
2.789
3.148
3.032
3.052
3.150
2.782
2.962
3.202
3.037
3.080
3.151
2.581
2.752
2.895
2.970
2.942
2.701
2.904
2.925
3.036
2.723
2.828
2.826
2.776
2.748
3.108
3.218
3.106
3.039
3.067
3.276
2.683
2.516
3.271
3.124
3.261
3.183
3.193
3.236
3.145
3.162
3.072
3.115
3.186
3.069
3.011
2.566
3.092
3.053
3.112
2.888
3.244
3.037
3.137
3.037
3.215
3.123
3.129
3.206
3.170
3.040
3.016
3.189
2.571
3.107
3.258
3.073
3.037
3.160
3.063
3.170
3.123
3.137
3.005
3.123
3.166
3.064
3.208
3.034
3.003
3.134
2.750
3.048
2.783
3.246
3.113
3.126
3.008
0.481
3.146
3.211
3.117
3.276
2.769
3.107
2.634
2.782
2.262
2.702
2.975
3.051
3.123
3.091
2.825
2.512
3.168
3.025
3.125
3.082
2.834
2.607
2.744
2.768
3.118
2.744
2.817
2.548
3.058
2.682
2.713
3.029
2.649
2.901
3.033
2.932
3.273
2.888
3.180
3.160
2.664
3.011
3.012
2.764
2.761
2.807
3.271
3.124
3.261
3.183
3.193
3.236
3.024
2.797
2.744
2.619
2.695
3.273
3.145
3.134
3.162
2.924
3.072
3.186
3.086
3.264
2.702
2.787
3.276
3.046
3.171
3.164
3.195
3.182
3.165
3.113
3.171
3.120
3.167
3.273
3.061
3.184
3.068
3.031
3.217
2.959
3.171
3.204
3.127
3.275
3.138
3.207
3.175
3.148
3.049
3.081
3.021
3.001
2.978
2.787
3.267
3.270
3.117
2.963
3.148
2.854
3.203
2.975
2.777
2.897
3.146
3.211
3.117
3.276
2.679
2.987
3.078
3.060
3.137
3.023
3.247
3.068
3.011
3.120
2.803
3.244
2.758
2.789
3.147
2.742
2.871
3.017
3.134
2.703
2.735
2.623
2.590
2.625
3.128
2.744
2.643
3.143
3.201
3.138
3.157
3.092
2.660
2.411
3.099
3.016
2.482
2.562
3.016
3.161
3.251
3.016
2.945
2.620
3.271
3.264
3.124
3.183
3.193
3.236
3.141
3.004
3.233
3.152
3.145
3.134
3.162
3.072
3.186
3.021
3.234
3.180
3.272
3.154
3.169
3.178
3.141
3.107
3.131
3.174
3.160
3.010
3.154
3.077
3.132
3.259
3.093
3.228
3.096
3.112
3.237
3.230
3.231
3.105
3.177
3.267
3.168
3.224
3.257
3.090
2.850
2.917
3.259
3.072
3.123
3.232
2.925
3.030
3.020
3.101
2.973
2.980
2.961
2.744
3.000
2.983
2.859
3.157
3.146
3.211
3.117
3.276
3.045
3.081
2.869
3.033
2.616
2.882
3.037
2.788
2.798
2.623
2.517
2.692
3.054
3.179
2.765
2.967
2.745
2.748
3.109
2.929
3.133
2.633
2.641
2.970
3.255
3.145
3.243
3.028
3.031
3.270
3.147
3.168
3.227
2.988
3.111
3.276
3.128
3.203
3.062
2.775
2.542
2.692
3.271
3.264
2.551
3.038
2.285
3.124
3.183
2.425
3.169
3.228
3.193
2.692
3.145
3.134
3.162
3.072
2.381
3.052
3.002
3.050
3.036
3.114
3.042
2.566
3.113
3.056
3.185
3.155
3.102
3.158
3.069
3.215
3.136
3.213
3.105
3.198
3.083
3.135
3.117
3.002
3.147
3.131
2.563
3.271
2.856
3.168
2.763
2.885
3.114
2.539
3.045
3.065
3.014
3.010
3.096
3.102
3.185
2.857
2.923
2.909
3.127
3.104
2.974
3.039
3.146
3.211
3.117
3.270
2.823
3.038
2.707
2.904
3.003
3.258
2.743
2.269
3.095
3.106
3.246
3.274
2.991
2.979
3.047
3.195
3.064
3.057
2.899
2.998
2.708
2.952
3.242
2.727
3.039
2.875
3.251
3.161
2.853
3.259
3.069
3.032
3.058
2.479
2.782
3.209
3.106
3.280
3.031
2.639
3.277
3.179
2.889
2.716
2.884
2.748
2.996
3.271
3.264
3.124
3.183
3.169
3.228
3.193
3.145
3.134
3.162
3.072
2.586
3.053
2.845
3.015
3.039
3.111
3.177
3.150
3.160
3.110
3.204
3.043
3.085
3.117
3.140
3.131
3.101
3.277
3.148
3.147
3.164
3.114
3.134
2.997
3.178
3.164
3.154
3.121
3.177
3.065
3.184
3.003
2.982
2.974
3.009
3.095
3.048
2.786
2.682
3.137
3.171
2.718
3.155
2.877
2.990
2.877
3.138
2.901
2.889
3.053
3.146
3.211
3.117
3.270
2.834
3.048
2.571
2.988
2.825
3.249
2.610
2.527
2.246
3.208
3.073
3.116
3.056
3.137
2.840
2.096
2.913
3.196
2.716
2.601
3.148
2.772
2.737
2.785
2.989
3.033
2.713
3.080
3.034
3.029
3.134
2.054
3.061
3.219
2.734
3.258
3.278
2.749
2.962
2.726
2.879
3.097
3.142
3.181
3.283
3.271
3.264
3.124
3.183
3.169
3.228
3.193
3.145
3.134
3.162
3.072
2.483
3.059
3.126
2.471
2.841
2.983
2.571
3.152
3.156
3.183
3.137
3.159
3.274
3.091
3.137
3.148
3.042
3.160
3.037
3.033
3.082
3.141
3.175
3.113
3.018
3.176
3.179
3.286
3.075
3.104
3.205
3.190
3.056
3.166
3.272
3.095
3.196
3.184
3.034
3.137
3.029
2.926
3.038
2.923
2.872
2.875
2.878
2.876
3.083
2.924
2.971
3.146
3.211
3.117
3.278
2.681
2.868
2.598
3.175
2.923
3.241
3.229
3.089
3.245
2.981
3.083
3.082
2.927
3.376
2.842
3.047
2.936
2.663
2.714
2.859
3.208
3.095
2.760
2.995
3.154
3.021
2.889
3.277
3.241
3.241
3.192
2.979
3.057
3.162
2.980
3.213
2.757
3.216
3.217
2.923
2.745
3.207
3.167
3.256
3.122
2.677
2.966
2.737
2.558
3.271
3.264
3.124
3.183
3.169
3.228
3.193
3.145
3.134
3.162
3.072
2.503
3.120
3.093
3.088
3.183
3.147
3.225
3.155
3.117
3.170
2.963
3.124
3.179
3.067
3.180
3.204
2.720
3.208
3.208
3.101
3.151
3.088
3.089
3.139
3.229
3.032
3.032
3.168
3.169
3.273
3.195
2.999
3.129
3.004
3.163
3.277
3.223
3.029
3.009
3.041
2.757
3.124
3.056
2.943
