hardness
 (GPa)  
  12.297
  10.987
  13.050
   8.851
   9.880
   7.236
  11.665
  11.720
  11.329
   4.776
  13.150
  12.121
  13.003
  11.035
  14.569
   9.382
  13.791
  11.899
   8.936
   9.548
  13.028
   4.067
  12.577
  11.682
  12.237
  11.334
  13.647
  14.296
  14.081
   9.879
  12.044
  10.984
  12.056
   9.917
   7.647
  14.199
  12.523
  13.402
  10.539
  14.327
   9.840
  10.865
   6.693
  17.249
  13.536
  11.842
  11.959
  13.476
  11.731
  12.925
  13.048
  14.299
  13.261
  11.432
  12.319
  14.319
  12.703
  15.483
  13.043
  11.670
  13.831
  13.752
  11.403
   9.513
  11.851
  13.565
  14.326
   5.936
   8.903
  16.238
  13.734
  10.672
  12.038
  11.643
  11.866
  12.378
   8.638
  10.218
   9.846
  11.803
  11.067
   8.758
  11.628
  12.405
  10.789
  14.170
  10.562
   6.393
  16.300
  11.026
  12.603
   6.775
   9.433
  10.054
   9.115
  13.415
  11.414
  14.476
  13.273
  12.124
  10.617
  13.373
   6.213
   9.819
   9.259
  13.480
  11.163
  14.451
  14.869
  12.285
  10.077
  11.803
  13.989
  11.823
  10.542
  11.284
  10.408
   8.858
  14.116
   8.060
  14.134
  15.441
  13.040
  13.880
  14.288
  14.029
  11.272
  14.967
  12.228
  12.181
   9.187
  11.950
  12.215
  15.531
   8.776
  12.648
  11.526
  13.525
   8.804
  14.338
  11.923
  14.557
  11.189
  11.712
   8.911
   6.921
  12.017
   9.907
  11.872
  13.312
  10.046
  11.595
  10.127
  11.014
  12.284
  15.784
  13.479
  13.983
  14.032
  15.900
  12.855
  14.444
  11.852
  13.695
  11.463
  16.362
  15.969
   8.826
  13.184
  10.536
  10.986
  15.495
  16.628
  12.783
  15.420
  13.392
  11.992
  13.170
  17.775
  17.780
  16.618
  12.086
  13.283
  18.104
  16.747
  13.057
  15.812
  10.362
  16.806
  15.108
  17.249
  16.300
  15.483
  11.914
  13.461
  14.913
  13.405
  11.485
   9.615
  13.265
  13.210
  15.531
  12.794
  15.108
  11.027
  12.862
  13.348
  11.235
  12.592
  12.849
  10.313
  15.439
   9.514
  10.829
  13.286
  10.494
   9.069
  13.569
  15.900
  11.661
  15.784
  12.217
  12.514
  11.373
  16.011
  14.190
   3.795
  10.273
  13.837
  15.239
   8.715
  10.695
  11.343
  17.780
  17.775
  13.515
  13.335
  13.376
  11.819
  16.747
  12.809
  12.252
  16.628
   8.222
  16.362
  12.767
  15.495
  12.809
  10.698
  18.104
  16.806
  15.812
  10.937
  13.593
  -3.031
  13.867
  12.856
  15.308
   9.957
  12.365
  14.918
  14.026
  15.581
  13.155
   9.583
  13.524
   4.814
  13.516
   9.262
  13.258
   9.969
  11.730
  14.185
  14.688
  15.722
  16.209
  12.494
  15.937
  16.432
  16.095
  17.399
  17.695
  13.746
  14.449
  15.659
  -1.361
  15.745
  14.225
  16.490
  -2.210
   2.750
  16.143
  12.393
  14.827
  15.068
  17.182
  14.358
  -1.279
  17.047
  14.529
  17.645
  15.753
  15.740
  17.249
  16.300
  13.282
  15.199
  12.723
  14.139
  11.647
  13.242
  10.159
  16.533
  13.763
  12.675
  12.331
  13.246
  11.240
  10.347
  11.822
  14.059
  11.874
  16.202
  12.400
  17.373
  14.795
   8.483
  13.293
  14.320
  14.735
  15.495
  12.609
  12.057
  16.184
  10.532
  15.582
  11.271
  10.880
  12.204
  12.076
  16.874
  14.222
  13.818
  14.582
  13.922
  11.600
  17.780
  17.775
  17.695
  17.399
  16.628
  16.490
  16.209
  16.095
   6.188
  18.104
   8.787
  16.806
  17.645
  17.182
  17.047
  10.900
   0.745
  15.142
  12.126
  13.374
  13.944
  13.780
  14.901
  12.446
  15.706
  13.024
  11.847
  16.157
  12.833
  17.283
  16.549
  17.893
  12.865
  15.620
  14.140
  11.961
   9.437
  16.103
  13.639
  12.068
  14.101
  13.086
  12.272
  14.991
  13.417
  14.203
  -3.385
  16.208
  17.393
  15.741
  16.493
  15.804
  17.126
  12.520
  14.991
  17.173
  13.914
  17.162
  16.289
  14.473
  17.373
  16.874
  14.733
  15.845
  14.291
  12.846
  11.764
  13.479
  10.994
  11.241
  12.478
  10.895
  15.289
  14.962
  13.899
  13.209
  13.642
  13.640
  15.685
  13.338
  10.576
  12.398
  14.058
  12.551
  11.674
  12.388
  17.893
  17.780
  17.775
  17.695
  17.399
  17.283
  13.893
  14.264
   9.293
  15.604
  10.170
  13.299
  13.790
  11.101
  11.259
  12.948
  16.093
   9.840
  14.011
  12.874
  11.725
  13.218
  12.911
  13.720
  16.690
  15.674
  15.619
  18.104
  17.173
  17.126
  15.020
   1.118
  17.645
  17.393
  17.182
  10.874
  17.047
  13.660
   4.544
  16.977
  18.100
  17.438
  14.197
   7.298
  15.827
  17.215
  15.042
  14.436
  15.574
  10.664
  15.704
  14.604
  15.731
  15.134
  16.330
  10.249
  14.165
  17.857
  17.453
  14.307
  13.606
  12.418
  16.247
  13.182
  14.032
  13.027
  16.556
  10.404
  14.048
  14.918
  15.877
  10.505
  -2.598
  15.994
  15.733
  15.234
  16.847
  18.180
  17.040
  14.227
  17.373
  15.409
   9.277
  10.148
  15.756
   9.538
  11.348
  12.566
  10.491
  14.151
  12.347
   1.157
  18.100
  13.735
  12.957
  17.780
  11.769
  13.236
  13.683
  15.909
  -2.322
  11.265
  10.865
  12.479
  14.628
  13.665
   7.903
  13.300
   8.638
  17.107
  12.639
  16.010
  16.973
  15.285
  16.861
  14.341
  15.403
  16.282
  16.842
  14.930
  13.502
  11.516
  15.037
  15.561
  17.695
   9.615
  17.399
  17.283
  12.609
  18.104
  17.438
  17.173
  10.190
  17.126
  16.252
  11.595
  12.433
  11.053
  18.180
  14.080
  17.645
  17.393
  17.047
  12.438
  17.857
  15.808
  16.017
  13.384
  15.072
  11.733
  14.013
  14.467
  10.686
   2.636
  12.259
  12.508
  14.743
  15.152
  10.268
  17.147
  18.508
  15.008
  16.810
  17.145
  11.890
  13.831
  17.697
  17.877
  15.737
  13.538
  15.942
  15.077
  12.936
  15.435
  17.958
  15.263
  11.939
  12.324
  12.296
  11.445
  15.363
  16.549
  13.529
  16.311
  17.038
  11.789
  16.596
  15.619
  17.373
  14.363
  16.707
  12.670
  15.358
  10.540
  13.132
  13.608
  14.014
   9.784
  16.245
  14.983
  12.941
  13.036
  12.783
  14.135
  13.178
   8.051
  15.089
  18.100
  17.780
  17.695
  -1.838
  17.399
  17.283
  16.728
  10.336
  17.941
  14.762
  17.792
  17.053
  16.812
  13.102
  17.083
  15.687
  14.526
  14.182
  14.547
  17.121
  11.604
  15.883
  16.670
  14.813
  14.094
  17.012
  15.709
  16.196
  16.013
  13.599
  14.711
  18.508
  18.104
  17.697
  17.438
  17.173
  14.575
  14.809
  13.645
  18.180
  17.958
  17.645
  17.857
   9.546
  12.585
  15.969
  15.023
  10.889
  11.736
  18.026
  17.872
  15.544
  12.269
  15.620
  13.569
  12.480
  15.635
  13.339
  14.419
  13.653
  12.720
  16.132
  15.584
  17.151
  16.300
  13.903
  13.287
  12.265
  18.952
  12.016
  13.334
  17.641
  16.392
  17.576
  12.411
  13.564
  13.814
  16.014
  14.484
  17.434
  15.495
  13.384
  12.585
  11.313
  14.480
  12.880
  14.715
   9.646
  15.453
  10.739
  13.944
  12.250
  14.283
  14.120
  17.056
   9.224
  10.423
  15.170
  11.535
  18.100
  13.402
   9.557
  17.941
  13.199
  14.734
  13.885
  10.264
  13.998
  11.113
   9.615
  16.821
  16.161
  13.383
  14.845
  17.413
  12.407
  15.910
  16.029
  17.264
  13.104
  14.343
  16.747
  14.512
  13.810
  17.647
  12.057
  16.164
  14.797
   6.845
  17.792
  14.235
  17.780
  18.508
  18.104
  18.026
  17.697
  17.438
  15.198
  10.230
  10.138
  10.326
  18.952
  18.180
   9.836
  17.872
  17.645
  17.641
  17.857
  11.692
  11.402
  11.224
  14.677
  14.099
  16.854
  17.976
  13.563
  16.366
  11.191
  14.528
  15.339
  17.032
  14.915
  13.345
  12.858
  13.565
  16.528
  12.396
  13.295
  16.150
  10.959
  17.815
  13.307
  13.991
  15.360
  11.898
  14.703
  16.343
  14.633
  17.618
  17.013
  17.269
  18.676
  11.038
  17.270
  12.948
  16.755
  13.464
  13.785
  15.533
  14.302
  14.341
  16.341
  18.100
  17.976
  17.941
  17.792
  17.780
   8.841
   8.701
  11.201
  14.146
   9.080
  14.319
  13.942
   8.534
  17.104
  14.208
  15.406
  14.108
  15.018
   9.883
  16.874
  16.323
  15.702
  14.787
  12.635
  17.984
  14.463
  16.172
  14.485
   9.128
   8.217
  18.508
  18.104
  18.026
  17.815
  17.697
  13.189
  10.505
  13.338
  17.850
  16.593
  17.360
  16.254
  16.342
  15.865
  15.236
  14.999
  16.926
  14.440
   8.478
   8.227
  13.430
  12.928
  14.518
  13.373
  11.721
  14.926
  14.626
  18.952
  18.676
  18.180
  16.889
  14.396
  17.645
  17.857
  17.376
  16.424
  15.196
  14.092
  18.693
  13.642
  15.238
  14.503
  14.661
  14.637
  17.633
  16.555
  15.262
  16.937
  12.816
  15.367
  17.475
  14.767
  13.843
  17.383
  13.478
  16.282
  11.812
  14.167
  17.109
  17.855
  14.173
  12.473
  15.650
  15.381
  15.601
  17.985
  -2.779
  14.339
  16.901
  16.341
  17.661
  14.051
  13.875
  18.404
  14.045
  16.939
  14.739
  14.769
  18.100
  17.984
  17.941
  17.850
  17.792
  12.222
  11.320
  14.604
  13.012
  16.313
   8.896
  11.194
  14.631
  11.633
  14.368
  15.815
  14.190
  12.975
  11.293
  14.534
  13.438
  13.313
  17.387
  15.444
  14.680
  17.242
  17.571
  18.101
  17.780
  17.155
  16.674
  11.931
  16.012
  15.201
  11.363
  15.224
  14.200
  12.007
  11.918
  17.053
  13.439
  13.497
  16.149
  10.520
  13.478
  18.508
  18.104
  18.026
  17.815
  14.924
  13.650
  14.693
  17.232
  15.830
   1.882
  15.529
  13.843
  13.335
  18.952
  18.676
  18.404
  17.985
  17.857
  13.470
  17.855
  14.211
  14.525
   8.701
  15.918
  14.137
  13.946
  17.315
  16.619
  15.789
  16.780
  15.853
  13.879
  16.655
  13.927
  14.943
  14.157
  12.159
  17.100
  16.350
  14.234
  14.098
  16.522
  15.600
  13.694
  14.033
  10.296
  17.789
  15.044
  14.481
  15.501
  18.542
  16.828
  10.812
  14.570
  15.616
  14.036
  10.584
  14.835
  15.131
  14.754
  17.572
  13.049
  16.137
  18.100
  17.984
  17.941
  17.850
  13.365
  10.814
  14.461
  15.595
  18.152
  14.140
  15.145
  15.020
  11.729
  14.741
  14.307
  17.155
  14.796
  14.035
  13.980
  11.414
  18.508
  16.547
  18.104
  18.026
  17.815
  14.164
  16.674
  18.002
  14.869
  11.398
  15.742
  14.729
  12.327
  16.385
  11.291
  13.585
  12.808
  15.407
  13.116
  15.661
  14.722
  12.589
  15.791
  17.430
  15.191
  15.729
  10.077
  11.214
   9.797
   9.315
  12.327
  15.030
  18.952
  18.676
  12.574
  11.120
  18.542
  18.404
  17.985
   9.738
  10.020
  17.857
  17.855
  13.623
  14.515
  15.436
  14.621
  16.053
  15.823
  17.002
  18.619
  13.523
  16.043
  15.207
  17.230
  16.567
  14.877
  14.946
  14.128
  17.099
  16.088
  14.721
  11.543
  17.108
  11.774
  10.467
  16.911
  15.476
  12.493
  16.239
  11.717
  17.503
  16.267
  16.449
  15.270
  17.412
  17.750
  16.521
  17.645
  17.667
  15.085
  12.014
  15.908
  16.685
  16.210
  14.242
  17.448
  16.963
  16.532
  16.370
  18.152
  18.100
  18.002
  17.984
  17.941
  12.789
  13.440
  14.307
  12.175
  12.598
  11.324
  15.593
  12.343
  12.406
  15.588
  13.606
  15.423
  16.350
  14.310
  15.344
  14.810
  15.948
  11.714
  14.218
  16.181
  17.034
  12.036
   8.423
  12.865
  11.527
   8.131
  11.829
  18.619
  18.508
  18.104
  14.996
  18.026
  14.486
  11.629
  12.804
  15.609
  14.571
  13.376
  15.839
  14.598
  13.957
  15.195
  12.947
  14.698
  16.386
  13.280
   9.230
  12.563
   8.969
  10.861
  11.678
  13.362
  15.216
  18.952
  18.676
  18.542
  18.404
  17.985
  17.857
  15.818
  16.387
  13.051
  17.270
  13.990
  13.360
  15.123
  17.414
  17.110
  17.887
  13.123
  12.202
  13.660
  14.089
  16.727
  18.202
  15.575
  11.892
  17.547
  16.119
  14.729
  15.031
  17.140
  16.360
  16.564
  15.979
  16.536
  18.373
  16.764
  12.959
  17.475
  12.587
  15.412
  17.049
  17.613
  12.097
  16.605
  16.935
  18.152
  18.100
  18.002
  17.984
  17.941
  14.359
  15.590
  10.377
  14.552
  15.902
  13.011
  15.200
  17.743
  15.705
  11.253
  18.619
  11.708
  13.155
  18.508
  13.217
  16.042
  16.833
  18.104
  16.073
  17.629
  12.591
  11.886
  12.026
  17.510
  15.409
  13.872
  15.731
  16.752
  15.302
  14.124
  13.765
  14.064
  14.164
  15.958
  14.731
  11.432
  13.085
  17.782
  14.448
  12.710
  14.286
  17.728
  16.217
  14.575
  15.083
  14.440
  14.198
  12.477
  10.091
   8.456
  18.026
   9.468
   5.835
  18.952
  18.676
  18.542
  18.404
   8.881
  18.373
  18.202
   9.993
  13.176
  16.641
  15.629
  15.320
  14.846
  15.321
  14.803
  12.011
  17.358
  16.358
  14.466
  15.985
  14.160
  13.214
  12.383
   0.916
  14.017
  13.291
  13.929
  16.671
  17.480
  17.115
  17.492
  17.880
  14.801
  15.909
  15.453
   9.455
  16.353
  15.280
  12.378
  18.035
   8.790
  16.199
  14.095
  16.221
  17.831
  16.316
  18.504
  16.796
  18.558
  16.494
  16.340
  13.571
  17.152
  18.152
  18.100
  18.002
  12.276
   6.621
  13.711
  14.629
   5.527
  12.151
  14.101
  15.459
  13.337
  16.735
  11.796
  14.373
  16.735
  16.303
  18.619
  18.508
  18.104
  18.026
  14.286
  14.637
  13.893
  13.637
  18.002
  12.760
  17.399
  17.550
  15.090
  15.256
  15.602
  12.009
  16.284
  15.188
  13.387
  12.230
  14.985
  15.131
  16.575
  13.852
  16.324
  15.517
  13.977
  11.500
  11.884
  11.014
  12.856
  18.095
  16.398
  15.075
  16.587
  13.947
  14.650
  10.722
  10.775
  18.952
  18.676
  18.558
  18.542
  18.404
  18.373
  18.202
   9.935
  18.035
  13.973
  15.910
  14.818
  13.383
  17.636
  15.456
  14.765
  18.410
  13.663
  14.905
  18.092
  14.101
   9.799
  14.976
  17.180
  12.683
  18.587
  16.997
  15.596
  16.593
  14.266
  17.232
  17.395
  15.609
  18.669
  15.760
  18.367
  18.417
  17.742
  17.444
  16.071
  16.560
  16.724
  16.346
  17.105
  17.335
  18.430
  16.365
  18.729
  14.078
  16.319
  13.931
  15.322
  12.375
  18.152
  18.100
  18.619
  18.508
  18.104
  13.835
  16.391
  12.970
  16.498
  14.628
  14.582
  16.568
   5.330
  15.772
  16.415
  12.822
  16.865
  13.051
  17.157
  16.903
  13.272
  11.353
  15.061
  14.634
  14.704
  13.572
  16.224
  13.622
  14.913
  15.358
  15.683
  14.878
  14.300
  15.308
  15.655
  13.982
  16.364
  14.761
  12.042
  15.004
  13.318
  13.997
  16.329
  13.792
  13.547
  13.564
  10.421
   9.489
  11.753
  18.952
  18.676
  18.669
  18.542
  18.430
  18.417
  18.410
  18.373
  18.367
  18.202
  12.251
  16.564
  17.642
  17.317
  18.411
  14.839
  13.961
  11.614
  11.330
  14.624
  12.806
  11.326
  14.058
  12.404
  12.888
  16.888
  17.408
  15.811
  14.469
  15.971
  17.139
  13.721
  16.863
  16.078
  11.521
  16.444
  18.049
  16.138
  17.728
  17.425
  18.121
  18.113
  12.044
  18.097
  13.034
  10.545
   9.057
  16.834
  11.649
  17.579
  18.152
  18.619
  18.508
  18.104
   8.441
  10.638
  16.044
  15.634
  15.681
  17.102
  11.533
  13.219
  13.770
  15.874
  15.851
  15.304
  16.807
  12.374
  14.451
  12.265
  12.539
  12.532
  13.624
  15.264
  14.980
  13.472
  14.186
  13.025
  16.696
  14.347
  11.194
  17.184
  15.454
  14.633
  13.766
  17.891
  14.320
  15.439
  15.977
  17.883
  16.787
  15.450
  15.804
  12.764
  16.040
  12.497
  10.236
  13.003
  18.952
  18.676
  18.669
  18.542
  11.132
  14.287
  11.260
  10.459
  18.430
  18.417
  18.411
  18.410
  18.373
  18.367
  18.202
  17.566
  15.033
  12.508
  13.559
  16.626
  13.873
  18.054
  17.546
  14.258
  15.887
  11.500
  12.745
  15.913
  16.182
   9.704
  15.109
  16.507
  15.025
  13.659
  14.132
  17.472
  17.913
  16.156
  13.699
  16.218
  18.526
  17.469
  15.786
  13.894
  18.988
  16.162
  11.514
  15.518
  14.282
  11.114
  14.655
  12.605
  14.605
  14.448
  17.095
  10.868
  17.174
  14.789
  17.155
  17.091
  13.940
  18.152
  18.619
  18.508
  18.104
  15.065
  10.301
  16.291
  16.535
  13.592
  11.992
  16.181
  15.059
   9.801
  17.063
   7.196
  11.871
  12.131
  12.846
  14.022
  14.843
  18.422
   9.701
  15.210
  15.468
  15.079
  13.683
  12.781
  14.606
  15.328
   9.863
  14.590
  16.322
  10.682
  16.117
  14.115
  14.092
  17.312
  13.094
  16.738
  17.036
  14.095
  17.548
  16.167
  18.095
  13.642
  12.049
  18.430
  15.527
  14.594
  12.736
   7.031
  17.281
  18.988
  18.676
  18.669
  18.542
  18.417
  18.411
  18.410
  18.373
  18.367
  18.202
  17.913
  11.104
  10.440
  13.242
  12.628
  14.118
  16.008
  15.593
  17.325
  18.284
  13.844
  17.110
  17.047
  17.950
  16.223
  14.991
  17.971
  14.675
  17.217
  14.501
  13.658
   8.536
   9.584
  16.525
  13.564
  15.446
  18.935
  12.584
  16.864
  10.551
  17.684
  15.502
  15.582
  18.599
  14.292
  16.725
  16.050
  15.469
  11.943
  12.068
  13.866
  13.554
  16.695
  14.234
  15.806
  10.491
  12.905
  18.422
  18.152
  18.619
  18.508
  18.104
  16.102
  11.726
  15.674
  17.849
  15.384
  12.225
  10.590
  14.830
  12.017
  11.575
  14.878
  14.217
  17.131
  16.679
  15.602
  10.639
  16.903
   8.817
  14.813
  12.990
  14.420
  14.661
  14.064
  13.741
  15.216
   9.842
  14.593
  15.030
  11.775
  17.818
  11.152
  15.569
  17.070
  15.720
  17.735
  14.287
  12.471
  10.650
  10.451
  14.285
  12.106
  14.100
  18.988
  18.676
  18.669
  18.542
  18.417
   9.400
  18.411
  18.410
  18.373
  18.367
  18.202
  18.619
  16.676
  13.280
  17.504
  13.459
   7.257
   5.691
  16.882
  16.521
  17.562
  12.921
  15.238
  13.696
  14.322
  16.580
  13.845
  15.770
  14.309
  16.212
  13.220
  12.577
  14.406
  14.620
  18.233
  17.498
  17.292
  17.968
  18.552
  16.478
  10.551
  11.980
  12.055
  15.829
  18.109
  16.690
  14.402
  18.589
  17.920
  16.487
  13.716
  16.212
  14.527
  15.003
  17.309
  12.915
  10.248
  16.085
  17.852
  13.238
  16.187
  13.726
  17.494
  18.422
  18.152
  18.619
  18.508
  13.417
  11.189
   8.237
   9.986
  11.531
  11.224
  15.409
  10.645
  11.194
  14.536
   9.856
  15.986
  13.318
   9.820
  17.338
   9.792
  10.989
  15.356
  12.957
  13.817
  16.547
  15.258
  15.329
  17.133
  16.974
  14.185
  14.846
  15.640
  13.916
  10.210
  14.402
  13.215
  15.556
  12.439
  15.053
  12.162
  15.692
  13.253
  15.192
  13.427
  14.307
  15.472
  12.407
  17.573
  17.144
  17.176
  16.778
  18.396
  12.520
  11.778
  18.988
  18.676
  18.669
  18.542
  18.417
  18.411
  18.410
  18.373
  18.367
  18.233
  18.202
  15.800
  16.225
  15.482
  16.929
  13.630
  16.344
  15.096
  15.323
  16.194
  17.145
  17.041
  11.192
  16.733
  14.819
  14.847
  14.374
  14.824
  14.172
  16.400
  15.523
  11.658
  18.486
  17.313
  16.980
  17.519
  16.440
  15.017
  18.057
  17.130
  17.507
  17.225
  15.129
  17.239
  13.361
  17.531
  15.138
  18.377
  16.174
  16.404
  14.169
  14.678
  17.871
  15.671
  17.245
  -3.389
  18.422
  18.619
  18.508
  18.396
  12.386
  13.225
  11.786
  10.164
  11.020
  12.131
  14.210
  16.166
  12.258
  16.113
  10.858
  10.596
  12.610
  14.469
  16.531
  17.075
  13.027
  15.441
  13.693
  15.791
  15.833
  14.570
  14.076
  10.282
  13.593
  13.323
  11.861
  13.533
   8.965
  15.183
  14.546
  15.118
  16.144
  14.632
  15.444
  16.389
  13.262
  15.739
   9.302
   9.008
   8.929
  12.071
  18.988
  18.676
  18.669
  18.542
  18.417
  18.411
  14.715
  15.605
  14.568
  15.401
  12.659
  12.751
  18.410
  18.377
  18.373
  13.006
  18.367
  18.202
  17.703
  18.712
  13.431
  16.376
  16.821
  15.347
  14.858
  18.084
  17.064
  15.748
  14.240
  14.277
  15.105
  16.564
  13.930
  15.491
  16.413
  17.741
  16.013
  16.826
  15.854
  14.670
  13.978
  16.588
  17.910
  18.605
  18.332
  16.444
  16.402
  12.157
  16.214
  11.749
  17.000
  16.347
  14.222
  11.898
  17.657
  17.617
  15.147
  16.708
  11.961
  16.175
  18.023
  13.243
  14.112
  14.603
  18.422
  18.619
  18.508
  18.396
  13.709
  14.250
  14.604
  15.263
  14.837
  14.169
  16.665
  15.398
  17.815
  17.049
  11.916
  15.537
  13.778
  11.402
  16.284
  13.952
  13.555
  16.726
   9.620
  13.635
  13.919
  14.526
  11.558
  13.122
  14.832
  14.177
  15.502
  15.724
  17.923
  17.580
  17.788
  14.548
  12.659
  10.979
  15.667
  14.483
  14.714
  10.984
  15.005
  15.622
  17.134
  14.596
  14.776
  11.419
  18.988
  18.712
  18.676
  18.542
  18.417
  18.411
  17.604
  16.295
  16.128
  16.639
  18.410
  18.377
  18.373
  18.367
  18.202
  13.233
  17.622
  17.963
  16.728
  12.958
  18.484
  16.268
  16.478
  15.339
  12.959
  17.400
  18.100
  17.056
  15.067
  14.624
  14.872
  18.462
  13.088
  18.468
  14.760
  10.472
  16.021
  15.068
  14.849
  18.606
  16.284
  16.538
  14.666
  16.892
  16.803
  15.380
  15.410
  14.240
  12.384
  12.520
  15.250
  18.250
  15.567
  12.491
  16.125
  16.292
   9.888
   9.146
  12.878
  12.334
  17.194
  16.325
  12.686
  16.135
  18.422
  18.619
  18.508
  18.396
  17.014
  17.040
  13.377
  12.867
  14.620
  15.421
  13.950
  14.622
  15.725
   3.249
  10.472
  11.923
  14.658
  16.745
  12.824
  10.253
  13.587
  15.736
  14.365
  12.517
  16.308
  13.560
  12.297
  15.049
  16.174
  15.561
  15.527
  14.670
  15.693
  18.397
  16.299
  16.929
  17.194
  16.544
  17.813
  15.733
  15.083
  16.594
  16.913
  12.021
   9.127
  12.412
  18.988
  18.712
  10.263
  12.919
  13.473
  18.676
  18.542
  10.001
  18.484
  18.468
  18.417
  11.407
  18.410
  18.377
  18.373
  18.367
  14.083
  16.860
  17.247
  12.572
  14.387
  13.585
  16.649
  15.460
  15.942
  11.526
  17.272
  13.116
  17.278
  16.131
  16.546
  13.900
  12.440
  15.649
  14.940
  17.049
  17.544
  16.492
  15.063
  13.512
  16.609
  16.131
  12.307
  12.807
  15.229
  15.925
  12.404
  14.224
  16.021
  11.127
  17.408
  16.960
  14.633
  16.254
  15.483
  16.639
  17.098
  13.224
  14.712
  13.999
  15.509
  17.805
  14.178
  12.925
  18.422
  18.619
  18.508
  18.397
  10.434
  17.957
  12.452
  13.580
  17.708
   8.401
  14.713
  13.311
  10.243
  16.443
  18.190
  15.874
  16.828
  13.752
  16.906
  14.815
  13.181
  17.344
  15.440
  16.468
  14.255
  15.507
  18.038
  11.534
  15.969
  14.740
  16.689
   9.804
  12.239
  16.945
   9.669
  15.518
  14.592
  13.571
  16.269
  11.663
  16.390
  15.364
  14.617
  14.401
  15.930
  14.958
  13.023
  14.007
  14.211
  13.472
  11.506
  18.988
  18.712
  18.676
  18.542
  18.484
  18.468
  18.417
  18.410
  18.377
  18.373
  18.367
   9.602
  14.047
  10.261
  12.669
  15.695
  13.621
  16.846
  11.599
  16.532
  17.521
  14.282
  17.560
  12.274
  16.073
  15.437
  17.445
  16.414
  13.154
  16.271
  15.760
  16.865
  17.279
  17.657
  13.132
  13.366
  15.238
  12.162
  16.639
  11.992
  16.088
  16.396
  14.043
  13.875
  12.338
  15.208
  17.785
  14.698
  14.568
  13.028
  16.311
  15.705
  15.868
  13.039
  14.086
  11.300
  14.020
  16.643
  12.631
  11.634
  15.664
  18.422
  18.619
  18.508
  18.397
  13.907
  10.630
  11.550
  12.458
  14.549
  14.919
  12.068
  10.240
   7.191
  17.607
  17.668
  14.979
  13.021
  16.164
  12.816
   9.851
  15.744
  13.172
  15.336
  12.586
  17.077
  15.540
  15.593
  15.208
  12.790
  15.701
  13.763
  14.770
  13.954
  14.620
  15.795
   6.292
  12.890
  14.544
  10.671
  18.274
  18.411
  12.123
  10.768
  13.644
  16.736
  15.730
  16.833
  14.630
  18.684
  18.988
  18.712
  18.676
  18.542
  18.484
  18.468
  18.417
  18.410
  18.377
  18.373
  18.367
   8.608
  13.618
  16.916
  14.710
  13.242
  12.886
  12.047
  11.113
   8.540
  17.274
  16.054
  16.552
  15.893
  17.525
  14.540
  16.001
  11.564
  14.834
  17.038
  12.947
  13.606
  15.740
  17.431
  16.076
  14.966
  17.418
  15.426
  16.901
  16.703
  11.922
  15.512
  16.186
  17.609
  16.743
  12.918
  15.119
  16.079
  17.681
  17.430
  14.773
  17.335
  12.386
  17.531
  16.316
  13.991
  14.881
  13.917
  14.066
  17.603
  16.323
  12.504
  18.422
  18.619
  18.508
  18.411
  11.469
  14.486
  10.964
  16.836
  15.401
  14.363
  17.577
  14.236
  14.750
  16.036
  15.214
  15.817
  15.814
  17.654
  15.612
  15.640
  10.917
   7.170
   9.994
  15.039
  17.292
  14.075
  13.689
  11.077
  18.034
  12.356
  17.289
  15.873
  18.422
  16.603
  15.731
  16.318
  16.791
  16.729
  14.122
  16.618
   8.033
  17.072
  15.409
  11.297
  12.083
  14.375
  16.856
  18.326
  13.221
  13.206
  14.468
  11.730
  12.875
  18.988
  18.712
  18.676
  18.542
  18.484
  18.468
  18.417
  18.410
  18.377
  18.373
  18.367
  10.538
  17.617
  15.989
  14.346
  16.693
  14.112
  14.263
  17.798
  15.719
  18.534
  15.440
  15.609
  17.198
  13.882
  18.372
  15.978
   9.381
  14.006
  16.436
  16.290
  15.881
  13.904
  16.452
  17.874
  16.882
  16.893
  17.506
  17.062
  13.985
  18.074
  15.421
  16.683
  16.025
  16.609
  16.758
  16.064
  18.572
  17.460
  15.018
  15.066
  14.731
  17.615
  12.843
  10.756
