2.394
2.525
2.494
2.479
2.384
2.562
2.382
2.472
2.610
2.076
2.465
2.375
2.322
1.478
2.453
2.405
2.541
2.536
2.492
2.494
2.553
2.162
2.242
2.349
2.118
2.482
2.165
2.328
2.350
2.491
2.514
2.366
2.514
2.421
2.157
2.588
2.706
2.264
2.350
2.507
2.511
2.603
2.391
2.230
2.532
2.354
2.179
2.622
2.308
2.470
2.237
2.301
2.254
2.324
1.223
2.377
2.490
2.518
2.132
2.436
2.338
2.572
2.399
2.649
2.526
2.526
2.337
1.693
2.430
2.329
2.621
2.537
2.451
2.549
2.485
2.366
2.176
2.296
2.491
2.581
2.213
2.398
2.631
2.314
2.541
2.387
2.396
2.490
2.556
2.637
2.652
2.486
2.651
2.002
2.444
1.957
2.454
2.596
2.468
2.444
2.661
2.657
2.552
2.637
2.564
2.590
2.022
2.595
2.144
2.290
2.445
2.530
2.298
2.489
1.242
2.689
2.702
2.493
2.620
2.296
2.415
2.552
2.516
2.453
2.283
2.565
2.568
2.236
2.492
2.492
2.470
2.324
2.606
2.592
1.924
2.564
2.423
2.440
2.475
2.015
2.690
2.271
2.396
2.309
2.662
2.689
2.557
2.520
2.458
2.557
2.447
2.447
2.568
2.076
2.349
2.674
2.431
2.643
2.667
2.588
2.567
2.425
2.327
2.475
2.579
2.145
2.422
2.607
2.050
2.272
2.429
2.449
2.557
2.258
2.374
2.192
2.577
2.423
2.611
2.426
1.823
2.665
2.426
2.627
2.697
2.615
2.518
2.702
2.564
2.687
2.558
2.271
2.654
2.627
2.450
2.423
2.414
2.522
2.591
2.066
2.550
2.539
2.413
2.702
2.674
2.482
2.431
2.447
2.592
2.691
2.674
2.386
2.650
2.413
2.631
2.450
2.643
2.579
2.429
2.426
2.607
2.223
1.694
2.524
2.358
2.407
2.562
2.670
2.509
2.492
1.431
2.603
2.506
2.468
2.422
2.663
2.426
2.564
2.429
2.272
2.503
2.644
2.490
2.520
2.577
2.627
2.460
2.393
2.553
2.650
2.680
2.651
2.649
2.664
2.433
2.577
2.414
2.386
2.650
2.644
2.645
2.650
2.638
1.767
2.621
2.610
2.666
2.649
2.661
2.673
2.703
2.604
2.597
2.640
2.567
2.485
2.702
2.684
2.642
2.603
2.621
2.608
2.585
2.583
2.467
2.562
2.653
2.628
2.633
2.679
2.652
2.645
2.675
2.623
2.663
2.702
2.407
2.666
2.650
2.477
2.677
2.464
2.531
2.551
2.488
2.672
2.665
2.629
2.426
2.312
2.660
2.672
2.608
2.534
2.537
2.423
2.660
2.591
2.621
2.436
2.606
2.652
2.422
2.461
2.433
2.349
2.650
2.301
2.457
2.633
2.506
2.649
2.648
2.649
2.388
2.681
2.654
1.083
2.567
2.485
2.622
2.700
2.649
2.551
2.448
2.630
2.577
2.613
2.207
2.586
2.434
2.393
2.652
2.653
2.577
2.621
2.645
2.679
2.470
2.623
2.547
2.636
2.512
2.428
2.648
2.704
2.702
2.672
2.587
2.612
2.587
2.508
2.478
2.629
2.646
2.608
2.683
2.615
2.700
2.610
2.609
2.473
2.580
2.549
2.506
2.670
2.554
2.617
2.661
2.655
2.614
2.558
2.575
2.591
2.527
2.642
2.667
2.680
2.629
2.536
2.589
2.615
2.638
2.440
2.623
2.672
2.702
2.660
2.648
2.516
2.147
2.604
2.421
2.717
2.702
2.604
2.507
2.725
2.650
2.453
2.662
2.269
2.590
2.610
2.640
2.681
2.576
2.668
2.442
2.455
2.539
2.652
2.072
2.554
2.648
2.595
2.596
2.679
2.679
2.587
2.612
1.940
2.622
2.697
2.625
2.596
2.638
2.443
1.338
2.659
2.345
2.403
2.661
2.653
2.203
2.510
2.642
2.456
2.647
2.653
2.577
2.629
2.536
2.642
2.679
2.603
2.309
2.551
2.618
2.597
2.668
2.632
2.671
2.606
2.704
2.599
2.630
2.573
2.559
2.455
2.277
2.520
2.657
2.369
2.529
2.371
2.467
2.598
2.515
2.635
2.617
2.614
2.469
2.609
2.620
2.614
2.619
2.684
0.728
2.664
2.544
2.621
2.505
2.258
2.571
2.665
2.603
2.625
2.613
2.260
2.634
2.672
2.702
2.660
2.648
2.376
2.671
2.379
2.652
2.717
2.421
2.695
2.663
2.651
2.632
2.515
2.566
2.561
2.680
2.606
2.641
2.667
2.554
2.628
2.615
2.515
2.680
2.587
2.666
2.602
2.624
2.645
2.651
2.686
2.450
1.928
2.476
2.694
2.667
2.664
2.680
2.098
2.585
2.649
2.633
2.432
2.478
2.681
2.441
2.653
2.609
2.704
2.634
2.515
2.539
2.629
2.536
2.717
2.680
2.593
2.610
2.682
2.571
2.679
2.608
2.616
2.659
2.666
2.642
2.667
2.231
2.589
2.612
2.191
2.498
2.573
2.624
2.688
2.608
2.607
2.612
2.602
2.617
2.638
2.676
2.671
2.603
2.614
2.578
2.689
2.481
2.610
2.637
2.527
2.478
2.638
2.647
2.629
2.619
2.626
2.581
2.612
2.620
2.626
2.451
2.644
2.676
2.604
2.573
2.613
2.682
2.654
2.672
2.561
2.686
2.666
2.554
2.649
2.615
2.632
2.717
1.851
2.490
2.587
2.643
2.642
2.641
2.627
2.672
2.670
2.522
2.594
1.864
2.555
2.557
2.655
2.634
2.681
2.684
2.388
2.648
2.674
2.588
2.588
2.608
2.668
2.651
2.662
2.614
2.570
2.276
2.628
2.504
2.662
2.482
2.672
2.611
2.253
2.618
2.668
2.653
2.613
2.634
2.515
2.629
2.652
2.547
2.633
2.671
2.536
2.579
2.581
2.399
2.664
2.364
2.532
2.641
2.520
2.388
2.609
2.603
2.680
2.610
2.619
2.612
2.608
2.679
2.653
2.643
2.615
2.609
2.496
2.524
2.631
2.606
2.590
2.668
2.603
2.610
2.615
2.512
2.577
2.683
2.609
2.646
2.622
2.614
2.682
2.594
2.667
2.688
2.663
2.637
2.571
2.625
2.590
2.634
2.699
2.416
2.511
2.672
2.684
2.686
2.666
2.634
2.576
2.662
2.650
2.599
2.649
2.676
2.514
2.670
2.627
2.630
2.661
2.499
2.528
2.632
2.663
2.635
2.634
2.569
2.600
2.637
2.663
2.640
2.435
2.580
2.643
2.663
2.665
2.668
2.516
2.664
2.691
2.596
2.064
2.435
2.662
2.458
2.638
2.658
2.588
2.687
2.516
2.588
2.571
2.659
2.653
2.634
2.515
2.590
2.629
2.671
2.536
2.532
2.594
2.612
2.581
2.675
2.537
2.502
2.612
2.698
2.641
2.645
2.617
2.699
2.629
2.685
2.582
2.645
2.465
2.594
2.609
2.633
2.654
2.545
2.674
2.650
2.610
2.631
2.645
2.607
2.616
2.621
2.548
2.644
2.630
2.577
2.652
2.683
2.530
2.640
2.613
2.669
2.622
2.658
2.656
2.645
2.574
2.714
2.614
2.674
2.698
2.581
2.614
2.648
2.524
2.648
2.726
2.595
2.640
2.304
2.201
2.588
2.684
2.640
2.663
2.686
2.634
2.666
2.662
2.536
2.401
2.683
2.504
2.452
2.663
2.550
2.566
2.690
2.603
2.651
2.625
2.532
2.668
2.603
2.652
2.671
2.677
2.605
2.630
2.349
2.629
2.676
2.282
2.258
2.517
2.703
2.444
2.614
2.607
2.631
2.648
2.697
2.635
2.580
2.608
2.120
2.515
2.590
2.616
2.548
2.671
2.670
2.536
2.545
2.532
2.581
2.677
2.606
2.552
2.656
2.447
2.653
2.668
2.668
2.600
2.622
2.474
2.654
2.504
2.604
2.620
2.614
2.664
2.574
2.575
2.689
2.650
2.657
2.605
2.613
2.433
2.336
2.610
2.473
2.632
2.616
2.529
2.674
2.667
2.411
2.604
2.638
2.567
2.645
2.628
2.604
2.645
2.468
2.648
2.684
2.640
2.663
2.686
2.634
2.717
2.663
2.602
2.669
2.237
2.626
2.629
2.533
2.505
2.674
2.588
2.670
2.621
2.606
2.636
2.606
2.590
2.622
2.582
2.668
2.635
2.614
2.607
2.661
2.566
2.539
2.605
2.577
2.502
2.237
2.529
2.031
2.591
2.203
2.714
2.494
2.694
2.636
2.667
2.678
2.635
2.643
2.537
2.530
2.542
2.321
2.515
2.590
2.616
2.504
2.548
2.671
2.536
2.622
2.563
2.581
2.473
2.653
2.608
2.679
2.640
2.614
2.611
2.491
2.597
2.608
2.606
2.687
2.601
2.614
2.700
2.566
2.608
2.608
2.676
2.653
2.678
2.573
2.561
2.702
2.687
2.523
2.700
2.661
2.717
2.626
2.559
2.621
2.597
2.547
2.645
2.614
2.624
2.595
2.414
2.688
2.648
2.608
2.672
2.583
2.613
2.611
2.638
2.648
2.684
2.640
2.663
2.686
2.634
2.503
2.696
2.598
2.437
2.674
2.666
2.256
2.638
2.643
2.681
2.666
2.657
2.672
2.644
2.668
2.572
2.672
2.666
2.312
2.537
2.623
2.365
2.680
2.701
2.673
2.604
2.617
2.667
2.676
2.702
2.556
2.563
2.649
2.668
2.684
2.527
2.588
2.630
2.639
2.610
2.678
2.488
2.590
2.640
2.701
2.616
2.504
2.523
2.664
2.697
2.652
2.584
2.613
2.664
2.672
2.547
2.581
2.688
2.221
2.584
2.478
2.656
2.454
2.517
2.605
2.424
2.626
2.618
2.613
2.656
2.615
2.663
2.647
2.615
2.609
2.618
2.658
2.608
2.606
2.681
2.613
2.461
2.667
2.183
2.531
2.699
2.580
2.598
2.458
2.622
2.538
2.578
2.590
2.561
2.651
2.624
2.652
1.435
2.577
2.673
2.574
2.659
2.573
2.632
2.648
2.613
2.684
2.640
2.663
2.686
2.634
2.636
2.650
2.434
2.635
2.434
2.626
2.354
2.685
2.637
2.648
2.707
2.634
2.666
2.704
2.648
2.627
2.704
2.651
2.703
2.595
2.584
2.375
2.482
2.438
2.537
2.652
2.597
2.646
2.640
2.667
2.610
2.629
2.580
2.311
0.763
2.652
2.520
2.666
2.595
2.677
2.673
2.662
2.590
2.648
2.620
2.581
2.676
2.648
2.343
2.590
2.640
2.616
2.580
2.547
2.581
2.561
2.574
2.528
2.663
2.514
2.457
2.621
2.603
2.571
2.607
2.702
2.610
2.668
2.655
2.609
2.625
2.597
2.664
2.684
2.622
2.310
2.654
2.652
2.544
2.611
2.689
2.506
2.579
2.591
2.614
2.476
2.552
2.606
2.489
2.642
2.701
2.608
2.206
2.618
2.656
2.694
2.675
2.684
2.693
2.631
2.590
2.652
2.589
2.648
2.613
2.684
2.640
2.663
2.634
2.683
2.680
2.650
2.137
2.672
2.608
2.574
2.537
2.645
2.381
2.389
2.542
2.599
2.603
2.626
2.609
2.632
2.625
2.423
2.669
2.705
2.704
2.499
2.587
2.574
2.635
2.612
2.586
2.661
2.686
2.597
2.554
2.240
2.457
2.541
2.663
2.630
2.221
2.489
2.689
2.590
2.640
2.191
2.618
2.592
2.684
2.598
2.615
2.646
2.580
2.659
2.594
2.658
2.248
2.547
2.581
2.561
2.132
2.352
2.626
2.628
2.624
2.636
2.586
2.648
2.619
2.649
2.647
2.652
2.628
2.615
2.628
2.616
2.690
2.612
2.686
2.513
2.651
2.643
2.603
2.299
2.656
2.596
2.635
2.544
2.587
2.673
2.568
2.641
2.613
2.549
2.547
2.451
2.617
2.642
2.617
2.605
2.584
2.521
2.512
2.615
2.676
2.616
2.613
2.640
2.663
2.634
2.672
2.587
2.508
2.468
2.639
2.500
2.623
2.636
2.680
2.675
2.581
2.648
2.621
2.126
2.500
2.574
2.662
2.537
2.704
2.621
2.665
2.617
2.660
2.627
2.606
2.654
2.584
2.618
2.620
2.546
2.540
2.640
2.476
2.684
2.670
2.673
2.696
2.423
2.676
2.629
2.505
2.668
2.608
2.634
2.652
2.696
2.653
2.441
2.673
2.668
2.474
2.649
2.656
2.689
2.612
2.590
2.640
2.547
2.581
2.565
2.599
2.476
2.630
2.484
2.667
2.584
2.612
2.608
2.480
2.592
2.466
2.661
2.617
2.603
2.612
2.661
2.613
2.656
2.609
2.549
2.611
2.684
2.671
2.608
2.448
2.666
2.616
2.509
2.640
2.632
2.585
2.516
2.618
2.566
2.616
2.501
2.596
2.617
2.525
2.570
2.684
2.451
2.520
2.665
2.421
2.570
2.570
2.511
2.613
2.640
2.663
2.634
2.606
2.318
2.521
2.672
2.672
1.953
2.638
2.627
2.509
2.679
2.588
2.606
2.599
2.688
2.606
2.599
2.574
2.618
2.619
2.537
2.610
2.602
2.648
2.670
2.601
2.632
2.704
2.668
2.670
2.634
2.665
2.662
2.627
2.672
2.610
2.512
2.627
1.363
2.674
2.607
2.466
2.268
2.630
2.674
2.508
2.606
2.667
2.644
2.445
2.500
2.649
2.656
2.689
2.666
2.612
2.612
2.592
2.580
2.547
2.581
2.380
2.691
2.648
2.582
2.543
2.578
2.401
2.271
2.612
2.672
2.667
2.596
2.654
2.598
2.615
2.626
2.610
2.661
2.647
2.670
2.615
2.686
2.608
2.604
2.663
2.617
2.614
2.578
2.495
2.572
2.640
2.616
2.641
2.620
2.661
2.610
2.478
2.511
2.619
2.631
2.681
2.642
2.594
2.617
2.578
2.529
2.687
2.596
2.602
2.613
2.663
2.634
2.606
2.673
2.672
2.650
2.672
2.477
2.673
2.627
2.588
2.519
2.639
2.484
2.672
2.574
2.537
2.523
2.621
2.626
2.693
2.432
2.702
2.652
2.616
2.688
2.671
2.606
2.655
2.672
2.613
2.568
2.608
2.644
2.649
2.434
2.595
2.625
2.665
2.698
2.436
2.374
2.617
2.686
2.650
2.441
2.642
2.649
1.604
2.653
2.674
2.605
2.703
2.649
2.689
2.666
2.596
2.612
2.612
2.547
2.594
2.664
2.465
2.657
2.673
2.684
2.680
2.301
2.609
2.652
2.597
2.683
2.646
2.627
2.627
2.618
2.617
2.588
2.615
2.474
2.656
2.466
2.587
2.636
2.660
2.559
2.607
2.686
2.621
2.683
2.514
2.670
2.657
2.530
2.671
2.665
2.672
2.568
2.615
2.689
2.648
2.491
2.608
2.616
2.659
2.554
2.605
2.594
2.542
2.677
2.613
2.663
2.634
2.617
2.606
2.655
2.691
2.648
2.653
2.666
2.421
2.533
2.638
2.444
2.701
2.596
2.581
2.460
2.530
2.252
2.672
2.677
2.672
2.574
2.633
2.537
2.679
2.699
2.669
2.638
2.669
2.668
2.667
2.565
2.649
2.567
2.510
2.453
2.577
2.260
2.654
2.468
2.498
2.132
2.672
2.109
2.635
2.363
2.662
2.649
2.689
2.666
2.568
2.612
2.612
2.662
2.649
2.547
2.477
2.671
2.452
2.460
2.532
2.460
2.640
2.603
2.657
2.570
2.506
2.645
2.608
2.524
2.616
2.668
2.617
2.640
2.602
2.610
2.655
2.569
2.616
2.697
2.691
2.635
2.675
2.647
2.649
2.603
2.608
2.673
2.614
2.520
2.524
2.570
2.576
2.583
2.671
2.631
2.655
2.583
2.529
2.539
2.642
2.638
2.627
2.613
2.663
2.634
2.617
2.606
2.683
2.504
2.660
2.303
2.406
1.594
2.436
2.620
2.610
2.595
2.603
2.622
2.671
2.706
2.666
2.638
2.609
2.664
2.656
2.652
2.594
2.257
2.617
2.609
2.047
2.320
2.446
2.648
2.672
2.574
2.537
2.286
2.520
2.566
2.624
2.643
2.673
2.712
2.673
2.631
2.660
2.649
2.617
2.687
2.674
2.668
2.656
2.649
2.689
2.666
2.568
2.612
2.617
2.680
2.649
2.649
2.547
2.596
2.605
2.646
2.657
2.477
2.506
2.559
2.649
2.657
2.628
2.524
2.613
2.677
2.327
2.545
2.489
2.628
2.611
2.613
2.649
2.610
2.578
2.607
2.610
2.548
2.583
2.555
2.674
2.629
2.613
2.646
2.555
2.624
2.289
2.685
2.683
2.616
2.635
2.515
2.556
2.622
2.602
2.652
2.553
2.432
2.657
2.542
2.649
2.566
2.613
2.663
2.634
2.617
2.606
2.678
2.512
2.554
2.565
2.601
2.589
2.601
2.627
2.498
2.568
2.672
2.610
2.639
2.070
2.617
2.509
2.574
2.537
2.703
2.609
2.665
2.702
2.667
2.634
2.662
2.671
2.476
2.647
2.661
2.433
1.244
2.705
2.454
2.587
2.111
2.492
2.432
2.628
2.588
2.637
2.171
2.606
2.253
2.609
2.614
2.593
2.649
2.689
2.666
2.612
2.666
2.266
2.547
2.654
2.601
2.705
2.678
2.536
2.587
2.552
2.597
2.609
2.543
2.643
2.700
2.565
2.654
2.671
2.646
2.572
2.595
2.632
2.644
2.494
2.530
2.618
2.551
2.614
2.523
2.698
2.651
2.567
2.590
2.605
2.616
2.500
2.659
2.648
2.582
2.628
2.614
2.546
2.616
2.647
2.647
2.535
2.643
2.665
2.566
2.613
2.663
2.637
2.617
2.606
2.508
2.533
2.199
2.675
2.586
2.700
2.608
2.698
2.424
2.608
2.434
2.592
2.667
2.639
2.370
2.618
2.610
2.667
2.672
2.603
2.672
2.610
2.574
2.537
2.562
2.290
2.358
2.674
2.590
2.440
2.595
2.606
1.680
2.650
2.446
2.661
2.705
2.683
2.506
2.673
2.705
2.611
2.434
2.361
2.632
2.529
2.649
2.689
2.666
2.612
2.672
2.454
2.592
2.634
2.588
2.668
2.547
2.562
2.633
2.485
2.565
2.643
2.640
2.653
2.652
2.536
2.651
2.675
2.527
2.690
2.653
2.617
2.599
2.694
2.644
2.673
2.612
2.617
2.515
2.611
2.651
2.646
2.609
2.644
2.608
2.683
2.638
2.601
2.524
2.543
2.618
2.625
2.578
2.644
2.439
2.403
2.647
2.302
2.611
2.685
2.478
2.555
2.558
2.595
2.644
2.555
2.566
2.613
2.663
2.637
2.617
2.631
2.672
2.640
2.296
2.587
2.704
2.668
2.618
1.619
2.671
2.702
2.665
2.598
2.638
2.599
2.551
2.633
2.482
2.537
2.672
2.610
2.574
2.522
2.667
2.537
2.490
2.096
1.534
2.668
2.652
2.673
2.686
2.556
2.422
2.686
2.590
2.665
2.663
2.613
2.687
2.528
2.634
2.705
2.634
2.649
2.196
2.689
1.950
2.666
2.612
2.420
2.614
2.654
2.601
2.595
2.513
2.547
2.375
2.669
2.544
2.610
2.622
2.421
2.630
2.652
2.566
2.607
2.458
2.652
2.503
2.449
2.617
2.660
2.694
2.650
2.606
2.610
2.630
2.539
2.617
2.608
2.673
2.504
2.678
2.639
2.674
2.586
2.512
2.675
2.676
2.654
2.693
2.541
2.502
2.579
2.612
2.649
2.546
2.612
2.451
2.333
2.683
2.499
2.566
2.613
2.663
2.637
2.617
2.463
2.434
2.627
2.650
2.588
2.400
2.642
2.450
2.704
2.634
2.648
2.669
2.553
2.630
2.279
2.670
2.618
2.408
2.624
2.557
2.145
2.591
2.576
1.953
2.672
2.610
2.574
2.667
2.537
2.478
2.358
2.471
2.454
2.657
2.247
2.621
2.648
2.659
2.669
2.631
2.624
2.563
2.540
2.582
2.649
2.397
2.689
2.666
2.612
2.651
2.608
2.570
2.675
2.509
2.560
2.547
2.518
2.626
2.602
2.583
2.654
2.586
2.495
2.579
2.602
2.609
2.687
2.512
2.609
2.608
2.474
2.632
2.648
2.615
2.487
2.609
2.613
2.623
2.670
2.656
2.645
2.643
2.594
2.664
2.561
2.374
2.685
2.420
2.633
2.323
2.613
2.605
2.658
2.670
2.687
2.508
2.573
2.613
2.696
2.650
2.668
2.468
2.597
2.613
2.663
2.637
2.617
2.553
2.660
2.042
2.251
2.672
2.557
2.423
2.663
2.438
2.642
2.447
2.630
2.649
2.608
2.591
2.673
2.677
2.677
2.702
2.606
2.667
2.431
2.610
2.574
2.667
2.557
2.517
2.643
2.608
2.270
2.603
2.671
2.431
2.673
2.422
2.649
2.608
2.679
2.701
2.632
2.667
2.463
2.523
2.669
2.303
2.561
2.668
2.674
2.651
2.562
2.649
2.689
2.613
2.666
2.612
2.391
2.703
2.547
2.672
2.577
2.675
2.625
2.550
2.589
2.636
2.667
2.677
2.612
2.508
2.552
2.641
2.610
2.658
2.616
2.660
2.612
2.667
2.618
2.626
2.512
2.692
2.632
2.657
2.644
2.552
0.668
2.560
2.596
2.431
2.686
2.615
2.563
2.635
2.688
2.614
2.548
2.581
2.443
2.612
2.613
2.595
2.657
2.678
2.672
2.615
2.659
2.613
2.663
2.637
2.617
2.553
2.231
2.660
2.672
2.559
2.623
2.624
2.645
2.611
2.201
2.682
2.632
2.665
2.604
2.531
2.702
2.702
2.626
2.636
2.616
2.502
2.510
2.607
2.657
2.378
2.473
1.468
2.672
2.579
2.610
2.574
2.667
2.663
2.611
2.580
2.569
2.414
2.275
2.484
2.655
2.643
2.671
2.617
2.559
2.547
2.542
2.657
2.652
2.649
2.460
2.652
2.689
2.613
2.677
2.666
2.612
2.627
2.346
2.547
2.505
2.652
2.662
2.621
2.651
2.621
2.683
2.665
2.661
2.457
2.469
2.620
2.644
2.609
2.631
2.608
2.603
2.690
2.650
2.606
2.606
2.624
2.653
2.644
2.657
2.486
2.624
2.547
2.654
2.609
2.647
2.578
2.698
2.508
2.609
2.708
2.644
2.684
2.651
2.607
2.653
2.562
0.772
2.659
2.556
2.472
2.644
2.570
2.626
2.613
2.663
2.637
2.617
2.553
2.448
2.470
2.626
2.567
2.632
2.661
2.694
2.672
2.555
2.640
2.305
2.187
2.599
2.654
2.414
2.663
2.662
2.701
2.677
2.641
2.694
2.670
2.662
2.564
2.624
2.507
2.595
2.506
2.628
2.652
2.647
2.492
2.499
2.631
2.555
2.672
2.610
2.574
2.667
2.421
2.465
2.494
2.672
2.703
2.649
2.553
2.346
2.395
2.676
2.668
2.689
2.649
2.495
2.607
2.674
2.613
2.666
2.612
2.547
2.425
2.650
2.617
2.652
2.547
2.673
2.554
2.645
2.661
2.654
2.546
2.500
2.258
2.655
2.609
2.617
2.460
2.647
2.463
2.557
2.611
2.416
2.653
2.677
2.641
2.597
2.614
2.605
2.569
2.628
2.628
2.700
2.618
2.686
2.657
2.706
2.682
2.478
2.464
2.667
2.607
2.606
2.578
2.665
2.678
