hardness
 (GPa)  
   5.893
   5.931
   5.184
   6.923
   3.974
   5.018
   5.286
   5.997
   3.863
   2.635
   5.278
   6.549
   3.217
   0.346
   5.635
   5.822
   6.078
   6.568
   6.532
   5.997
   6.711
   4.804
   5.309
   4.570
   5.668
   5.744
   4.147
   6.377
   4.235
   6.450
   6.725
   5.839
   5.666
   5.448
   4.968
   5.972
   5.002
   4.461
   6.010
   6.343
   4.495
   6.209
   5.876
   4.403
   5.841
   6.430
   4.273
   5.138
   5.920
   6.163
   5.488
   6.374
   4.696
   4.541
  -0.582
   6.085
   6.120
   7.183
   3.253
   6.459
   4.799
   6.843
   5.954
   5.637
   6.205
   5.634
   5.256
   3.421
   6.129
   6.385
   6.108
   6.219
   6.843
   6.181
   6.336
   3.232
   4.420
   4.687
   6.105
   6.991
   5.364
   5.019
   5.329
   5.100
   6.923
   6.023
   5.608
   5.623
   6.476
   6.060
   6.119
   3.887
   5.216
   4.301
   5.078
   3.842
   5.598
   4.982
   5.464
   5.003
   5.793
   6.798
   7.258
   4.749
   6.594
   5.055
   4.946
   5.556
   4.361
   4.460
   5.789
   7.103
   4.480
   5.055
   1.622
   5.661
   9.060
   6.507
   5.884
   4.961
   7.087
   3.885
   4.550
   6.121
   6.124
   8.139
   6.379
   4.978
   5.105
   5.784
   5.351
   4.182
   6.496
   6.897
   4.627
   7.275
   4.740
   4.202
   6.575
   5.035
   7.224
   5.674
   5.443
   5.745
   6.095
   7.274
   7.752
   5.922
   6.267
   6.288
   6.597
   6.896
   6.275
   4.986
   5.514
   5.903
   6.906
   8.161
   4.604
   6.528
   7.195
   5.734
   6.708
   5.046
   7.966
   5.136
   7.554
   6.927
   4.645
   6.767
   6.896
   5.886
   6.279
   4.556
   5.663
   4.537
   8.982
   6.648
   6.303
   7.330
   3.991
   7.597
   7.105
   7.235
   7.850
   8.497
   7.183
   9.060
   7.275
   4.642
   6.132
   0.665
   5.965
   6.001
   6.351
   4.917
   5.439
   6.540
   6.533
   2.706
   6.318
   5.304
   5.861
   7.233
   5.771
   5.682
   6.906
   6.896
   7.084
   9.307
   7.085
   4.752
   7.578
   6.405
   6.488
   6.981
   8.161
   7.966
   4.918
   7.330
   6.927
   3.986
   3.413
   5.868
   3.809
   7.835
   5.574
   7.334
   4.586
   5.050
   1.501
   5.995
   5.527
   5.855
   7.554
   6.252
   7.105
   7.643
   6.896
   6.767
   5.987
   5.931
   7.302
   3.663
   8.982
   7.235
   5.382
   6.672
   7.049
   6.959
   6.274
   7.089
   7.713
   6.754
   6.900
   6.220
   5.340
   6.654
   7.352
   5.729
   7.011
   7.788
   6.392
   3.506
   6.845
   7.764
   7.938
   5.901
   7.335
   4.834
   8.166
   6.380
   6.593
   5.029
   7.952
   7.488
   8.490
   7.631
   7.235
   6.859
   7.997
   5.650
   6.787
   5.421
   5.798
   4.708
   9.421
   7.249
   7.386
   8.618
   8.829
   7.856
   6.925
   5.125
   6.757
   9.060
   7.835
   7.938
   7.788
   6.455
   6.586
   6.025
   6.346
   6.213
   5.890
   6.945
   8.359
   3.735
   7.330
   5.022
   3.387
   9.317
   7.663
   6.931
   5.568
   6.082
   8.691
   7.927
   4.133
   4.105
   6.650
   8.829
   7.554
   4.650
   5.261
   4.804
   7.455
   4.891
   5.605
   7.386
   7.974
   8.543
   8.167
   7.086
   4.674
   5.913
   7.785
   0.588
   7.952
   7.488
   6.289
   5.554
   7.110
   7.718
   5.017
   6.089
   5.952
   6.072
   5.533
   4.032
   6.532
   5.211
   7.614
   9.421
   8.982
   7.997
   7.856
   8.618
   6.147
   7.514
   5.758
   8.587
   5.377
   5.396
   8.045
   6.132
   7.211
   8.907
   8.326
   8.141
   8.095
   6.765
   7.369
   7.432
   7.075
   7.683
   9.209
   7.049
   7.019
   7.331
   6.501
   4.256
   5.708
   8.856
   6.395
   8.508
   8.393
   7.426
   7.892
   6.693
   8.976
   7.107
   7.044
   6.367
   6.112
   8.073
   8.520
   7.855
   8.912
   8.879
   4.585
   7.566
   8.201
   4.486
   6.580
   9.317
   9.060
   8.691
   8.167
   5.530
   5.896
   5.785
   5.693
   4.487
   3.624
   6.722
   7.367
   8.672
   8.033
   5.470
   4.575
   5.515
   6.668
   6.683
   6.669
   6.478
   7.142
   7.154
   5.983
   6.098
   6.249
   8.829
   5.353
   8.393
   8.045
   7.429
   7.087
   8.206
   6.520
   8.326
   8.141
   3.982
   9.337
   7.002
   7.795
   6.312
   5.753
   5.677
  -0.468
   5.650
   6.445
   6.141
   7.775
   6.647
   4.177
   6.451
   8.105
   5.890
   4.893
   9.421
   8.982
   8.912
   8.879
   8.073
   8.618
   7.613
   3.025
   4.735
   6.565
   7.453
   9.165
   6.708
   7.561
   8.306
   6.441
   6.528
   7.533
   5.395
   7.292
   7.117
   5.399
   6.553
   6.329
   6.517
   5.567
   6.548
   6.331
   7.843
   9.171
   7.090
   8.004
   6.419
   3.828
   9.243
   8.616
   7.332
   8.624
   7.025
   0.396
   9.202
   7.615
   7.819
   7.700
   7.712
   9.169
   7.444
   8.598
   8.505
   6.951
   7.311
   9.184
   9.317
   9.060
   8.691
   8.167
   5.440
   7.319
   5.147
   8.829
   7.279
   4.787
   6.834
   6.902
   7.001
   6.769
   5.469
   8.418
   8.297
   6.273
   8.253
   6.835
   9.123
   8.393
   6.805
   5.365
   5.359
   5.753
   8.326
   9.041
   6.183
   7.207
   9.132
   5.324
   9.347
   5.700
   3.014
   4.325
   7.193
   4.025
   7.835
   6.259
   6.114
   5.720
   7.285
   5.171
   5.869
   6.944
   5.288
   6.740
   9.421
   9.243
   4.348
   9.184
   9.171
   7.727
   8.912
   8.879
   6.100
   6.860
   5.550
   8.048
   7.307
   9.169
   8.618
   7.054
   6.310
   6.952
   8.735
   8.241
   7.177
   6.366
   7.804
   7.105
   4.484
   6.500
   6.534
   6.201
   7.950
   8.539
   7.251
   7.308
   6.895
   6.133
   7.815
   7.239
   8.907
   9.162
   8.479
   6.652
   8.400
   6.577
   9.074
   7.531
   8.800
   4.032
   7.380
   8.764
   8.738
   7.985
   7.680
   9.228
   7.684
   8.068
   8.716
   7.964
   7.246
   7.042
   9.184
   9.176
   9.270
   8.243
   6.664
   9.317
   8.297
   9.347
   9.041
   8.393
   7.212
   6.898
   5.505
   5.312
   5.110
   5.068
   8.326
   8.139
   8.241
   6.231
   6.663
   5.787
   9.259
   7.175
   5.039
   4.250
   6.301
   6.208
   7.089
   5.992
   5.137
   9.500
   7.853
   6.596
   8.079
   7.260
   7.741
   6.794
   7.846
   7.291
   7.428
   7.145
   5.059
   5.863
   7.858
   6.843
   8.666
   3.394
   7.496
   4.875
   3.819
   5.843
   8.430
   9.421
   9.270
   9.184
   9.171
   8.912
   6.649
   7.812
   8.313
   8.907
   8.879
   7.042
   9.228
   7.318
   7.713
   5.903
   8.703
   7.551
   8.051
   8.478
   6.523
   4.535
   7.891
   6.322
   6.749
   8.558
   6.746
   7.729
   8.507
   8.703
   6.791
   6.387
   8.225
   8.791
   9.277
   6.996
   9.126
   7.520
   7.036
   9.046
   8.519
   8.310
   7.674
   6.982
   9.067
   7.236
   9.251
   8.569
   7.341
   8.612
   7.711
   8.845
   7.692
   8.676
   9.164
   8.879
   8.324
   8.633
   7.661
   7.516
   8.294
   9.317
   9.500
   9.347
   9.041
   6.136
   8.142
   8.239
   7.787
   5.436
   7.183
   7.973
   6.129
   6.257
   5.474
   5.423
   7.453
   5.963
   5.901
   5.048
   5.851
   7.502
   9.329
   8.541
   7.691
   7.264
   9.425
   9.460
   5.038
   6.523
   8.508
   8.324
   6.890
   7.876
   7.169
   8.598
   5.311
   6.140
   3.600
   4.943
   7.009
   5.330
   5.967
   6.402
   6.877
   8.253
   7.340
   6.630
   8.124
   6.654
   9.421
   9.184
   9.171
   9.126
   8.912
   8.907
   8.879
   8.703
   8.612
   8.558
   9.228
   6.674
   6.087
   6.745
   8.240
   6.678
   9.218
   8.313
   7.092
   9.001
   8.730
   6.415
   8.706
   8.116
   7.292
   6.829
   8.531
   7.877
   7.891
   8.727
   7.461
   8.412
   8.575
   8.952
   6.213
   9.234
   9.108
   6.078
   8.940
   7.817
   9.259
   9.205
   7.658
   6.619
   8.821
   8.105
   8.561
   7.593
   8.982
   7.421
   8.001
   6.143
   6.688
   7.557
   8.704
   7.978
   6.995
   9.222
   8.358
   5.812
   5.215
   9.047
   8.369
   6.596
   5.754
   6.224
   5.339
   6.892
   9.500
   9.460
   9.425
   9.347
   9.329
   9.041
   6.475
   5.922
   6.985
   8.833
   6.662
   5.287
   7.646
   7.034
   6.885
   8.724
   8.055
   7.535
   6.775
   3.623
   6.009
   7.863
   7.486
   8.414
   5.385
   7.179
   4.679
   5.275
   8.879
   4.658
   5.590
   5.006
   6.582
   4.851
   5.538
   7.477
   8.171
   8.313
   7.010
   6.859
   7.659
   7.516
   7.309
   4.372
   9.171
   9.126
   9.108
   8.940
   8.907
   7.200
   8.879
   8.727
   8.703
   9.228
   8.398
   7.135
   8.176
   4.873
   6.770
   8.678
   9.253
   7.335
   8.432
   8.845
   3.870
   7.633
   9.046
   9.184
   5.935
   9.277
   8.375
   7.694
   8.293
   7.762
   7.646
   6.934
   7.630
   8.571
   8.325
   7.579
   6.452
   7.160
   7.287
   8.546
   4.870
   8.175
   5.879
   7.487
   7.835
   6.123
   8.799
   7.688
   6.380
   4.702
   7.445
   6.325
   9.047
   9.500
   9.460
   9.425
   9.347
   9.329
   4.675
   6.320
   6.626
   8.623
   4.857
   6.271
   6.502
   6.245
   7.278
   7.507
   8.529
   9.019
   7.873
   7.812
   7.323
   7.988
   7.733
   8.559
   8.551
   9.254
   5.234
   4.912
   7.377
   7.593
   6.039
   5.543
   7.633
   7.496
   7.627
   3.739
   4.720
   4.673
   4.814
   6.364
   4.498
   7.166
   9.031
   8.466
   9.092
   2.557
   7.269
   8.882
   9.251
   7.247
   7.706
   0.239
   9.171
   9.126
   9.108
   9.046
   8.940
   8.907
   8.879
   8.845
   6.979
   9.228
   5.816
   6.618
   9.242
   5.697
   9.116
   9.071
   8.697
   3.687
   9.273
   9.155
   8.681
   6.034
   7.399
   6.794
   6.699
   7.170
   7.699
   8.523
   8.943
   8.713
   7.787
   6.992
   6.304
   7.600
   7.810
   9.035
   8.430
   6.794
   7.006
   6.926
   8.459
   8.032
   8.157
   9.383
   7.973
   6.205
   7.746
   7.769
   8.107
   8.983
   8.834
   6.337
   8.634
   6.883
   9.248
   8.322
   8.664
   9.047
   9.500
   9.460
   9.425
   9.347
   9.329
   6.051
   7.235
   6.913
   6.925
   6.427
   8.905
   7.422
   4.927
   6.308
   6.697
   8.054
   6.824
   4.763
   6.944
   8.971
   6.338
   7.930
   7.018
   5.293
   9.251
   6.641
   7.408
   5.411
   8.351
   8.128
   7.379
   6.083
   9.312
   6.632
   7.524
   6.821
   6.355
   6.288
   8.478
   3.720
   6.300
   8.144
   7.592
   7.520
   7.140
   6.229
   4.943
   9.126
   9.116
   6.977
   9.108
   9.046
   9.035
   6.716
   8.700
   7.736
   6.185
   9.395
   6.808
   9.221
   9.383
   9.228
   8.983
   6.244
   8.111
   6.525
   7.430
   6.683
   6.058
   7.606
   8.421
   7.275
   6.916
   8.990
   7.359
   8.368
   7.160
   8.193
   8.499
   9.245
   6.985
   7.911
   7.963
   8.790
   9.045
   8.351
   6.513
   8.524
   4.113
   6.381
   4.188
   9.047
   8.180
   7.584
   6.830
   8.250
   9.208
   8.622
   9.056
   8.883
   9.223
   8.686
  -1.623
   9.202
   7.450
   9.186
   7.139
   9.178
   6.102
   9.047
   9.395
   9.500
   9.460
   9.425
   9.347
   9.329
   5.306
   3.519
   4.979
   3.670
   3.903
   5.920
   5.157
   8.603
   7.032
   7.457
   9.095
   6.902
   9.177
   8.159
   7.638
   7.995
   4.762
   7.920
   6.745
   7.540
   4.919
   3.013
   5.844
   8.345
   9.251
   7.658
   8.120
   6.896
   5.423
   8.456
   8.206
   8.188
   6.891
   4.421
   0.170
   5.545
   5.921
   8.668
   7.079
   6.814
   6.314
   5.503
   6.099
   5.675
   6.863
   8.310
   7.844
   4.994
   5.762
   9.126
   9.116
   9.108
   9.047
   9.383
   9.228
   9.056
   9.316
   8.441
   7.239
   6.041
   8.559
   8.586
   7.162
   8.776
   6.350
   6.632
   7.773
   7.016
   5.909
   7.442
   8.749
   8.501
   8.305
   8.297
   8.303
   7.124
   7.569
   7.795
   8.905
   7.046
   9.499
   3.931
   6.578
   4.754
   8.382
   5.387
   7.496
   8.628
   7.119
   7.042
   6.741
   7.748
   5.614
   8.502
   7.615
   5.458
   8.811
   7.417
   7.338
   7.300
   6.373
   8.354
   9.020
   9.047
   9.395
   9.500
   9.460
   9.425
   9.329
   6.293
   8.250
   7.445
   3.512
   7.175
   7.835
   9.316
   9.251
   6.158
   6.639
   4.405
   6.785
   7.814
   7.630
   8.015
   7.399
   7.662
   7.381
   5.496
   8.359
   6.143
   9.063
   6.001
   7.772
   6.047
   7.812
   6.919
   7.533
   6.634
   8.451
   7.009
   7.581
   5.596
   7.321
   7.940
   8.135
   7.529
   6.212
   6.588
   9.499
   9.126
   9.116
   6.784
   5.737
   8.742
   6.485
   5.595
   7.767
   6.439
   9.047
   7.640
   6.968
   7.011
   2.736
   9.383
   9.228
   9.056
   6.036
   6.211
   8.713
   9.192
   8.488
   8.622
   7.498
   8.096
   8.063
   9.681
   8.912
   6.917
   6.796
   7.340
   9.301
   6.793
   8.335
   9.352
   8.083
   8.599
   7.673
   7.756
   7.110
   6.857
   9.536
   7.820
   6.598
   9.363
   8.597
   8.551
   6.152
   7.851
   8.053
   8.522
   8.988
   7.699
   7.268
   8.208
   8.710
   8.716
   7.137
   8.068
   8.055
   7.483
   6.991
   8.719
   9.395
   9.460
   9.425
   9.329
   6.159
   3.510
   5.849
   5.477
   3.354
   5.695
   6.794
   7.078
   3.634
   8.794
   4.863
   7.270
   8.523
   4.178
   6.065
   9.316
   7.188
   9.251
   9.063
   7.896
   7.672
   6.308
   8.561
   7.925
   9.235
   7.233
   7.544
   7.558
   8.065
   6.679
   5.845
   6.287
   5.393
   5.804
   7.033
   8.231
   9.389
   7.546
   9.024
   7.642
   6.242
   8.441
   6.989
   8.584
   5.218
   7.841
   6.360
   7.745
   9.280
   8.278
   5.140
   9.681
   9.536
   9.499
   9.352
   9.126
   9.116
   9.383
   9.228
   5.538
   8.360
   8.024
   6.912
   6.896
   7.736
   9.092
   5.914
   5.220
   7.199
   4.675
   3.833
   8.174
   7.642
   7.176
   9.268
   5.819
   9.261
   8.764
   8.545
   7.850
   8.550
   7.073
   6.898
   8.538
   7.976
   9.422
   8.498
   7.928
   9.161
   9.105
   9.178
   8.913
   8.634
   6.322
   8.370
   6.976
   8.683
   8.013
   9.154
   9.160
   8.246
   7.922
   5.736
   8.051
   7.520
   9.157
   9.161
   4.696
   9.395
   9.460
   9.425
   9.329
   9.235
   2.966
   5.004
   8.467
   9.240
   3.690
   6.785
   4.720
   7.076
   7.809
   6.492
   7.722
   5.324
   5.012
   6.113
   5.444
   9.316
   6.539
   5.909
   9.251
   7.512
   8.341
   6.021
   7.293
   7.691
   5.634
   7.345
   8.919
   7.732
   6.991
   8.971
   7.531
   7.720
   8.584
   7.508
   6.579
   8.482
  -1.771
   8.389
   7.514
   6.268
   6.757
   7.202
   7.412
   6.888
   8.331
   9.253
   7.242
   5.939
   6.849
   9.681
   9.536
   9.499
   9.422
   9.352
   9.268
   5.608
   6.681
   9.383
   9.228
   7.552
   7.932
   9.155
   6.608
   6.573
   8.368
   6.536
   7.758
   6.246
   9.602
   9.287
   9.362
   8.474
   9.137
   7.039
   7.064
   8.544
   7.381
   7.854
   7.511
   9.086
   6.992
   9.237
   9.180
   8.346
   6.654
   8.069
   7.645
   7.878
   7.103
   8.654
   9.205
   6.161
   7.314
   9.179
   8.549
   6.362
   4.819
   8.199
   8.273
   7.058
   9.122
   9.231
   8.368
   6.982
   8.225
   7.351
   7.685
   5.479
   9.395
   9.425
   9.329
   9.235
   5.824
   6.570
   7.145
   9.316
   7.259
   6.553
   7.264
   7.640
   7.492
   6.060
   6.657
   9.602
   9.316
   9.251
   5.882
   7.272
   7.194
   5.404
   4.087
   7.320
   7.953
   7.821
   7.846
   5.580
   6.390
   7.288
   8.953
   8.216
   6.803
   7.954
   6.783
   7.942
   6.519
   8.607
   3.249
   7.441
   5.918
   3.888
   6.956
   9.294
   6.214
   6.266
   7.712
   7.172
   4.816
   2.766
   6.335
   7.104
   7.633
   5.196
   9.681
   9.499
   9.422
   9.362
   9.352
   9.268
   9.383
   9.231
   6.559
   7.522
   7.401
   7.783
   6.741
   6.796
   6.603
   9.236
   9.417
   8.382
   7.396
   8.909
   8.758
   8.488
   7.799
   7.048
   8.578
   7.004
   6.869
   7.786
   6.025
   5.367
   7.763
   7.861
   6.203
   8.506
   6.967
   8.067
   6.973
   6.033
   7.323
   8.551
   8.430
   8.452
   7.340
   8.583
   9.371
   5.615
   8.862
   8.838
   8.963
   7.800
   8.006
   7.796
   7.471
   9.184
   8.373
   9.354
   7.252
   9.395
   9.425
   9.329
   9.294
   9.235
   6.874
   9.035
   6.831
   5.905
   7.396
   6.654
   5.615
   7.350
   6.571
   6.518
   5.977
   8.366
   5.237
   6.747
   4.526
   7.231
   5.244
   9.602
   9.316
   7.848
   9.251
   6.271
   7.091
   7.909
   7.391
   8.920
   8.453
   8.531
   7.572
   9.289
   7.556
   7.571
   7.063
   7.330
   6.014
   8.661
   6.862
   6.271
   6.142
   7.362
   4.687
   8.636
   2.921
   7.551
   9.681
   9.499
   9.422
   9.371
   9.352
   9.268
   4.983
   8.527
   9.383
   4.336
   6.311
   5.735
   3.639
   6.732
   5.637
   8.726
   8.359
   6.469
   7.788
   6.317
   8.686
   8.556
   7.246
   7.067
   8.137
   9.290
   8.871
   9.173
   8.547
   8.452
   7.050
   7.915
   7.639
   7.633
   6.423
   7.796
   9.332
   9.287
   6.946
   8.514
   6.964
   8.362
   5.733
   8.486
   9.158
   6.991
   6.497
   7.435
   9.343
   9.454
   4.455
   7.026
   9.334
   8.026
   7.014
   7.135
   9.395
   9.425
   9.329
   9.294
   9.235
   6.743
   5.654
   7.265
   6.440
   4.595
   3.035
   7.491
   7.290
   7.608
   8.971
   6.589
   7.185
   7.152
   7.324
   9.153
   7.017
   7.766
   7.468
   7.181
   7.521
   7.783
   7.220
   5.269
   8.569
   4.579
   5.703
   5.286
   5.536
   9.602
   9.316
   9.251
   5.248
   6.505
   9.306
   6.342
   8.178
   9.026
   5.865
   7.123
   6.908
   8.489
   7.522
   2.692
   7.940
   7.327
   4.030
   5.134
   9.681
   9.499
   9.422
   9.371
   9.352
   9.290
   4.958
   7.426
   8.019
   9.383
   8.349
   8.176
   9.322
   8.052
   8.989
   5.907
   4.997
   7.151
   6.884
   6.959
   9.136
   7.759
   8.855
   5.864
   4.321
   6.650
   7.056
   7.950
   8.081
   8.099
   8.571
   7.275
   9.105
   9.542
   6.132
   8.943
   8.378
   8.112
   7.932
   7.805
   8.080
   9.184
   6.966
   6.970
   5.294
   7.013
   5.689
   7.103
   8.017
   8.856
   7.879
   7.167
   7.810
   7.206
   7.927
   8.230
   9.355
   6.549
   9.306
   9.395
   9.425
   9.329
   9.294
   9.235
   6.789
   5.176
   6.891
   7.598
   5.037
   7.336
   7.127
   6.421
   3.663
   7.978
   9.602
   9.542
   4.451
   4.867
   5.569
   6.505
   9.316
   9.251
   5.688
   7.191
   7.815
   8.059
   8.612
   6.574
   7.416
   9.600
   8.308
   7.690
   6.928
   7.453
   2.634
   6.143
   5.345
   6.747
   6.169
   7.551
   3.689
   7.020
   7.577
   9.344
   5.836
   7.792
   4.656
   7.388
   7.665
   6.880
   9.681
   9.499
   9.422
   9.352
   5.462
   6.954
   9.383
   8.211
   5.295
   6.611
   8.607
   8.946
   6.324
   5.036
   8.274
   8.537
   8.137
   7.049
   7.003
   8.367
   8.800
   6.221
   8.072
   6.329
   7.015
   7.605
   8.835
   7.299
   7.759
   7.389
   8.540
   8.367
   7.203
   6.677
   8.481
   7.184
   7.557
   8.285
   8.485
   7.653
   7.301
   7.465
   7.021
   8.056
   7.725
   8.867
   8.715
   7.852
   9.187
   9.137
   8.707
   7.492
   9.306
   9.395
   9.425
   9.344
   9.294
   9.235
   8.376
   6.024
   7.710
   7.147
   6.499
   8.416
   6.483
   6.489
   6.615
   7.429
   4.909
   7.587
   6.047
   7.992
   6.638
   5.883
   7.682
   9.254
   9.172
   7.700
   9.602
   9.542
   9.316
   9.251
   8.268
   5.159
   4.871
   5.827
   7.085
   3.724
   5.892
   4.772
   2.171
   6.525
   7.118
   7.547
   8.602
   7.564
   8.676
   6.154
   6.613
   7.566
   8.211
   5.553
   6.338
   7.236
   9.681
   9.499
   9.422
   9.352
   5.423
   5.294
   5.990
   7.207
   6.932
   8.536
   9.383
   7.474
   7.564
   8.162
   5.768
   7.728
   7.374
   7.712
   8.623
   8.425
   8.203
   7.638
   5.875
   7.076
   7.261
   9.207
   7.128
   7.926
   5.705
   7.328
   8.564
   6.194
   7.039
   6.670
   5.681
   8.232
   7.882
   8.170
   8.541
   7.666
   8.644
   7.996
   4.396
   7.727
   8.506
   6.073
   9.210
   7.290
   7.954
   6.578
   6.174
   7.646
   8.796
   8.257
   6.780
   9.024
   7.134
   7.435
   6.692
   8.837
   9.306
   9.395
   9.425
   9.344
   9.294
   7.790
   7.589
   7.978
   5.566
   6.657
   5.309
   8.323
   6.566
   4.790
   8.773
   8.087
   8.289
   5.537
   7.366
   4.714
   4.419
   6.078
   8.077
   7.082
   9.602
   9.542
   9.316
   6.767
   9.254
   9.251
   5.112
   3.842
   3.316
   8.771
   8.648
   7.490
   8.330
   7.862
   5.469
   3.929
   7.540
   6.393
   6.981
   4.972
   7.585
   6.503
   8.735
   7.349
   7.452
   9.681
   6.255
   9.499
   2.442
   9.422
   9.352
   7.688
   7.089
   7.582
   6.322
   6.968
   6.434
   9.383
   7.624
   8.536
   7.235
   6.594
   7.642
   7.545
   4.879
   8.718
   7.631
   6.533
   8.176
   7.939
   8.276
   7.312
   8.670
   8.424
   7.054
   8.462
   7.149
   8.981
   6.284
   9.336
   8.501
   7.856
   8.748
   7.527
   7.974
   8.358
   6.820
   8.376
   7.126
   9.274
   7.795
   8.710
   7.649
   9.347
   8.242
   9.218
   7.815
   8.290
   8.343
   8.385
   7.067
   7.265
   6.484
   8.230
   9.306
   9.395
   9.425
   9.344
   9.294
   5.656
   4.308
   6.791
   7.730
   8.608
   5.213
   8.583
   7.395
   7.349
   5.421
   7.515
   7.871
   9.263
   5.762
   6.542
   8.576
   6.302
   7.114
   5.532
   6.572
   4.894
   6.701
   6.671
   3.724
   9.602
   9.542
   9.316
   9.254
   9.251
   6.955
   4.645
   6.116
   5.074
   7.438
   4.060
   5.306
   7.506
   5.874
   7.555
   7.955
   7.539
   5.916
   7.348
   8.873
   9.681
   3.582
   9.499
   9.422
   9.352
   6.861
   8.376
   4.291
   8.581
   5.218
   6.980
   9.383
   3.101
   8.232
   7.162
   7.178
   9.439
   7.900
   8.560
   8.210
   7.713
   9.253
   8.485
   6.641
   7.893
   7.802
   3.788
   9.305
   7.239
   8.473
   7.028
   6.740
   9.442
   6.791
   7.109
   6.115
   7.592
   8.901
   8.818
   6.920
   8.121
   8.371
   7.282
   7.528
   7.747
   8.273
   7.956
   9.048
   7.103
   8.986
   7.301
   7.884
   9.176
   7.766
   6.675
   7.352
   8.330
   8.466
   8.176
   9.395
   9.425
   9.344
   9.294
   9.263
   5.665
   4.286
   7.266
   9.602
   6.283
   6.405
   7.888
   3.755
   6.400
   8.048
   5.662
   6.663
   7.050
   8.854
   7.787
   8.450
   7.215
   7.648
   7.564
   8.527
   8.332
   9.542
   9.316
   9.254
   6.392
   6.451
   7.897
   5.353
   3.151
   8.194
   6.629
   5.158
   8.687
   3.926
   5.974
   7.022
   5.618
   6.853
   8.374
   6.503
   4.284
   7.122
   6.652
   5.357
   6.666
   8.521
   9.254
   8.661
   6.991
   9.681
   9.499
   9.442
   9.422
   9.352
   6.425
   8.207
   9.383
   6.602
   6.463
   7.777
   9.286
   6.208
   8.341
   7.504
   7.681
   7.464
   6.522
   6.732
   6.912
   8.309
   8.535
   6.961
   9.131
   7.131
   6.571
   7.392
   7.578
   8.043
   7.894
   6.752
   7.827
   8.500
   8.253
   8.919
  -0.375
   8.300
   6.977
   6.664
   7.907
   6.722
   4.663
   8.710
   7.532
   7.882
   8.835
   8.971
   8.825
   7.234
   7.683
   7.592
   8.225
   7.061
   8.626
   7.268
   7.388
   9.395
   9.425
   9.344
   9.294
   9.263
   6.954
   4.342
   6.816
   6.261
   7.654
   6.181
   7.177
   6.444
   6.036
   6.697
   4.970
   4.895
   7.358
   6.026
   7.630
   8.142
   7.587
   8.630
   5.617
   6.976
   6.116
   7.618
   6.980
   4.862
   4.863
   1.620
   9.602
   6.508
   9.542
   9.316
   9.254
   8.323
   6.914
   8.643
   6.003
   5.152
   5.491
   5.000
   7.821
   7.399
   8.742
   7.204
   7.168
   7.373
   5.946
   4.903
   8.705
   9.681
   6.453
   7.637
   9.499
   9.442
   5.389
   9.422
   9.352
   7.865
   4.086
   9.383
   5.087
   8.720
   6.745
   6.092
   5.928
   7.933
   9.482
   6.528
   9.219
   8.056
   6.295
   6.311
   8.520
   9.252
   6.417
   7.783
   7.987
   7.450
   7.186
   7.892
   8.563
   9.284
   9.012
   8.315
   7.285
   8.938
   9.183
   6.981
   7.507
   7.945
   6.011
   4.457
   7.252
   6.031
   8.538
   7.142
   9.151
   6.961
   8.003
   7.689
   9.363
   6.802
   0.417
   7.394
   9.038
   8.001
   7.249
   9.155
   8.638
   9.395
   9.425
   9.344
   9.294
   9.263
   7.058
   7.449
   6.010
   7.367
   7.027
   5.753
   5.779
   6.275
   8.217
   5.600
   4.998
   6.567
   7.301
   7.838
   7.382
   7.423
   7.423
   8.750
   7.927
   6.188
   7.952
   8.931
   8.592
   7.748
   7.099
   7.107
   8.276
   6.636
   5.801
   8.683
   7.890
   6.322
   5.210
   6.618
   6.738
   9.602
   9.542
   9.316
   9.254
   7.381
   5.122
   6.895
   5.543
   7.553
   9.681
   3.619
   6.161
   5.112
   9.345
   9.297
   9.499
   7.027
   6.925
   8.310
   8.715
   9.442
   9.422
   9.352
   9.383
   5.490
   9.408
   8.222
   7.277
   4.286
   7.035
   7.999
   8.511
   8.066
   8.269
   7.444
   7.025
   5.902
   8.629
   7.907
   8.008
   5.905
   9.218
   5.771
   7.927
   7.223
   7.046
   8.602
   9.488
   5.925
   7.604
   8.386
   8.856
   6.344
   9.049
   8.725
   8.339
   8.086
   7.536
   7.095
   6.752
   6.399
   5.296
   8.066
   7.511
   7.205
   7.593
   8.540
   7.504
   7.532
