1.647
1.648
1.501
1.115
1.750
1.755
1.734
1.693
1.761
1.655
1.755
1.675
1.691
1.722
1.699
1.668
1.663
1.478
1.768
1.605
1.725
1.679
1.543
1.723
1.674
1.632
1.655
1.659
0.369
1.753
1.742
1.698
1.704
1.637
1.520
1.435
1.749
1.693
1.767
1.654
1.681
1.688
1.729
1.615
1.241
1.386
1.686
1.758
1.756
1.772
1.672
1.685
1.720
1.688
1.710
1.669
1.580
1.710
1.674
1.621
1.396
1.118
1.669
1.577
1.699
1.743
1.599
1.768
1.596
1.646
1.685
1.667
1.709
1.751
1.754
1.040
1.659
1.670
1.648
1.658
1.399
1.680
1.659
1.761
1.479
1.660
1.665
1.647
1.671
1.668
1.685
1.690
1.489
1.545
1.536
1.746
1.667
1.668
1.679
1.549
1.678
1.648
1.556
1.711
1.670
1.658
1.679
1.593
1.641
1.764
1.610
1.754
1.657
1.773
1.637
0.964
1.755
1.736
1.761
1.582
1.672
1.560
1.653
1.735
1.588
1.711
1.347
1.572
1.576
1.669
1.763
1.610
0.988
1.597
1.737
1.573
1.664
1.726
1.754
1.663
1.603
1.659
1.670
1.220
1.747
1.738
1.420
1.754
1.073
1.782
1.405
1.477
1.561
1.720
1.686
1.665
1.745
1.709
1.731
1.721
1.688
1.701
1.500
1.559
1.652
1.573
1.455
1.722
1.772
1.730
1.447
1.483
1.375
1.735
1.709
1.561
1.426
1.720
1.709
1.742
1.443
1.720
1.722
1.723
1.460
1.735
1.733
1.459
1.751
1.705
1.750
1.755
1.710
1.637
1.667
1.725
1.441
1.672
1.709
1.693
1.748
1.723
1.688
1.696
1.675
1.672
1.541
1.760
1.666
1.740
1.754
1.734
1.577
1.762
1.723
1.666
1.653
1.576
1.670
1.534
1.654
1.745
1.720
1.735
1.708
1.681
1.753
1.758
1.733
1.679
1.655
1.675
1.650
1.760
1.640
1.709
1.721
1.666
1.759
1.573
1.737
1.690
1.735
1.483
1.459
1.426
1.674
1.629
1.760
1.759
1.684
1.742
1.753
1.723
1.751
1.766
1.726
1.755
1.699
1.541
1.756
1.716
1.727
1.707
1.767
1.749
1.746
1.700
1.742
1.467
1.713
1.690
1.761
1.724
1.707
1.663
1.772
1.704
0.523
1.694
1.451
1.764
1.745
1.729
1.757
1.632
1.743
1.754
0.579
1.756
1.743
1.743
1.755
1.710
1.479
1.773
1.752
1.755
0.619
1.739
1.737
1.750
1.755
1.637
1.745
1.406
1.709
1.664
1.668
1.725
1.758
1.675
1.666
1.767
1.679
1.650
1.760
1.755
1.722
1.610
1.752
1.743
1.756
1.663
1.759
1.615
1.738
1.718
1.742
1.710
1.721
1.729
1.713
1.746
1.679
1.764
1.759
1.745
1.585
1.409
1.701
1.701
1.758
1.768
1.659
1.641
1.673
1.775
1.678
1.753
1.735
1.479
1.755
1.701
1.722
1.729
1.737
1.723
1.751
1.029
1.454
1.746
1.639
1.745
1.763
1.599
1.716
1.754
1.728
1.748
1.721
1.729
1.758
1.747
1.723
1.749
1.726
1.725
1.701
1.732
1.753
1.758
1.756
1.461
1.457
1.727
1.750
1.755
1.565
1.758
1.771
1.741
1.696
1.713
1.493
1.507
1.743
0.597
1.700
1.764
1.459
1.586
1.457
1.712
1.691
1.632
1.756
1.750
1.637
1.745
1.666
1.761
1.766
1.756
1.648
1.745
1.584
1.777
1.753
1.765
1.680
1.744
1.689
1.758
1.672
1.534
1.716
1.583
1.774
1.742
1.778
1.724
1.765
1.720
1.741
0.381
1.706
1.724
1.735
0.235
1.766
1.688
1.710
1.721
1.749
1.729
1.748
1.758
1.745
1.672
1.750
1.734
1.575
1.638
1.708
1.762
1.578
1.414
1.757
1.643
1.735
1.756
1.757
1.479
1.735
1.737
1.628
1.737
1.723
1.712
1.493
1.760
1.735
1.752
1.725
1.751
1.730
1.757
1.747
1.732
1.747
1.706
1.702
1.745
1.452
1.655
1.712
1.746
1.752
1.476
1.748
1.760
1.734
1.724
1.750
1.741
1.733
1.726
1.709
1.703
1.704
1.708
1.654
1.739
1.744
1.749
1.449
1.455
1.734
1.755
1.731
1.713
1.746
1.751
1.717
1.609
1.702
1.671
1.702
1.637
1.672
1.574
1.709
1.586
1.594
1.440
1.734
1.344
1.765
1.717
1.538
1.746
1.710
1.755
1.713
1.721
1.595
1.749
1.593
1.755
1.768
1.757
1.730
1.723
1.756
1.670
1.742
1.745
1.790
1.758
1.707
1.349
1.419
1.729
1.530
1.712
1.754
1.441
1.735
1.744
1.756
1.746
1.699
1.703
1.695
1.757
1.777
1.688
1.503
1.755
1.476
1.774
1.752
1.698
1.727
1.669
1.604
1.749
1.737
1.723
1.493
1.575
1.636
1.702
1.723
1.714
1.750
1.756
1.762
1.757
1.660
1.459
1.736
1.448
1.754
1.550
1.641
1.754
1.759
1.760
1.759
1.733
1.478
1.601
1.753
1.747
1.685
1.761
1.720
1.751
1.733
1.702
1.714
1.391
1.756
1.565
1.735
1.724
1.702
1.755
1.715
1.701
1.455
1.746
1.782
1.759
1.703
0.724
0.636
1.746
1.643
1.769
1.628
1.690
1.698
1.752
1.757
1.745
1.744
1.748
1.723
1.640
1.569
1.764
1.544
1.710
1.713
1.574
1.790
1.528
1.723
1.703
1.756
1.698
1.751
1.717
1.716
1.734
1.770
1.717
1.721
1.640
1.749
1.734
1.689
1.756
1.738
1.755
1.768
1.675
1.661
1.476
1.764
1.749
1.739
1.782
1.767
1.696
1.723
1.722
1.756
1.698
1.718
1.745
1.762
1.749
1.761
1.737
1.723
1.493
1.721
1.723
1.719
1.682
1.666
1.740
1.735
1.753
1.746
1.674
1.755
1.457
1.755
1.633
1.755
1.635
1.755
1.457
1.450
1.725
1.724
1.748
1.736
1.725
1.717
1.706
1.742
1.708
1.714
0.523
1.715
1.714
1.762
1.716
1.747
1.716
1.690
1.720
1.754
1.724
1.736
1.704
1.704
1.713
0.616
1.678
1.753
1.753
1.742
0.591
1.746
1.710
1.713
1.790
1.717
1.721
1.749
1.748
1.645
1.764
1.665
1.758
1.753
1.581
1.268
1.739
1.755
1.545
1.750
1.710
1.665
1.719
1.755
1.759
1.737
1.720
1.738
1.706
1.763
1.721
1.720
1.767
1.712
1.756
1.751
1.709
1.665
1.756
1.755
1.476
1.715
1.751
1.722
1.666
1.765
1.769
1.653
1.754
1.735
1.757
1.757
1.749
1.761
1.763
1.750
1.758
1.761
1.737
1.723
1.493
1.673
1.752
1.697
1.737
1.712
1.572
1.635
1.736
1.677
1.741
1.743
1.758
1.668
1.676
1.711
1.755
1.755
1.757
1.748
1.772
1.703
1.665
1.695
1.687
1.687
1.686
1.716
1.703
1.755
1.716
1.743
1.753
1.720
1.637
1.742
1.702
1.661
1.756
1.711
1.742
1.743
1.755
1.755
1.615
1.742
1.755
1.746
1.703
1.726
1.616
1.720
1.770
1.668
1.760
1.681
1.746
1.636
1.752
1.710
1.758
1.758
1.741
1.762
1.700
1.755
1.742
1.743
1.726
1.770
1.607
1.709
1.748
1.726
1.757
1.749
1.757
1.763
1.719
1.725
1.764
1.731
1.564
1.634
1.713
1.790
1.717
1.721
1.749
1.767
1.613
1.476
1.753
1.761
1.707
1.556
1.680
1.752
1.621
1.718
1.718
1.653
0.759
1.698
1.717
1.719
1.710
1.772
1.749
1.723
1.493
1.743
1.734
1.745
1.757
1.457
1.748
1.722
1.729
1.732
1.661
1.457
1.453
1.755
1.753
1.455
1.750
1.751
1.658
1.733
1.710
1.755
1.754
1.753
1.751
1.616
1.668
1.713
1.755
1.656
1.710
1.702
1.756
1.713
1.738
1.759
1.759
1.717
1.756
1.763
1.723
1.745
1.762
1.748
1.765
1.717
1.456
1.719
1.757
1.746
1.719
1.661
1.679
1.407
1.777
1.766
1.764
1.739
1.758
1.707
1.547
1.718
1.719
1.736
1.756
1.756
1.730
1.703
1.697
1.667
1.628
1.710
1.758
1.713
1.790
1.721
1.749
1.743
1.692
1.768
1.757
1.724
1.757
1.764
1.742
1.760
1.757
1.732
1.748
1.704
1.715
1.724
1.758
1.717
1.722
1.674
1.652
1.747
1.757
1.696
1.713
1.750
1.705
1.572
1.712
1.772
1.749
1.763
1.723
1.493
1.743
1.740
1.750
1.735
1.764
1.733
1.736
1.756
1.770
1.722
1.743
1.453
1.753
1.726
1.459
1.723
1.663
1.458
1.664
1.737
1.735
1.702
1.701
1.747
1.735
1.756
1.741
1.720
1.649
1.746
1.748
1.652
1.726
1.742
1.711
1.757
1.736
1.724
1.749
1.704
1.689
1.711
1.743
1.741
1.757
1.728
1.729
1.745
1.746
1.719
1.710
1.713
1.790
1.721
1.749
1.743
1.741
1.786
1.763
1.764
1.720
1.714
1.739
1.544
1.696
1.760
1.352
1.766
1.669
1.758
1.747
1.718
1.757
1.506
1.712
1.777
1.705
1.750
1.725
1.751
1.700
1.750
1.714
1.735
1.656
1.583
1.733
1.764
1.548
1.760
1.662
1.718
1.745
1.755
1.743
1.758
1.681
1.709
1.745
1.724
1.772
1.726
1.649
1.647
1.749
1.763
1.720
1.624
1.724
1.723
1.743
1.737
1.733
1.562
1.755
1.756
1.753
1.709
1.754
1.456
1.759
1.759
1.724
1.751
1.757
1.731
1.697
1.714
1.685
1.703
1.765
1.718
1.702
1.753
1.738
1.763
1.735
1.717
1.738
0.505
1.724
1.717
1.713
1.715
1.725
1.754
1.754
1.723
1.764
1.744
1.733
1.742
1.674
1.744
1.731
1.710
1.718
1.757
1.713
1.790
1.721
1.749
1.724
1.671
1.428
1.744
1.724
1.724
1.722
1.753
1.733
1.757
1.751
1.750
1.735
1.719
1.706
1.706
1.717
1.704
1.718
1.706
1.737
1.724
1.725
1.725
1.659
1.697
1.409
1.718
1.766
1.757
1.756
1.688
1.639
1.723
1.658
1.738
1.645
1.717
1.741
1.742
1.754
1.684
1.655
1.714
1.437
1.566
1.758
1.737
1.772
1.726
1.742
1.649
1.749
1.763
1.723
1.756
1.721
1.757
1.733
1.629
1.742
1.748
1.755
1.755
1.711
1.752
1.759
1.756
1.455
1.711
1.755
1.752
1.746
1.759
1.748
1.745
1.735
1.756
1.716
1.737
1.714
1.746
1.760
1.752
1.712
1.743
1.747
1.753
1.762
1.746
1.719
1.747
1.756
1.728
1.687
1.752
1.741
1.703
1.755
1.744
1.753
1.710
1.718
1.790
1.721
1.749
1.754
1.759
1.760
1.423
1.724
1.771
1.717
1.757
1.769
1.717
1.380
1.750
1.756
1.757
1.731
1.735
1.733
1.722
1.706
1.733
1.756
1.725
1.742
1.736
1.748
1.711
1.766
1.723
1.740
1.658
1.729
1.667
1.761
1.724
1.747
1.691
1.729
1.760
1.678
1.735
1.768
1.763
1.549
1.772
1.726
1.742
1.712
1.649
1.749
1.763
1.723
1.738
1.725
1.726
1.638
1.769
1.458
1.634
1.749
1.728
1.459
1.755
1.749
1.753
1.734
1.736
1.659
1.735
0.599
1.742
1.729
1.734
1.766
1.726
1.708
1.745
1.771
1.748
1.733
1.636
1.743
1.749
1.765
1.695
1.708
1.722
1.741
1.744
1.754
1.736
1.733
1.719
1.719
1.745
0.559
1.746
1.724
1.743
1.753
1.710
1.718
1.790
1.721
1.740
1.638
1.693
1.766
1.742
1.724
1.756
1.784
1.540
1.746
1.717
1.750
1.762
1.736
1.725
1.526
1.757
1.725
1.740
1.758
1.749
1.746
1.756
1.743
1.778
1.449
1.747
1.723
1.459
1.452
1.753
1.561
1.634
1.755
1.760
1.739
1.734
1.757
1.769
1.757
1.724
1.734
1.721
1.755
1.194
1.714
1.715
1.724
1.569
1.724
1.729
1.772
1.726
1.742
1.712
1.670
1.649
1.749
1.763
1.723
1.752
1.636
1.599
1.714
1.735
1.689
1.735
1.726
1.755
1.736
1.732
1.754
1.756
1.735
1.739
1.756
1.733
1.715
0.588
1.757
1.739
1.711
1.740
1.457
1.662
1.639
1.737
1.748
1.743
1.741
1.764
1.756
1.745
1.745
1.757
1.702
1.731
1.716
1.755
1.716
1.730
1.700
1.735
1.667
1.747
1.753
1.710
1.718
1.790
1.721
1.740
1.646
1.702
1.671
1.653
1.749
1.610
1.533
1.721
1.762
1.755
1.754
1.732
1.704
1.752
1.756
1.726
1.757
1.752
1.750
1.740
1.757
1.721
1.706
1.751
1.761
1.778
1.768
1.754
1.710
1.735
1.754
1.567
1.736
1.755
1.750
1.753
1.756
1.723
1.698
1.766
1.697
1.560
1.755
1.740
1.757
1.727
1.752
1.636
1.736
1.772
1.726
1.716
1.742
1.649
1.749
1.735
1.763
1.622
1.733
1.484
1.726
1.549
1.756
1.753
1.756
1.725
1.734
1.759
1.754
1.737
1.731
1.676
1.381
1.662
1.722
1.702
1.758
1.743
1.736
0.533
1.744
1.757
1.744
1.714
1.742
1.742
1.732
1.730
1.764
1.744
1.743
1.748
1.752
1.419
1.722
1.741
1.707
1.701
1.704
1.750
1.744
1.768
1.719
1.701
1.759
0.493
1.728
1.139
1.722
1.744
1.759
1.718
1.718
1.724
1.740
1.713
1.750
1.760
1.725
1.725
1.720
1.700
1.715
1.698
1.729
1.752
1.698
1.701
1.726
1.757
1.763
1.716
1.750
1.753
1.726
1.710
1.790
1.270
1.736
1.766
1.578
0.890
1.744
1.765
1.738
1.758
1.749
1.728
1.758
1.757
1.757
1.704
1.756
1.745
1.547
1.772
1.726
1.716
1.649
1.749
1.763
1.764
1.736
1.704
1.770
1.701
1.762
1.645
1.710
1.754
1.657
1.635
1.754
1.711
1.733
1.665
1.727
1.755
1.452
1.751
1.756
1.730
1.741
1.739
1.729
1.718
1.748
1.749
1.552
1.742
1.758
1.707
1.460
1.756
1.668
1.727
1.355
1.744
1.748
1.704
1.766
1.743
1.755
1.739
1.742
1.703
1.755
1.753
1.731
1.748
1.701
1.750
1.753
1.726
1.710
1.790
1.745
1.761
1.724
1.731
1.581
1.725
1.722
1.765
1.731
1.757
1.757
1.712
1.720
1.771
1.679
1.685
1.693
1.699
1.741
1.714
1.702
1.702
1.731
1.735
1.734
1.757
1.750
1.756
1.458
1.701
1.715
1.599
1.618
1.745
1.719
1.743
1.743
1.723
1.729
1.695
1.752
1.758
1.244
1.724
1.731
1.749
1.720
1.664
1.772
1.726
1.716
1.649
1.762
1.749
1.763
1.736
1.704
1.729
1.748
1.460
1.748
1.729
1.736
1.733
1.711
1.735
1.682
1.654
1.450
1.684
1.739
1.748
1.745
1.689
1.734
1.663
1.713
1.749
1.744
1.748
1.757
1.734
1.736
1.711
1.690
1.714
1.758
1.740
1.748
1.572
1.768
1.710
1.748
1.709
1.742
1.735
1.770
1.765
1.739
1.755
1.745
1.757
1.755
1.743
1.763
1.751
1.740
1.750
1.753
1.726
1.710
1.790
1.735
1.745
1.709
1.684
1.756
1.623
1.715
1.727
1.592
1.750
1.749
1.722
1.690
1.225
1.705
1.749
1.736
1.709
1.714
1.756
1.728
1.707
1.724
1.754
1.554
1.375
1.711
1.755
1.733
1.659
1.700
1.703
1.746
1.552
1.587
1.757
1.769
1.718
1.717
1.758
1.731
1.735
1.772
1.772
1.726
1.716
1.649
1.749
1.763
1.736
1.571
1.758
1.711
1.744
1.762
1.758
1.757
1.758
1.748
1.741
1.734
1.756
1.732
1.758
1.757
1.759
1.700
1.714
1.754
1.707
1.723
1.749
1.735
1.744
1.691
1.747
1.755
1.721
1.702
1.651
1.742
1.769
1.746
1.724
1.690
0.467
1.766
1.764
1.766
1.715
1.743
1.756
1.750
1.716
1.716
1.686
1.740
0.193
1.758
1.765
1.745
1.759
1.722
1.666
1.731
1.750
1.757
1.726
1.710
1.790
1.736
1.745
1.757
1.757
1.747
1.721
1.722
1.749
1.758
1.726
1.754
1.736
1.746
1.746
1.724
1.757
1.742
1.760
1.744
1.736
1.749
1.730
1.747
1.715
1.732
1.754
1.467
1.533
1.604
1.759
1.759
1.442
1.360
1.754
1.766
1.700
1.746
1.733
1.737
1.746
1.752
1.772
1.726
1.716
1.649
1.749
1.763
1.700
1.773
1.678
1.773
1.719
1.736
1.748
1.746
1.773
1.630
1.721
1.725
1.449
1.755
1.726
1.770
1.652
1.726
1.719
1.703
1.749
1.745
1.741
1.734
1.517
1.735
1.733
1.747
1.710
1.703
1.724
1.759
1.750
1.743
1.712
1.539
1.696
1.770
1.689
1.744
1.701
1.699
1.703
1.718
1.739
1.754
1.702
1.683
1.764
1.667
1.752
1.765
1.765
1.750
1.757
1.726
1.721
1.790
1.736
1.707
1.764
1.567
1.700
1.727
1.761
1.725
1.747
1.761
1.765
1.710
1.758
1.737
1.763
1.757
1.731
1.726
1.724
1.762
1.687
1.735
1.636
1.635
1.753
1.711
1.755
1.357
1.703
1.725
1.748
1.719
1.696
1.757
1.757
1.618
1.732
1.772
1.726
1.716
1.649
1.720
1.516
1.749
1.763
1.736
0.407
1.739
1.717
1.724
1.754
1.750
1.539
1.450
1.706
1.733
1.423
1.749
1.739
1.735
1.753
1.641
1.748
1.749
1.744
1.752
1.698
1.756
1.719
1.716
1.715
1.720
0.726
1.744
1.739
1.738
1.602
1.686
1.757
1.758
1.702
1.707
1.764
1.731
1.759
1.764
1.720
1.745
1.744
1.722
1.638
1.761
1.748
1.761
1.732
1.409
1.679
1.552
1.671
1.562
1.761
1.717
1.724
1.735
1.767
1.698
1.769
1.746
1.726
1.739
1.725
1.735
1.756
1.689
1.757
1.767
1.747
1.715
1.741
1.734
1.751
1.737
1.765
1.731
1.750
1.757
1.726
1.721
1.790
1.736
1.748
1.742
1.570
1.773
1.747
1.752
1.730
1.592
1.724
1.720
1.704
1.723
1.724
1.742
1.768
1.772
1.726
1.716
1.707
1.649
1.752
1.749
0.688
1.763
1.675
1.757
1.732
1.757
1.727
1.754
1.539
1.458
1.459
1.728
1.756
1.432
1.458
1.735
1.756
1.756
1.664
0.572
1.754
1.731
1.750
1.704
1.710
1.703
1.744
1.732
1.750
1.743
1.714
1.746
1.751
1.746
1.728
1.722
1.746
1.767
1.765
1.733
1.753
1.752
1.733
1.756
1.768
1.757
1.668
1.766
1.755
1.764
1.742
1.740
1.765
1.765
1.744
1.707
1.748
1.750
1.757
1.726
1.721
1.790
1.736
1.748
1.724
1.754
1.604
1.435
1.719
1.731
1.703
1.757
1.734
1.640
1.694
1.730
1.746
1.746
1.704
1.757
1.725
1.766
1.441
1.766
1.758
1.741
1.751
1.757
1.749
1.763
1.725
1.737
1.757
1.735
1.748
1.673
1.745
1.755
1.688
1.772
1.726
1.716
1.649
1.764
1.749
1.763
1.766
1.719
1.741
1.714
1.440
1.712
1.660
1.739
1.755
1.539
1.740
1.681
1.757
1.660
1.735
1.711
1.711
1.734
1.754
1.749
1.735
1.732
1.731
1.664
1.746
1.721
1.736
1.723
1.720
1.751
1.742
1.748
1.743
1.743
1.744
1.711
1.710
1.743
1.701
1.742
1.708
1.456
1.764
1.726
1.764
1.755
1.728
1.703
1.742
1.719
1.756
1.697
1.743
1.764
1.755
1.764
1.726
1.574
1.727
1.468
1.760
1.757
1.757
1.652
1.761
1.581
1.725
1.743
1.750
1.747
1.757
1.726
1.766
1.721
1.736
1.746
1.719
1.734
1.757
1.699
1.730
1.688
1.762
1.755
1.642
1.757
1.747
1.735
1.610
1.750
1.757
1.705
1.717
1.536
0.871
1.730
0.786
1.724
1.766
1.757
1.737
1.403
1.734
1.723
1.763
1.770
1.695
1.772
1.726
1.716
1.649
1.749
1.763
0.837
1.724
1.746
1.749
1.734
1.676
1.755
1.539
1.736
1.755
1.462
1.461
1.720
1.734
1.424
1.754
1.754
1.463
1.733
1.733
1.754
0.202
1.720
1.708
1.732
1.749
1.722
1.724
1.710
1.744
1.743
1.740
1.652
1.729
1.746
1.705
1.688
1.742
1.758
1.739
1.754
1.765
1.724
1.764
1.742
1.764
1.745
1.754
1.738
1.745
1.458
1.758
1.748
1.743
1.767
1.765
1.750
1.757
1.726
1.719
1.766
1.721
1.736
1.746
1.757
1.721
1.757
1.743
1.754
1.757
1.738
1.680
1.761
1.722
1.688
1.710
1.729
1.783
1.698
1.733
1.646
1.701
1.661
1.756
1.758
1.749
1.734
1.761
1.765
1.757
1.751
1.724
1.761
1.758
1.762
1.770
1.586
1.657
1.699
1.767
1.753
1.712
1.761
1.700
1.725
1.752
1.763
1.757
1.707
1.757
1.726
1.772
1.726
1.745
1.716
1.553
1.649
1.763
1.743
1.755
1.521
1.457
1.748
1.749
1.673
1.732
1.740
1.449
1.702
1.754
1.711
1.753
1.735
1.711
1.714
1.740
1.723
1.718
1.730
1.688
1.720
1.757
1.702
1.744
1.459
1.754
1.587
1.744
1.690
1.699
1.743
1.746
1.681
1.695
1.642
1.741
1.714
1.713
1.751
1.769
1.768
1.740
1.724
1.767
1.709
1.764
1.745
1.764
1.750
1.757
1.726
1.719
1.766
1.721
1.736
1.724
1.766
1.696
1.735
1.725
1.763
1.716
1.721
1.746
1.746
1.405
1.484
1.762
1.766
1.757
1.723
1.731
1.757
1.757
1.765
1.757
1.698
1.685
1.729
1.721
1.734
1.725
1.741
1.719
1.766
1.713
1.316
1.478
1.723
1.742
1.717
1.650
1.719
1.762
1.757
1.739
1.757
1.716
1.736
1.762
1.768
1.764
1.772
1.726
1.745
1.716
1.649
1.748
1.763
1.674
1.755
1.757
1.755
1.456
1.747
1.457
1.708
1.752
1.681
1.449
1.719
1.758
1.459
1.754
1.731
1.748
1.455
1.752
1.754
1.754
1.453
1.708
1.731
1.731
1.760
1.724
1.696
1.727
1.721
1.742
1.711
1.743
1.657
1.697
1.650
1.744
1.688
1.702
1.752
1.718
1.716
1.729
1.753
1.739
1.747
1.716
1.743
1.765
1.733
1.766
