-16.774 -17.442 -18.245 -16.346 -16.346
-17.405 -18.216 -17.203 -16.823 -16.823
5.100 6.843 -15.786 -15.873 -15.871
-8.780 -3.948 -10.493 -10.397 -10.396
-19.843 -18.199 -18.722 -18.092 -18.091
-20.522 -17.879 -17.706 -18.113 -18.113
-7.860 -15.670 -19.019 -18.258 -18.404
-12.156 -17.247 -16.563 -16.645 -15.728
-14.274 -13.050 -18.156 -18.645 -18.644
-12.059 -12.324 -18.550 -17.205 -17.032
-16.831 -17.487 -18.804 -18.889 -18.888
-10.043 -9.464 -16.559 -16.567 -15.347
-13.056 -13.223 -18.103 -16.522 -15.256
-12.647 -13.121 -16.774 -17.628 -17.760
-14.249 -15.668 -16.520 -16.404 -16.269
-17.726 -16.207 -16.603 -16.606 -15.355
-15.706 -16.056 -16.620 -16.832 -15.560
-11.960 -12.642 -13.327 -13.333 -13.334
-14.816 -14.346 -17.151 -17.153 -16.693
4.156 3.406 -16.454 -17.099 -16.093
-11.054 -11.578 -14.574 -16.947 -17.063
-9.455 -10.395 -16.256 -16.329 -16.328
-10.982 -11.581 -14.242 -14.286 -14.286
-9.831 -8.373 -16.381 -16.463 -16.462
-17.070 -15.520 -15.769 -15.773 -15.675
-9.749 -9.609 -15.527 -15.858 -15.678
1.871 1.976 -15.760 -16.237 -16.238
-13.384 -13.910 -14.971 -15.628 -14.964
95.721 92.034 -5.643 -5.621 -5.618
-18.106 -18.385 -18.659 -18.665 -18.664
-18.611 -14.204 -18.925 -17.793 -18.119
-13.260 -13.148 -18.282 -18.292 -17.103
-17.410 -17.530 -17.633 -17.995 -17.243
3.916 -0.274 -16.382 -17.324 -16.357
-14.809 -15.287 -16.228 -16.237 -16.235
-11.206 -10.867 -13.264 -13.267 -13.267
-18.352 -18.208 -18.668 -18.726 -17.826
-14.990 -16.411 -16.101 -16.107 -15.827
-12.975 -12.239 -18.508 -19.009 -17.936
-11.759 -12.521 -19.405 -16.935 -16.935
-17.224 -15.804 -16.644 -16.650 -15.737
-5.128 -5.945 -15.782 -16.236 -16.235
-16.165 -16.424 -16.722 -16.819 -16.819
-12.050 -11.089 -15.364 -15.416 -15.415
-9.393 -10.842 -13.471 -13.480 -13.480
-9.208 -8.991 -12.894 -13.604 -13.602
-10.788 -10.977 -16.715 -16.720 -15.624
-15.488 -16.214 -18.794 -18.913 -18.913
-3.543 -4.758 -18.673 -18.678 -18.677
-16.037 -16.197 -17.154 -17.157 -16.657
-15.811 -16.168 -16.560 -16.637 -15.397
-8.311 -8.793 -16.224 -16.236 -16.236
-14.590 -14.382 -15.029 -14.837 -14.837
8.646 6.112 -15.989 -16.689 -15.819
-15.541 -14.541 -14.800 -14.807 -14.807
-15.533 -16.485 -16.524 -16.525 -15.289
-14.799 -14.755 -15.219 -15.224 -15.223
-15.674 -13.961 -14.698 -14.703 -14.702
-8.943 -9.452 -13.292 -13.386 -12.451
-13.994 -13.912 -14.347 -14.352 -14.353
-1.180 -5.680 -13.824 -14.123 -13.979
23.025 21.925 -7.659 -9.834 -9.833
-11.061 -11.136 -13.129 -13.156 -12.353
-11.444 -11.665 -12.059 -12.064 -12.065
-10.107 -8.360 -16.429 -16.116 -15.950
-14.275 -12.772 -13.356 -13.581 -13.581
-13.438 -13.088 -13.040 -13.047 -13.047
-17.611 -16.936 -17.136 -17.155 -16.697
1.342 1.817 -14.843 -15.303 -14.818
-10.791 -10.665 -12.888 -13.052 -12.559
-10.491 -10.812 -13.350 -13.407 -12.358
-11.886 -12.407 -13.321 -13.391 -12.962
-6.067 -6.443 -15.564 -16.504 -16.503
-12.584 -12.906 -13.203 -13.501 -13.430
-14.702 -13.543 -13.735 -13.801 -13.499
14.570 15.720 -10.870 -11.103 -11.102
-10.216 -10.262 -13.174 -13.256 -12.327
-12.648 -13.130 -13.455 -13.458 -12.460
-8.172 -11.237 -12.245 -12.265 -12.264
-14.060 -14.588 -14.746 -14.747 -14.746
-10.593 -10.912 -11.974 -11.978 -11.977
-17.360 -17.458 -16.602 -16.606 -15.424
-13.103 -13.543 -14.103 -13.553 -13.552
-11.346 -11.497 -14.660 -13.849 -13.465
4.829 4.615 -14.645 -14.410 -14.126
-11.672 -12.023 -13.257 -13.263 -12.391
0.063 2.185 -13.420 -13.427 -13.427
-7.715 -7.622 -15.884 -16.161 -16.160
-12.040 -11.520 -12.436 -13.365 -12.447
-14.444 -12.422 -12.875 -12.882 -12.839
-9.738 -9.523 -12.628 -12.642 -12.710
-14.982 -16.126 -16.342 -16.350 -15.511
13.035 11.899 -10.667 -11.360 -11.325
-8.577 -11.240 -11.912 -11.940 -11.853
-12.734 -12.595 -13.421 -13.435 -13.505
-13.588 -14.596 -14.225 -13.879 -13.363
-4.537 -4.313 -13.387 -13.459 -13.347
-10.346 -10.265 -13.279 -13.284 -12.295
-8.582 -8.564 -13.462 -13.465 -12.469
-11.032 -9.589 -11.726 -11.840 -11.839
-10.537 -11.160 -13.085 -13.112 -13.112
-12.188 -12.096 -12.445 -12.187 -12.187
-10.760 -10.652 -11.614 -12.104 -11.276
-13.462 -11.868 -12.744 -12.762 -12.671
-12.663 -13.008 -13.352 -13.361 -12.436
-10.499 -11.347 -12.957 -12.962 -12.421
-13.175 -13.314 -13.433 -13.437 -12.413
5.991 3.479 -11.543 -12.298 -12.296
-10.579 -9.628 -12.161 -12.562 -12.576
-6.296 -6.051 -13.254 -13.990 -13.989
0.053 1.073 -11.736 -12.851 -11.748
-13.324 -11.761 -13.429 -13.306 -13.306
-10.170 -10.209 -12.787 -13.063 -12.458
-12.102 -11.885 -13.992 -13.993 -13.992
-9.690 -10.897 -11.086 -11.082 -10.611
21.898 18.049 -9.577 -9.320 -9.375
-13.446 -13.185 -13.673 -13.680 -13.679
-9.137 -11.217 -11.935 -12.096 -11.956
-7.464 -8.929 -13.166 -12.583 -11.564
-10.664 -10.356 -10.912 -10.916 -10.952
-7.998 -8.327 -10.390 -10.010 -10.012
-0.721 -1.448 -9.945 -9.340 -9.342
-7.723 -7.756 -10.670 -10.676 -9.474
-9.725 -10.052 -10.187 -10.167 -10.324
11.721 11.666 -4.122 -9.555 -9.554
-9.138 -9.524 -10.276 -10.270 -10.030
13.555 16.945 -8.208 -10.202 -10.202
-9.304 -7.055 -9.255 -9.272 -9.272
-8.377 -8.431 -9.152 -9.132 -9.129
-13.306 -12.356 -12.078 -11.407 -11.435
6.768 4.417 -12.874 -12.885 -11.756
-9.627 -9.863 -10.017 -9.987 -9.529
34.924 37.281 -8.187 -9.133 -9.133
-2.591 -2.822 -7.358 -9.275 -9.274
-10.971 -10.604 -10.762 -10.597 -10.290
-7.976 -7.296 -9.621 -9.627 -9.627
-4.044 -4.347 -10.512 -10.205 -9.406
-9.924 -9.887 -10.200 -10.213 -10.604
-11.105 -11.439 -10.765 -10.768 -10.347
-9.964 -10.167 -10.424 -10.428 -9.264
-10.526 -10.652 -10.724 -10.315 -9.505
-9.501 -9.195 -10.659 -10.233 -9.442
-9.660 -9.625 -10.043 -10.046 -9.977
-1.974 -4.029 -7.367 -8.021 -7.768
-9.245 -9.244 -9.237 -9.052 -9.008
-9.336 -9.457 -9.643 -9.148 -9.147
-5.457 -6.054 -8.196 -7.678 -7.678
-8.617 -8.824 -8.917 -9.093 -9.092
-1.702 -1.449 -5.381 -5.374 -5.478
-8.210 -7.813 -9.277 -9.378 -9.194
-5.711 -6.680 -7.383 -7.261 -7.332
-7.264 -7.165 -7.983 -7.928 -7.979
-8.239 -7.328 -8.515 -8.516 -8.515
-7.607 -7.448 -7.692 -7.695 -7.337
-8.063 -8.030 -8.417 -8.792 -8.791
-6.367 -6.866 -9.390 -8.229 -8.223
-1.056 0.491 -9.114 -9.117 -9.115
-6.281 -6.292 -5.514 -5.820 -5.672
-3.059 -4.554 -4.678 -6.197 -5.824
-6.422 -6.115 -6.014 -6.016 -6.014
1.190 0.038 -6.361 -5.595 -5.737
-4.800 -5.241 -5.283 -5.713 -5.837
-5.454 -3.821 -5.353 -5.354 -5.354
-3.004 -4.514 -5.539 -4.867 -5.212
-4.161 -3.587 -5.945 -5.914 -5.374
-6.816 -5.795 -7.066 -7.076 -6.725
-3.799 -4.115 -3.846 -4.146 -4.145
-3.716 -4.007 -4.108 -4.435 -4.436
-7.719 -7.511 -7.612 -7.623 -7.331
-7.344 -7.613 -8.353 -9.179 -9.178
-2.892 -3.174 -3.641 -3.649 -3.703
-3.575 -3.694 -3.939 -3.402 -3.402
-2.714 -2.185 -3.408 -3.288 -3.304
-4.536 -4.307 -4.485 -4.477 -4.368
-4.199 -4.329 -4.434 -4.438 -4.351
-4.376 -4.145 -7.276 -6.189 -6.325
-2.892 -3.107 -3.654 -3.659 -3.659
-3.233 -3.593 -4.435 -4.436 -4.290
-1.174 0.945 -9.333 -8.451 -8.799
-3.370 -4.443 -5.026 -4.647 -4.410
3.263 3.293 -8.025 -7.546 -7.546
-3.473 -2.996 -4.480 -4.436 -4.281
-4.288 -5.689 -6.054 -6.188 -6.062
-2.485 -2.891 -3.142 -2.976 -2.963
-1.921 -2.133 -4.137 -4.145 -4.146
-6.402 -5.684 -6.181 -6.166 -6.165
-4.421 -4.409 -4.484 -4.476 -4.367
-3.892 -4.144 -3.838 -4.147 -4.146
-1.067 -2.809 -3.178 -3.035 -3.035
-2.659 -2.267 -2.966 -2.954 -2.928
-19.843 -18.199 -18.722 -18.092 -18.091
-20.522 -17.879 -17.706 -18.113 -18.113
-15.541 -14.541 -14.800 -14.807 -14.807
-9.690 -10.897 -11.086 -11.082 -10.611
-19.045 -17.588 -15.967 -15.969 -15.968
-18.807 -19.183 -17.958 -17.577 -17.577
-14.258 -14.626 -13.971 -14.030 -14.028
-15.230 -13.773 -13.537 -13.884 -13.883
-16.871 -15.673 -14.764 -14.814 -14.813
-17.379 -17.458 -17.423 -17.416 -17.416
-21.439 -19.131 -19.634 -17.063 -17.062
-19.767 -18.240 -18.434 -18.405 -18.405
-15.941 -15.588 -16.188 -16.271 -16.270
-17.449 -17.460 -16.537 -16.537 -15.465
-16.390 -16.303 -16.419 -16.423 -16.422
-14.516 -14.853 -14.923 -14.925 -14.924
-13.148 -13.153 -13.250 -13.253 -13.254
-14.729 -14.508 -15.021 -15.522 -14.725
-13.061 -13.125 -13.355 -13.361 -12.366
-48.736 -13.669 -13.465 -13.798 -13.602
-10.065 -10.343 -12.932 -12.517 -11.593
-12.076 -12.158 -11.916 -11.919 -11.918
-4.797 -5.367 -10.109 -10.351 -10.718
-11.097 -11.016 -12.998 -12.590 -11.567
-11.052 -11.037 -12.156 -12.248 -11.590
-10.314 -10.449 -10.662 -10.440 -9.496
-10.109 -10.421 -10.641 -10.646 -9.404
-8.377 -8.431 -9.152 -9.132 -9.129
-12.713 -12.538 -14.339 -14.647 -14.647
4.742 4.247 -12.580 -13.586 -13.391
-9.046 -9.031 -14.559 -12.756 -12.797
-1.056 0.491 -9.114 -9.117 -9.115
-7.607 -7.448 -7.692 -7.695 -7.337
-16.586 -16.490 -16.644 -18.276 -18.274
-1.956 -2.151 -16.429 -16.514 -16.514
-15.380 -16.538 -16.123 -16.146 -15.635
-11.442 -11.625 -10.471 -10.766 -10.342
-17.705 -16.749 -18.440 -19.247 -17.560
-16.875 -16.637 -16.779 -16.782 -16.782
-22.940 -18.577 -18.944 -18.981 -18.980
-17.093 -16.984 -16.207 -16.211 -16.211
-15.414 -15.916 -16.756 -16.758 -15.433
-14.419 -14.093 -14.754 -14.805 -13.831
-15.284 -15.659 -14.266 -15.702 -15.703
-14.083 -12.632 -12.732 -12.715 -12.552
-6.281 -6.292 -5.514 -5.820 -5.672
-6.422 -6.115 -6.014 -6.016 -6.014
-9.798 -9.674 -10.651 -10.394 -9.441
-11.914 -11.717 -10.610 -10.652 -10.315
-10.267 -10.099 -9.633 -8.868 -9.349
-21.457 -16.275 -18.977 -17.950 -17.949
-15.974 -16.157 -16.273 -16.280 -16.279
-4.536 -4.307 -4.485 -4.477 -4.368
-3.575 -3.694 -3.939 -3.402 -3.402
-3.892 -4.144 -3.838 -4.147 -4.146
-2.892 -3.107 -3.654 -3.659 -3.659
-13.213 -12.836 -13.278 -13.296 -12.295
-13.489 -9.590 -14.424 -15.242 -15.242
-18.140 -16.780 -17.526 -17.982 -17.957
-11.142 -9.832 -10.692 -10.658 -10.318
-13.886 -13.913 -13.377 -13.433 -12.428
-6.461 -6.437 -10.984 -10.482 -10.554
-11.775 -11.603 -11.545 -10.766 -10.344
-2.485 -2.891 -3.142 -2.976 -2.963
-1.067 -2.809 -3.178 -3.035 -3.035
-7.102 -6.720 -9.784 -9.070 -8.932
-10.050 -9.726 -10.205 -10.213 -10.604
-9.645 -9.240 -8.982 -9.511 -9.148
-7.113 -6.821 -8.085 -8.878 -8.609
-7.217 -6.896 -7.999 -8.112 -7.558
-5.758 -5.648 -9.782 -9.512 -9.150
-2.261 -6.194 -5.455 -5.999 -5.718
-1.515 -1.605 -7.818 -5.922 -5.922
-6.218 -6.308 -6.336 -5.723 -5.790
-9.789 -8.465 -9.068 -8.910 -8.842
-9.048 -8.158 -9.848 -8.454 -8.490
-6.684 -6.580 -6.956 -6.105 -6.173
-6.914 -7.042 -7.840 -7.807 -7.019
-7.532 -6.820 -7.936 -7.608 -7.469
-7.167 -7.123 -7.051 -6.235 -6.235
-6.131 -6.214 -6.385 -5.934 -5.933
-5.925 -5.175 -5.761 -5.657 -5.580
-6.707 -5.995 -6.170 -6.247 -6.245
-10.050 -10.101 -10.209 -10.210 -10.601
-6.022 -5.560 -6.241 -5.820 -5.671
-8.884 -7.874 -8.542 -8.548 -8.296
-4.787 -4.627 -4.289 -4.591 -4.591
-4.250 -4.239 -4.876 -4.437 -4.350
-2.345 -1.843 -3.026 -2.623 -2.623
-10.056 -9.467 -10.135 -9.700 -10.049
-4.209 -4.292 -4.156 -4.147 -4.147
-9.073 -8.837 -9.467 -8.962 -8.984
-6.047 -6.040 -6.218 -5.934 -5.934
-4.276 -4.562 -6.118 -5.809 -5.657
-6.759 -6.342 -6.820 -6.251 -6.250
-10.652 -10.427 -10.657 -10.296 -9.475
-5.816 -5.140 -6.363 -5.706 -5.706
-4.278 -4.095 -5.191 -4.756 -4.574
-1.686 -1.658 -1.685 -1.231 -1.231
-3.120 -2.472 -2.637 -3.031 -2.974
-2.868 -2.905 -3.165 -3.101 -2.925
-6.377 -6.311 -6.215 -5.934 -5.934
-5.040 -4.962 -4.615 -4.700 -4.600
-6.022 -5.888 -6.317 -5.821 -5.672
-4.184 -4.164 -4.192 -3.399 -3.399
-7.927 -7.412 -7.591 -7.698 -7.600
-4.549 -4.227 -4.887 -4.756 -4.574
-5.170 -4.462 -4.545 -4.741 -4.588
-1.662 -1.447 -1.871 -1.105 -1.106
-3.473 -2.747 -2.769 -3.025 -3.025
-2.743 -2.671 -3.179 -3.089 -2.922
-19.843 -18.199 -18.722 -18.092 -18.091
-20.522 -17.879 -17.706 -18.113 -18.113
-9.690 -10.897 -11.086 -11.082 -10.611
-1.056 0.491 -9.114 -9.117 -9.115
-11.087 -11.245 -11.975 -11.967 -11.966
-16.669 -16.487 -16.142 -14.813 -14.813
-14.202 -12.405 -12.634 -12.754 -12.611
-11.907 -12.613 -13.546 -13.460 -13.354
-12.791 -11.887 -13.024 -12.032 -12.032
-20.630 -18.825 -18.828 -18.844 -18.844
-0.515 0.332 -15.906 -16.194 -16.193
-17.966 -17.920 -16.424 -16.567 -15.326
-16.266 -16.116 -17.145 -17.150 -16.693
-7.686 -7.363 -14.711 -14.902 -14.095
-13.189 -13.142 -13.239 -13.245 -12.732
-11.876 -12.175 -12.586 -12.601 -12.038
-13.372 -12.554 -12.669 -12.674 -12.000
-9.724 -9.553 -10.263 -10.266 -10.408
-9.011 -9.432 -9.533 -9.538 -9.822
-10.859 -10.148 -10.761 -10.766 -10.345
-10.643 -10.960 -10.261 -10.694 -10.325
-9.618 -9.503 -9.508 -9.485 -9.185
-8.960 -8.873 -8.710 -8.711 -8.288
-8.556 -8.703 -9.047 -9.012 -8.987
-8.541 -8.061 -8.669 -8.713 -8.635
-9.916 -9.271 -9.235 -9.157 -9.157
-6.567 -6.991 -7.688 -7.694 -7.333
-20.175 -17.928 -18.191 -18.532 -17.859
-6.022 -5.888 -6.317 -5.821 -5.672
-6.422 -6.115 -6.014 -6.016 -6.014
-4.276 -4.562 -6.118 -5.809 -5.657
-6.131 -6.214 -6.385 -5.934 -5.933
-6.684 -6.580 -6.956 -6.105 -6.173
-1.046 0.216 -9.385 -8.604 -8.605
-10.484 -9.534 -9.848 -8.639 -8.638
-8.874 -9.687 -9.380 -9.439 -9.439
-20.145 -14.637 -17.674 -18.566 -18.023
0.876 -0.227 -13.669 -16.322 -16.295
-9.982 -12.382 -15.654 -15.656 -15.656
-6.865 -6.394 -7.843 -7.807 -7.033
-7.077 -7.175 -7.557 -7.807 -7.024
-12.245 -14.569 -18.901 -18.913 -18.913
-15.602 -15.119 -15.432 -15.968 -15.967
-13.381 -13.229 -13.401 -13.405 -13.403
-12.606 -12.005 -12.848 -12.853 -12.851
-13.401 -13.266 -13.382 -13.385 -12.455
-12.200 -12.327 -12.739 -12.745 -12.150
-10.531 -10.543 -10.656 -10.659 -9.406
-8.871 -8.867 -9.508 -9.511 -9.154
-4.536 -4.307 -4.485 -4.477 -4.368
-4.184 -4.164 -4.192 -3.399 -3.399
-5.170 -4.462 -4.545 -4.741 -4.588
-11.145 -10.897 -11.365 -11.368 -11.367
-14.979 -6.320 -9.461 -8.924 -8.924
-7.039 -6.867 -9.779 -9.427 -8.954
-2.743 -2.671 -3.179 -3.089 -2.922
-2.485 -2.891 -3.142 -2.976 -2.963
-1.067 -2.809 -3.178 -3.035 -3.035
-4.932 -5.209 -6.096 -5.923 -5.958
-5.980 -5.512 -6.159 -6.160 -5.953
-20.962 -19.113 -19.630 -17.084 -17.084
-10.899 -10.951 -11.083 -11.085 -10.621
-9.916 -9.682 -9.708 -9.169 -9.122
-7.742 -7.426 -7.602 -7.572 -7.418
-7.209 -6.303 -6.839 -6.774 -6.886
-6.420 -6.304 -5.950 -5.951 -5.951
-4.402 -3.948 -5.191 -4.756 -4.569
-4.531 -4.459 -5.675 -6.314 -5.750
-6.792 -6.692 -6.946 -6.108 -6.171
-4.294 -4.383 -6.371 -5.933 -5.933
-6.692 -6.560 -6.531 -6.082 -5.972
-6.029 -6.268 -6.209 -6.209 -6.052
-6.077 -6.182 -6.365 -5.708 -5.708
-6.416 -6.206 -6.016 -6.017 -6.016
-6.218 -5.886 -6.359 -5.715 -5.715
-6.399 -5.866 -5.993 -6.017 -6.016
-6.217 -5.449 -6.117 -5.933 -5.932
-6.407 -6.299 -6.178 -5.697 -5.821
-6.893 -6.813 -6.070 -6.083 -6.009
-4.092 -3.923 -5.189 -4.756 -4.575
-4.850 -4.492 -4.563 -4.714 -4.679
-4.827 -4.886 -4.591 -4.698 -4.686
-4.124 -4.021 -3.791 -3.740 -3.742
-4.192 -4.235 -4.147 -4.148 -4.147
-4.239 -5.059 -4.395 -4.412 -4.439
-5.154 -5.166 -4.623 -4.693 -4.605
-5.088 -5.056 -4.416 -4.701 -4.600
-4.068 -4.157 -3.843 -3.882 -3.882
-6.860 -6.729 -6.195 -6.252 -6.251
-4.411 -4.288 -4.682 -4.917 -4.453
-5.851 -5.243 -5.450 -6.018 -6.038
-6.150 -6.211 -5.965 -5.713 -5.829
-3.259 -3.089 -3.220 -2.997 -2.997
-2.675 -2.664 -2.712 -2.378 -2.378
-2.681 -2.914 -2.720 -2.467 -2.467
-2.887 -2.882 -3.159 -3.103 -2.930
-13.441 -1.161 -1.960 -2.099 -1.925
-6.194 -6.160 -6.177 -5.696 -5.819
-2.764 -2.767 -2.930 -2.937 -2.872
-4.206 -4.198 -4.333 -4.145 -4.143
-4.491 -4.564 -4.140 -3.910 -3.910
-4.024 -4.266 -4.156 -4.146 -4.145
-3.259 -2.745 -2.964 -2.965 -2.967
-3.128 -2.958 -3.221 -2.564 -2.915
-4.446 -4.364 -4.511 -4.198 -4.198
-4.708 -4.229 -4.612 -4.756 -4.576
-19.843 -18.199 -18.722 -18.092 -18.091
-9.690 -10.897 -11.086 -11.082 -10.611
-16.061 -13.695 -13.308 -13.312 -13.313
-14.150 -14.027 -14.211 -13.462 -13.357
-8.180 -8.575 -13.192 -12.591 -11.569
-11.098 -11.022 -12.597 -12.621 -12.223
-11.111 -11.496 -10.086 -10.487 -10.273
-12.148 -9.861 -9.984 -9.985 -9.985
-20.527 -18.424 -18.708 -18.709 -18.709
-9.690 -9.665 -12.524 -12.530 -11.831
-10.810 -10.907 -12.752 -12.767 -12.146
-13.461 -13.401 -12.345 -12.672 -11.997
-11.959 -11.879 -12.887 -12.899 -11.796
-8.759 -8.427 -8.646 -8.715 -8.324
-10.276 -9.421 -9.510 -9.155 -9.265
-8.661 -8.732 -8.877 -8.499 -8.497
-4.948 -6.940 -9.698 -9.401 -9.400
-6.691 -6.863 -8.785 -8.775 -8.521
-8.227 -7.258 -7.322 -6.647 -6.645
-7.638 -7.501 -7.570 -7.576 -7.503
-6.930 -5.938 -7.340 -6.845 -6.843
-7.713 -7.473 -7.598 -7.705 -7.587
-5.925 -6.123 -7.490 -7.607 -7.469
-6.032 -5.893 -6.295 -6.383 -6.093
-6.096 -6.471 -5.986 -5.987 -5.987
-6.354 -5.359 -6.295 -6.122 -5.942
-6.492 -5.737 -6.343 -5.355 -5.589
-5.782 -5.343 -5.643 -6.014 -6.050
-2.576 -2.734 -2.761 -2.765 -2.731
-6.070 -6.041 -5.783 -5.914 -5.913
-6.385 -6.161 -6.030 -6.014 -6.015
-6.782 -6.867 -6.016 -6.090 -6.017
-0.352 -0.359 -1.388 -0.938 -0.937
-16.801 -16.987 -18.893 -18.902 -18.901
-16.048 -16.665 -16.883 -16.709 -17.164
-6.022 -5.888 -6.317 -5.821 -5.672
-6.422 -6.115 -6.014 -6.016 -6.014
-6.218 -5.886 -6.359 -5.715 -5.715
-4.276 -4.562 -6.118 -5.809 -5.657
-6.792 -6.692 -6.946 -6.108 -6.171
-6.029 -6.268 -6.209 -6.209 -6.052
-21.176 -20.973 -19.635 -17.085 -17.085
-19.565 -19.522 -17.272 -17.346 -17.346
-6.152 -5.931 -6.300 -6.107 -5.888
-21.339 -19.073 -19.689 -16.793 -16.915
-9.131 -9.046 -9.136 -9.140 -9.140
-3.175 -0.779 -8.247 -8.457 -8.460
-6.269 -6.291 -6.330 -5.724 -5.790
-6.839 -6.749 -6.828 -6.246 -6.245
-10.486 -10.050 -10.169 -9.377 -9.376
-7.185 -6.928 -8.403 -8.420 -8.498
-8.872 -9.623 -8.507 -9.093 -8.925
-8.991 -8.276 -8.760 -8.778 -8.460
-4.536 -4.307 -4.485 -4.477 -4.368
-4.827 -4.886 -4.591 -4.698 -4.686
-21.050 -16.858 -18.897 -18.900 -18.900
-4.184 -4.164 -4.192 -3.399 -3.399
-6.129 -5.946 -6.279 -5.923 -6.061
-10.329 -10.192 -9.159 -9.171 -9.152
-4.733 -5.162 -9.235 -7.874 -8.315
-2.743 -2.671 -3.179 -3.089 -2.922
-2.485 -2.891 -3.142 -2.976 -2.963
-3.259 -2.745 -2.964 -2.965 -2.967
-2.675 -2.664 -2.712 -2.378 -2.378
-5.590 -6.262 -6.441 -6.248 -6.072
-6.100 -6.170 -5.973 -6.016 -6.015
-6.317 -5.121 -5.228 -5.741 -5.740
-6.425 -6.179 -6.014 -6.017 -6.017
-6.453 -6.342 -6.042 -6.045 -5.952
-5.625 -5.641 -5.642 -5.877 -5.690
-6.896 -6.771 -6.832 -6.253 -6.252
-6.198 -6.117 -6.267 -5.740 -5.740
-6.442 -6.267 -5.978 -5.981 -5.981
-6.364 -6.281 -6.362 -5.738 -5.737
-6.086 -6.294 -6.341 -5.717 -5.784
-6.061 -5.981 -6.039 -5.695 -5.821
-6.933 -6.885 -6.068 -6.105 -6.166
-4.261 -4.246 -4.161 -4.149 -4.148
-4.511 -3.237 -4.093 -4.097 -4.097
-4.598 -4.600 -4.324 -4.438 -4.352
-4.180 -4.277 -4.241 -4.674 -4.432
-3.926 -4.335 -5.191 -4.756 -4.575
-4.186 -4.166 -4.196 -3.407 -3.407
-4.386 -4.297 -4.402 -4.671 -4.625
-4.146 -4.254 -4.561 -4.719 -4.683
-6.736 -6.568 -6.077 -6.089 -6.024
-6.348 -6.119 -6.283 -6.017 -6.016
-6.299 -6.228 -5.228 -5.741 -5.741
-5.660 -5.600 -5.780 -6.012 -6.045
-5.070 -4.224 -4.415 -4.476 -4.370
-3.132 -3.203 -2.810 -3.008 -3.008
-6.113 -6.008 -6.392 -5.821 -5.671
-6.379 -5.790 -5.897 -5.909 -5.908
-6.048 -4.976 -6.527 -5.700 -5.846
-6.252 -5.654 -5.791 -5.819 -5.670
-3.204 -3.035 -2.685 -2.696 -2.673
-4.172 -4.221 -4.475 -4.475 -4.366
-3.158 -3.155 -3.243 -3.022 -2.975
-2.830 -2.634 -2.937 -3.165 -2.978
-4.255 -4.026 -4.163 -4.148 -4.148
-4.304 -4.277 -4.160 -4.148 -4.147
-4.502 -4.315 -4.413 -4.476 -4.369
-5.170 -4.413 -4.548 -4.634 -4.595
-3.160 -2.619 -2.823 -3.008 -3.008
-6.391 -6.208 -5.929 -5.932 -5.932
-4.118 -4.645 -4.713 -4.677 -4.431
-2.718 -2.651 -3.154 -3.022 -2.975
-3.201 -3.192 -2.966 -2.967 -2.967
-4.420 -4.112 -4.279 -4.284 -4.283
-3.269 -3.224 -2.957 -2.954 -2.929
-4.453 -4.363 -4.438 -4.293 -4.080
-3.160 -3.010 -2.947 -2.953 -2.929
-9.690 -10.897 -11.086 -11.082 -10.611
-6.691 -6.863 -8.785 -8.775 -8.521
-13.730 -13.748 -13.974 -14.056 -14.055
-16.938 -15.802 -14.650 -14.808 -14.807
-10.908 -11.249 -10.482 -10.487 -10.754
-8.839 -8.895 -8.984 -8.026 -8.026
-7.150 -6.957 -7.772 -7.747 -7.747
-8.802 -7.779 -8.063 -8.274 -8.272
-7.879 -8.161 -11.207 -11.305 -11.207
-6.175 -6.267 -6.112 -6.506 -5.733
-7.669 -8.480 -7.579 -7.575 -7.501
-8.184 -7.221 -6.726 -6.730 -6.729
-14.025 -14.283 -17.988 -18.756 -18.754
-6.022 -5.888 -6.317 -5.821 -5.672
-9.983 -10.938 -13.094 -12.578 -11.535
-6.391 -6.208 -5.929 -5.932 -5.932
-6.422 -6.115 -6.014 -6.016 -6.014
-7.124 -6.383 -6.513 -6.519 -6.687
-6.218 -5.886 -6.359 -5.715 -5.715
-6.346 -5.058 -7.071 -7.062 -6.680
-7.621 -7.717 -7.595 -7.608 -7.441
-7.494 -7.340 -7.723 -7.861 -7.680
-6.846 -6.910 -6.105 -6.251 -6.252
-6.300 -6.047 -5.960 -5.979 -5.979
-7.327 -5.938 -6.000 -6.016 -6.016
-3.180 -3.207 -4.247 -5.984 -5.991
-6.090 -5.026 -5.753 -5.650 -5.469
-7.750 -6.027 -6.354 -5.725 -5.726
-5.662 -5.681 -6.125 -6.084 -6.167
-6.126 -6.344 -6.391 -6.501 -5.728
-6.362 -6.056 -6.432 -6.244 -6.062
-6.145 -6.138 -6.268 -5.724 -5.793
-12.536 -13.331 -13.946 -13.876 -13.878
-13.773 -13.934 -14.424 -14.443 -14.444
-4.276 -4.562 -6.118 -5.809 -5.657
3.472 3.828 -14.315 -16.299 -15.542
-6.448 -6.388 -5.931 -5.934 -5.933
-12.063 -12.891 -12.349 -12.674 -11.993
-11.228 -4.232 -7.543 -7.348 -7.632
-4.536 -4.307 -4.485 -4.477 -4.368
-9.606 -9.600 -12.415 -12.418 -12.119
-4.827 -4.886 -4.591 -4.698 -4.686
-10.616 -10.546 -9.488 -8.525 -8.525
-7.782 -7.149 -7.804 -7.844 -7.011
-7.610 -7.682 -7.842 -7.807 -7.029
-6.912 -6.996 -7.828 -7.805 -7.019
-6.738 -6.616 -6.828 -6.252 -6.251
-19.090 -17.172 -18.685 -18.686 -18.686
-15.540 -16.464 -17.141 -16.967 -16.654
-10.267 -10.562 -13.809 -13.809 -13.808
-5.170 -4.413 -4.548 -4.634 -4.595
-4.186 -4.166 -4.196 -3.407 -3.407
-7.574 -7.562 -7.596 -7.704 -7.586
-5.925 -4.712 -5.709 -5.834 -6.178
-5.977 -5.014 -5.955 -5.710 -5.828
-6.442 -6.393 -6.287 -6.016 -6.015
-8.986 -7.475 -17.473 -17.613 -17.613
-12.952 -15.910 -15.164 -15.071 -15.072
-2.830 -2.634 -2.937 -3.165 -2.978
-2.743 -2.671 -3.179 -3.089 -2.922
-2.485 -2.891 -3.142 -2.976 -2.963
-2.675 -2.664 -2.712 -2.378 -2.378
-7.211 -7.141 -6.998 -7.001 -7.119
-13.716 -13.870 -14.166 -14.171 -14.171
-7.208 -6.623 -7.845 -7.807 -7.033
-6.443 -6.339 -5.948 -6.016 -6.014
-6.069 -5.744 -5.953 -5.900 -5.899
-6.216 -5.169 -5.228 -5.745 -5.745
-6.440 -6.021 -6.056 -6.060 -5.947
-6.308 -6.140 -6.311 -6.345 -6.166
-6.202 -6.288 -6.057 -6.063 -5.951
-4.422 -3.425 -4.086 -4.098 -3.974
-4.271 -4.295 -4.336 -4.146 -4.145
-5.114 -4.295 -4.487 -4.476 -4.366
-4.271 -4.293 -4.331 -4.144 -4.145
-4.447 -4.294 -4.713 -4.754 -4.577
-4.207 -3.395 -3.807 -3.858 -3.857
-4.508 -4.329 -4.428 -4.203 -4.202
-4.773 -3.880 -4.625 -4.756 -4.578
-4.894 -4.379 -4.560 -4.717 -4.680
-4.894 -4.467 -4.605 -4.719 -4.683
-4.892 -4.445 -4.566 -4.717 -4.681
-5.098 -4.381 -4.414 -4.476 -4.369
-4.157 -4.105 -4.196 -3.407 -3.407
-4.454 -4.458 -4.768 -4.058 -4.058
-5.170 -4.515 -5.188 -4.756 -4.576
-4.201 -5.076 -4.398 -4.671 -4.625
-4.603 -3.615 -4.083 -4.084 -3.981
-2.852 -2.727 -3.299 -3.008 -3.008
-2.949 -2.943 -2.983 -3.110 -2.933
-3.237 -3.087 -3.244 -3.022 -2.974
-2.834 -2.875 -3.167 -3.097 -2.927
-3.173 -2.548 -2.956 -2.954 -2.929
-2.980 -2.366 -2.867 -2.967 -2.967
-2.578 -2.544 -2.639 -2.125 -2.125
-4.355 -4.556 -4.302 -4.725 -4.654
-4.193 -4.275 -4.369 -4.230 -4.229
-4.533 -4.553 -4.487 -4.476 -4.366
-3.268 -3.225 -2.823 -3.009 -3.008
-3.238 -2.768 -2.955 -2.953 -2.928
-5.156 -5.158 -4.548 -4.741 -4.589
-2.944 -2.962 -3.219 -2.998 -2.998
-3.105 -3.132 -2.821 -2.966 -2.966
-4.234 -4.276 -4.159 -4.148 -4.148
-2.788 -2.707 -2.707 -3.017 -3.017
-4.597 -4.433 -5.077 -4.537 -4.326
-4.914 -4.332 -4.605 -4.716 -4.680
-2.808 -2.655 -2.957 -2.954 -2.928
-2.112 -2.141 -2.175 -1.633 -1.881
0.042 -0.769 -0.964 -0.463 -0.464
-10.616 -10.546 -9.488 -8.525 -8.525
-15.802 -14.413 -12.723 -12.727 -12.728
-13.693 -13.584 -13.960 -13.965 -13.964
-10.127 -10.000 -10.420 -10.423 -10.423
-17.829 -17.946 -17.346 -17.349 -17.349
-17.160 -17.153 -16.240 -16.245 -16.244
-12.519 -12.659 -12.664 -12.671 -11.990
-6.929 -9.927 -12.375 -12.680 -11.987
-9.829 -9.811 -9.230 -8.947 -8.911
-10.659 -8.159 -9.826 -9.168 -9.124
-5.664 -5.905 -6.242 -5.864 -5.797
-8.363 -7.701 -7.580 -7.585 -7.475
-6.934 -6.930 -7.290 -7.296 -7.294
-8.024 -7.108 -7.298 -6.788 -6.787
-11.154 -9.905 -19.053 -19.054 -17.838
-10.406 -9.850 -10.131 -8.746 -9.223
-6.022 -5.888 -6.317 -5.821 -5.672
-6.391 -6.208 -5.929 -5.932 -5.932
-7.478 -7.478 -6.593 -6.599 -6.598
-6.126 -6.344 -6.391 -6.501 -5.728
-7.176 -7.262 -6.662 -6.670 -6.668
-7.225 -7.228 -7.801 -7.355 -7.513
-6.013 -5.671 -5.908 -5.911 -5.911
-6.866 -6.777 -6.827 -6.252 -6.253
-6.264 -6.248 -6.535 -5.712 -5.834
-6.207 -5.929 -6.040 -6.045 -5.952
-5.567 -6.278 -6.485 -5.907 -5.907
-8.249 -5.759 -5.976 -5.907 -5.907
-6.879 -6.461 -6.071 -6.089 -6.015
-6.006 -5.999 -6.396 -6.114 -5.962
-5.669 -5.721 -5.767 -5.779 -6.031
-6.422 -6.115 -6.014 -6.016 -6.014
1.437 1.373 -14.712 -15.482 -15.341
-6.218 -5.886 -6.359 -5.715 -5.715
-12.646 -12.541 -11.916 -11.919 -11.918
-14.543 -15.507 -18.117 -17.863 -17.863
-4.827 -4.886 -4.591 -4.698 -4.686
-10.431 -9.897 -9.233 -9.156 -9.156
-5.170 -4.413 -4.548 -4.634 -4.595
-14.525 -14.184 -15.726 -15.729 -15.728
-14.878 -14.071 -14.943 -14.946 -14.945
-10.272 -10.189 -13.267 -13.285 -12.785
-4.186 -4.166 -4.196 -3.407 -3.407
-12.320 -12.581 -12.282 -12.306 -12.113
-9.670 -9.477 -9.871 -9.137 -9.067
-3.879 -3.852 -8.895 -9.004 -9.003
-4.597 -4.433 -5.077 -4.537 -4.326
-7.138 -6.499 -7.720 -7.861 -7.685
-7.637 -7.460 -7.845 -7.846 -7.020
-7.502 -7.493 -7.987 -7.588 -7.476
-7.384 -7.331 -8.204 -7.587 -7.478
-6.235 -6.308 -6.063 -6.063 -5.950
-6.281 -6.205 -5.753 -5.662 -5.773
-6.443 -5.906 -5.950 -5.951 -5.950
-6.309 -6.227 -6.290 -5.735 -5.734
-9.970 -9.033 -19.411 -19.427 -17.584
-2.830 -2.634 -2.937 -3.165 -2.978
-2.852 -2.727 -3.299 -3.008 -3.008
-2.743 -2.671 -3.179 -3.089 -2.922
-2.485 -2.891 -3.142 -2.976 -2.963
-2.675 -2.664 -2.712 -2.378 -2.378
-9.446 -7.794 -8.700 -8.737 -8.600
-8.177 -8.129 -8.196 -7.587 -7.477
-6.184 -6.206 -6.152 -5.715 -5.778
-5.843 -5.843 -5.754 -5.702 -5.489
-6.121 -6.046 -6.113 -5.797 -5.553
-5.897 -5.671 -5.736 -6.011 -6.058
-4.723 -4.345 -4.482 -4.476 -4.366
-4.559 -4.335 -5.191 -4.756 -4.573
-4.868 -3.775 -4.713 -4.704 -4.419
-4.131 -3.570 -4.211 -4.472 -4.347
-5.049 -4.917 -4.381 -4.743 -4.592
-4.150 -4.134 -4.035 -4.148 -4.147
-5.102 -4.481 -4.547 -4.743 -4.590
-4.568 -4.545 -4.125 -4.063 -4.063
-5.116 -4.368 -4.525 -4.742 -4.588
-4.410 -4.449 -4.136 -4.080 -4.080
-4.992 -4.487 -4.478 -4.743 -4.589
-3.904 -3.891 -4.138 -4.144 -4.141
-4.174 -4.269 -4.163 -4.149 -4.148
-6.460 -6.364 -6.014 -6.017 -6.016
-6.442 -6.271 -6.016 -6.017 -6.017
-5.628 -5.748 -6.242 -5.768 -5.974
-6.355 -6.189 -6.302 -5.800 -5.799
-3.159 -2.944 -2.821 -3.007 -3.006
-3.109 -3.175 -2.867 -2.967 -2.967
-2.319 -2.243 -2.988 -2.973 -2.833
-2.647 -3.131 -3.125 -3.101 -2.935
-6.350 -6.114 -6.237 -5.821 -5.672
-3.234 -3.216 -3.220 -2.998 -2.997
-13.130 -1.692 -2.034 -1.853 -1.859
-6.424 -6.419 -5.976 -5.905 -5.904
-2.840 -3.044 -3.216 -2.997 -2.997
-6.151 -6.017 -6.427 -6.177 -5.989
-3.145 -3.207 -2.868 -2.967 -2.967
-5.151 -4.655 -4.566 -4.683 -4.423
-6.430 -5.571 -6.254 -5.652 -5.680
-3.262 -3.074 -3.234 -2.950 -2.949
-3.239 -3.218 -3.007 -3.008 -3.007
-4.493 -4.928 -5.011 -4.756 -4.576
-4.569 -3.293 -4.436 -4.436 -4.284
-4.546 -4.275 -4.451 -4.476 -4.369
-2.766 -2.882 -2.922 -2.811 -2.965
-3.121 -3.196 -2.957 -2.954 -2.929
-3.242 -3.237 -3.185 -2.967 -2.967
-1.668 -1.663 -1.877 -1.106 -1.106
-2.645 -2.906 -2.947 -2.846 -2.850
-3.236 -3.172 -2.842 -3.032 -2.973
-4.872 -4.478 -4.748 -4.744 -4.451
-2.874 -2.930 -3.159 -3.099 -2.922
0.082 -0.667 -0.968 -0.464 -0.465
-10.616 -10.546 -9.488 -8.525 -8.525
-6.022 -5.888 -6.317 -5.821 -5.672
-6.391 -6.208 -5.929 -5.932 -5.932
-6.126 -6.344 -6.391 -6.501 -5.728
-5.567 -6.278 -6.485 -5.907 -5.907
-6.422 -6.115 -6.014 -6.016 -6.014
-6.218 -5.886 -6.359 -5.715 -5.715
-11.441 -12.241 -15.042 -13.847 -13.461
-10.407 -10.465 -10.494 -10.506 -10.505
-10.610 -9.701 -9.851 -8.638 -8.638
-5.472 -5.499 -5.637 -5.669 -5.649
-6.802 -6.835 -6.830 -6.252 -6.252
-15.455 -12.851 -13.428 -13.306 -13.305
-11.970 -10.799 -10.911 -10.915 -10.971
-7.045 -7.790 -8.352 -7.807 -7.187
-10.456 -8.120 -9.114 -9.204 -9.028
-9.675 -9.204 -9.381 -9.512 -9.151
-7.125 -7.067 -6.722 -6.728 -6.729
-5.991 -5.744 -6.347 -6.044 -5.951
-5.999 -6.243 -6.439 -5.931 -5.931
-2.632 -6.204 -6.247 -5.499 -5.325
-6.468 -6.218 -5.987 -5.997 -5.997
-12.529 -10.881 -15.174 -15.557 -15.129
-6.039 -6.005 -6.387 -6.151 -5.953
-6.880 -6.878 -6.180 -6.166 -6.166
-6.350 -6.276 -5.929 -5.932 -5.933
-5.666 -5.677 -5.778 -5.779 -6.034
-6.189 -6.021 -6.269 -5.721 -5.789
-6.037 -6.233 -6.430 -6.302 -6.103
-5.960 -4.951 -5.797 -5.727 -5.945
-6.347 -6.320 -5.946 -5.949 -5.948
-5.582 -5.700 -6.136 -6.270 -5.993
-6.110 -5.894 -5.930 -5.934 -5.932
-5.938 -6.053 -6.417 -6.266 -6.075
-5.730 -5.751 -5.803 -5.832 -5.990
-13.259 -15.705 -17.831 -17.910 -17.910
-16.263 -16.141 -16.779 -16.783 -15.438
-4.827 -4.886 -4.591 -4.698 -4.686
-5.170 -4.413 -4.548 -4.634 -4.595
-4.186 -4.166 -4.196 -3.407 -3.407
-16.960 -17.610 -20.144 -18.295 -18.294
-16.390 -17.049 -17.344 -14.539 -14.538
-16.888 -15.773 -14.436 -14.441 -14.777
-14.191 -14.017 -13.690 -13.461 -13.354
-12.440 -12.321 -12.542 -12.547 -12.192
-8.612 -9.695 -9.067 -9.091 -8.861
-10.518 -10.490 -10.652 -10.263 -9.458
-9.597 -8.756 -9.502 -9.511 -9.146
-6.689 -6.602 -6.074 -6.089 -6.017
-6.331 -6.241 -6.044 -6.063 -5.950
-6.866 -6.843 -6.106 -6.253 -6.252
-2.830 -2.634 -2.937 -3.165 -2.978
-2.852 -2.727 -3.299 -3.008 -3.008
-6.434 -6.385 -6.272 -5.968 -5.967
-6.396 -6.335 -6.332 -6.045 -5.952
-6.373 -5.807 -6.059 -6.060 -5.955
-6.062 -6.044 -6.282 -6.288 -6.093
-2.743 -2.671 -3.179 -3.089 -2.922
-2.485 -2.891 -3.142 -2.976 -2.963
-2.675 -2.664 -2.712 -2.378 -2.378
-4.526 -3.778 -4.077 -4.083 -4.176
-6.342 -6.321 -5.230 -5.747 -5.746
-6.266 -6.215 -5.961 -5.710 -5.829
-6.264 -6.115 -6.287 -5.761 -5.999
-4.380 -4.427 -4.321 -4.438 -4.352
-4.286 -4.252 -4.063 -3.981 -3.977
-4.608 -4.466 -4.194 -4.198 -4.197
-4.300 -4.001 -4.340 -4.365 -4.191
-4.149 -3.810 -3.991 -4.073 -4.083
-2.683 -2.748 -3.040 -3.095 -2.934
-2.938 -2.775 -3.098 -3.101 -2.920
-4.917 -4.504 -4.544 -4.717 -4.681
-4.575 -4.508 -4.410 -4.293 -4.087
-4.522 -4.040 -4.084 -4.087 -4.185
-4.515 -4.226 -4.319 -4.437 -4.351
-5.007 -4.804 -4.371 -4.730 -4.484
-3.016 -2.726 -3.088 -3.032 -2.975
-4.530 -4.666 -4.845 -4.755 -4.576
-4.090 -4.124 -4.125 -4.674 -4.673
-2.964 -2.689 -2.873 -3.278 -2.969
-3.069 -2.709 -3.087 -2.954 -2.926
-2.601 -2.924 -2.970 -2.832 -2.782
-2.357 -2.331 -2.381 -2.888 -2.718
-3.034 -2.770 -2.809 -2.859 -2.945
-2.864 -2.751 -2.864 -2.805 -2.912
-3.173 -3.026 -3.221 -2.564 -2.909
-3.269 -2.746 -2.967 -2.967 -2.967
-3.204 -3.058 -2.956 -2.954 -2.929
-4.214 -3.490 -5.015 -4.756 -4.577
-3.164 -2.474 -2.867 -2.967 -2.967
-2.774 -2.589 -2.772 -3.026 -3.026
-4.672 -4.704 -5.193 -4.756 -4.576
-3.223 -2.773 -2.864 -2.966 -2.966
-4.620 -4.451 -4.515 -4.198 -4.198
-4.533 -4.206 -4.363 -4.364 -4.189
-3.237 -3.240 -2.955 -2.954 -2.928
-2.815 -2.327 -2.773 -2.761 -2.718
-5.007 -4.617 -5.072 -4.744 -4.454
-4.587 -4.138 -4.319 -4.437 -4.352
-2.890 -2.899 -3.189 -3.101 -2.931
-1.760 -1.426 -1.650 -1.545 -1.476
-3.232 -3.145 -2.854 -3.031 -2.975
-4.759 -3.997 -4.621 -4.756 -4.575
-4.572 -4.609 -4.424 -3.938 -3.938
-2.640 -2.591 -3.291 -3.098 -2.928
-5.133 -4.518 -4.623 -4.756 -4.574
-10.616 -10.546 -9.488 -8.525 -8.525
-7.889 -8.587 -11.742 -13.053 -13.053
-11.940 -11.908 -12.003 -12.004 -11.665
-11.045 -11.059 -11.119 -9.975 -9.973
-7.466 -7.209 -7.667 -7.696 -7.336
-6.100 -6.103 -6.436 -6.181 -6.013
-6.257 -5.245 -5.364 -5.498 -5.326
-9.418 -8.668 -9.412 -9.403 -9.402
-9.173 -9.418 -8.805 -8.766 -8.131
-8.510 -8.531 -9.316 -9.046 -8.764
-7.214 -6.780 -7.420 -7.492 -6.854
-6.247 -6.380 -6.041 -6.045 -5.951
-6.022 -5.888 -6.317 -5.821 -5.672
-6.722 -6.713 -6.193 -6.252 -6.252
-6.802 -6.835 -6.830 -6.252 -6.252
-6.111 -5.600 -5.758 -6.013 -6.059
-5.356 -5.363 -6.595 -6.291 -6.094
-6.107 -6.110 -6.154 -5.702 -5.823
-5.535 -4.270 -6.061 -6.062 -5.949
-6.190 -6.145 -6.967 -6.046 -6.217
-4.271 -5.703 -6.962 -6.073 -6.133
-6.289 -5.971 -6.283 -6.016 -6.015
-4.504 -5.217 -6.420 -6.291 -6.113
-0.868 -0.424 -5.053 -5.542 -5.457
-5.699 -5.730 -6.160 -5.633 -5.676
-6.437 -6.385 -6.219 -5.933 -5.932
-6.885 -6.755 -6.827 -5.718 -5.701
-6.903 -6.900 -6.830 -6.253 -6.252
-6.455 -6.341 -6.276 -6.044 -5.948
-6.893 -6.491 -6.831 -6.252 -6.252
-6.163 -5.853 -6.393 -6.506 -5.734
-6.323 -6.220 -5.942 -5.949 -5.948
-6.382 -6.245 -6.339 -6.016 -6.016
-6.459 -6.382 -5.959 -5.964 -5.964
-5.836 -5.829 -5.818 -5.856 -5.855
-15.799 -14.698 -14.873 -14.854 -14.854
-9.982 -10.567 -14.621 -14.623 -14.622
-6.391 -6.208 -5.929 -5.932 -5.932
-6.126 -6.344 -6.391 -6.501 -5.728
-5.567 -6.278 -6.485 -5.907 -5.907
-6.422 -6.115 -6.014 -6.016 -6.014
-6.218 -5.886 -6.359 -5.715 -5.715
-5.582 -5.700 -6.136 -6.270 -5.993
-17.992 -18.022 -18.466 -16.399 -16.398
-4.186 -4.166 -4.196 -3.407 -3.407
-9.061 -7.685 -8.314 -9.098 -9.098
-6.522 -6.736 -6.813 -6.244 -6.244
-6.144 -5.818 -6.335 -5.912 -5.911
-8.720 -9.162 -15.551 -14.377 -13.447
-13.256 -13.346 -13.443 -13.448 -12.439
-8.592 -8.504 -9.016 -9.091 -9.091
-9.206 -7.853 -8.489 -7.923 -7.998
-6.473 -6.428 -5.974 -5.908 -5.907
-16.049 -18.403 -17.393 -17.396 -17.601
-4.241 -3.824 -14.375 -16.126 -15.605
9.771 10.795 -6.412 -6.657 -6.658
-9.435 -9.100 -8.867 -8.958 -8.930
-6.602 -6.024 -5.976 -5.908 -5.907
-8.653 -7.628 -7.436 -7.578 -7.504
-6.143 -6.148 -6.337 -5.719 -5.786
-2.964 -2.689 -2.873 -3.278 -2.969
-2.830 -2.634 -2.937 -3.165 -2.978
-2.485 -2.891 -3.142 -2.976 -2.963
-2.675 -2.664 -2.712 -2.378 -2.378
-1.760 -1.426 -1.650 -1.545 -1.476
-6.274 -6.106 -5.952 -5.959 -5.958
-5.677 -5.849 -6.295 -5.748 -5.996
-6.306 -6.385 -6.831 -6.253 -6.252
-4.005 -4.269 -4.162 -4.148 -4.148
-5.030 -4.396 -4.398 -4.671 -4.624
-7.317 -5.997 -6.283 -5.996 -5.995
-4.378 -3.953 -4.254 -4.487 -4.335
-4.437 -4.216 -4.474 -4.477 -4.367
-4.186 -4.181 -4.438 -4.292 -4.073
-4.223 -4.146 -3.846 -4.147 -4.146
-4.037 -4.253 -4.162 -4.148 -4.148
-5.147 -4.456 -4.543 -4.632 -4.594
-5.122 -4.955 -4.548 -4.743 -4.588
-4.190 -4.181 -3.849 -4.149 -4.147
-5.148 -5.009 -4.393 -4.693 -4.603
-5.009 -4.845 -4.035 -4.742 -4.451
-5.085 -3.921 -4.391 -4.192 -4.057
-5.170 -4.366 -4.483 -4.475 -4.366
-4.467 -4.208 -4.321 -4.437 -4.351
-3.261 -2.354 -2.712 -3.029 -2.974
-4.836 -4.231 -4.259 -4.756 -4.576
-5.159 -4.333 -4.417 -4.700 -4.602
-4.823 -4.802 -4.723 -4.727 -4.447
-4.307 -4.159 -4.202 -4.054 -4.084
-2.135 -1.942 -3.193 -2.732 -2.681
-3.188 -3.124 -3.254 -2.966 -2.965
-2.919 -2.912 -2.919 -2.936 -2.888
-3.047 -3.151 -2.687 -2.697 -2.659
-3.244 -3.152 -2.872 -2.967 -2.967
-3.167 -2.933 -2.955 -2.954 -2.929
-3.244 -3.195 -2.828 -3.031 -2.975
-2.963 -2.893 -3.109 -2.946 -2.950
-4.490 -4.157 -4.345 -4.366 -4.186
-4.877 -4.762 -4.562 -4.718 -4.680
-4.890 -4.419 -4.605 -4.719 -4.682
-3.263 -3.208 -2.865 -2.966 -2.966
-4.415 -4.206 -4.583 -4.634 -4.593
-3.167 -2.465 -2.964 -2.824 -2.948
-3.186 -3.227 -2.803 -3.008 -3.007
-2.753 -2.477 -3.117 -3.104 -2.932
-5.039 -4.050 -4.283 -4.535 -4.470
-2.763 -2.736 -2.831 -3.164 -2.977
-4.715 -4.174 -4.526 -4.535 -4.470
-3.271 -2.951 -2.865 -2.967 -2.967
-4.303 -4.296 -4.162 -4.149 -4.148
-3.368 -2.558 -3.216 -3.008 -3.008
-2.857 -2.843 -2.954 -2.935 -2.891
-10.616 -10.546 -9.488 -8.525 -8.525
-8.653 -7.628 -7.436 -7.578 -7.504
-14.928 -14.765 -14.892 -14.893 -14.892
-13.071 -13.222 -13.456 -13.459 -12.450
-10.853 -10.891 -11.327 -11.328 -11.327
-5.627 -8.321 -12.766 -12.767 -12.142
-7.503 -10.341 -12.710 -12.721 -12.381
-12.467 -12.223 -12.658 -12.720 -12.366
-9.189 -9.513 -9.733 -9.158 -9.158
-9.895 -8.545 -9.508 -9.511 -9.148
-7.324 -6.477 -6.620 -7.437 -7.368
-7.196 -7.280 -6.724 -6.730 -6.729
-8.645 -7.519 -7.575 -7.577 -7.503
-8.654 -8.519 -7.585 -7.578 -7.504
-5.666 -5.549 -6.003 -6.089 -6.015
-6.741 -6.533 -6.199 -6.253 -6.252
-6.199 -5.628 -6.054 -6.060 -5.949
-16.751 -16.725 -18.802 -16.572 -16.924
-18.646 -19.324 -18.747 -17.078 -17.077
-16.207 -16.370 -16.440 -16.445 -16.444
-13.416 -14.387 -14.625 -14.630 -14.189
-6.975 -6.828 -7.042 -7.051 -6.875
-6.022 -5.888 -6.317 -5.821 -5.672
-6.802 -6.835 -6.830 -6.252 -6.252
-6.391 -6.208 -5.929 -5.932 -5.932
-6.126 -6.344 -6.391 -6.501 -5.728
-6.422 -6.115 -6.014 -6.016 -6.014
-6.218 -5.886 -6.359 -5.715 -5.715
-4.271 -5.703 -6.962 -6.073 -6.133
-5.884 -6.219 -5.956 -5.704 -5.820
-6.304 -5.483 -6.395 -6.123 -5.977
-6.752 -5.977 -6.105 -6.252 -6.251
-6.188 -6.029 -6.009 -6.016 -6.015
-6.735 -6.752 -6.827 -6.252 -6.251
-6.047 -5.443 -6.419 -6.301 -6.105
-5.910 -5.204 -5.762 -6.014 -6.060
-4.283 -5.215 -6.075 -6.246 -6.246
-5.071 -4.090 -6.343 -6.063 -5.950
-6.013 -5.012 -5.792 -5.749 -5.997
-6.432 -6.311 -6.042 -6.043 -5.950
-8.926 -8.742 -9.293 -8.681 -8.543
-5.668 -5.612 -6.232 -5.677 -5.591
-16.583 -16.828 -18.393 -18.412 -18.412
-14.743 -14.643 -18.893 -18.894 -18.893
-10.633 -9.436 -9.832 -8.020 -8.477
-13.282 -17.728 -17.906 -17.160 -17.753
-14.923 -14.736 -14.922 -14.923 -14.922
-10.794 -9.000 -8.291 -8.292 -8.541
-9.720 -9.650 -9.424 -9.357 -9.356
-6.880 -6.021 -6.829 -6.252 -6.253
-6.239 -6.234 -6.179 -5.698 -5.812
-6.425 -6.194 -6.222 -5.902 -5.901
-5.633 -5.536 -5.862 -5.957 -5.957
-6.159 -6.164 -6.391 -5.820 -5.672
-16.284 -16.168 -15.243 -15.251 -15.251
-21.298 -19.078 -19.000 -17.054 -17.053
-2.964 -2.689 -2.873 -3.278 -2.969
-2.830 -2.634 -2.937 -3.165 -2.978
-3.167 -2.465 -2.964 -2.824 -2.948
-2.485 -2.891 -3.142 -2.976 -2.963
-2.675 -2.664 -2.712 -2.378 -2.378
-1.760 -1.426 -1.650 -1.545 -1.476
-10.541 -8.398 -9.850 -8.456 -8.455
-11.270 -10.708 -11.391 -11.962 -11.960
-6.861 -6.909 -6.071 -6.088 -6.018
-6.152 -5.881 -6.350 -6.354 -6.180
-6.078 -5.374 -6.260 -5.960 -5.959
-6.789 -6.715 -6.088 -6.089 -6.022
-6.973 -5.967 -6.097 -6.250 -6.250
-6.198 -6.053 -6.391 -6.108 -5.961
-4.513 -4.298 -4.310 -4.395 -4.375
-4.811 -4.871 -4.693 -4.697 -4.417
-4.252 -4.185 -4.157 -4.146 -4.144
-4.912 -4.916 -5.190 -4.756 -4.575
-4.573 -3.594 -4.362 -4.380 -4.379
-4.248 -4.239 -3.829 -4.145 -4.145
-4.181 -3.996 -4.882 -4.528 -4.527
-4.199 -4.691 -4.729 -4.296 -4.295
-4.151 -4.101 -3.783 -4.143 -4.142
-4.603 -4.047 -4.292 -4.292 -4.082
-4.522 -4.210 -4.358 -4.364 -4.191
-5.170 -4.306 -4.362 -4.364 -4.189
-3.174 -3.215 -2.827 -2.967 -2.966
-2.816 -3.179 -2.950 -2.954 -2.925
-3.158 -3.188 -3.243 -3.022 -2.975
-5.091 -4.239 -4.364 -4.365 -4.184
-5.122 -4.076 -4.503 -4.756 -4.577
-4.778 -4.669 -4.728 -4.695 -4.411
-2.868 -2.823 -2.919 -3.016 -2.841
-1.419 -2.564 -2.806 -2.810 -2.640
-5.858 -5.568 -5.727 -5.984 -5.914
-2.903 -2.667 -2.888 -3.104 -2.931
-6.630 -5.928 -5.653 -5.654 -5.653
-3.262 -3.203 -2.816 -2.970 -2.970
-2.903 -3.139 -3.099 -3.102 -2.943
-4.494 -3.967 -4.318 -4.437 -4.351
-4.978 -5.124 -4.406 -4.675 -4.678
-5.146 -4.379 -4.447 -4.474 -4.367
-3.264 -3.196 -2.825 -3.008 -3.009
-3.268 -3.214 -3.244 -3.022 -2.973
-3.267 -2.998 -2.817 -2.968 -2.967
-3.127 -3.009 -3.224 -2.565 -2.910
-3.149 -3.117 -2.870 -2.967 -2.967
-2.882 -2.828 -3.097 -3.102 -2.913
-2.871 -2.782 -2.897 -3.099 -2.937
-5.136 -4.277 -4.394 -4.654 -4.650
-2.880 -2.672 -3.101 -3.142 -2.880
-3.186 -2.445 -2.846 -2.991 -2.990
-2.815 -2.890 -3.123 -3.106 -2.917
-10.616 -10.546 -9.488 -8.525 -8.525
-8.653 -7.628 -7.436 -7.578 -7.504
-6.022 -5.888 -6.317 -5.821 -5.672
-6.391 -6.208 -5.929 -5.932 -5.932
-6.126 -6.344 -6.391 -6.501 -5.728
-6.422 -6.115 -6.014 -6.016 -6.014
-6.218 -5.886 -6.359 -5.715 -5.715
-4.271 -5.703 -6.962 -6.073 -6.133
-14.925 -14.955 -15.414 -15.056 -14.508
-4.525 -4.175 -12.495 -12.708 -12.056
-12.139 -12.326 -12.417 -12.420 -12.038
-9.566 -8.985 -9.067 -9.070 -8.941
-9.825 -8.186 -9.505 -9.142 -9.041
-8.510 -8.459 -8.825 -8.808 -8.806
-8.157 -7.964 -7.625 -7.258 -7.610
-8.225 -7.202 -7.243 -6.725 -6.724
-7.531 -6.304 -7.561 -7.361 -7.361
-7.582 -7.487 -7.589 -7.596 -7.356
-4.650 -4.812 -5.317 -5.498 -5.540
-6.265 -5.519 -6.392 -6.311 -6.112
-6.121 -6.222 -5.361 -5.500 -5.328
-6.205 -5.416 -6.256 -6.149 -5.994
-6.115 -5.062 -6.103 -5.959 -5.959
-6.431 -6.442 -5.975 -5.907 -5.906
-6.924 -6.736 -6.831 -6.252 -6.252
-4.886 -5.146 -4.924 -4.923 -4.923
-6.184 -6.189 -5.815 -5.816 -5.667
-6.088 -6.024 -6.347 -6.378 -6.089
-6.169 -6.165 -6.393 -5.820 -5.670
-6.043 -5.987 -6.291 -6.106 -5.887
-6.260 -5.907 -6.012 -6.016 -6.017
-6.095 -6.025 -6.352 -6.065 -6.064
-6.367 -6.303 -6.176 -5.696 -5.819
-5.768 -6.044 -6.322 -6.044 -5.951
-6.210 -6.453 -6.234 -5.906 -5.906
-4.664 -4.262 -4.417 -4.476 -4.374
-4.630 -4.484 -4.117 -4.141 -4.140
-17.098 -16.939 -16.175 -16.179 -16.177
-7.569 -5.138 -12.058 -12.489 -11.495
-18.005 -19.750 -18.658 -19.055 -17.807
-7.162 -7.083 -7.809 -7.994 -7.994
-9.751 -9.263 -9.148 -9.401 -9.400
-7.690 -7.619 -7.442 -6.853 -6.938
-6.222 -6.222 -5.950 -5.951 -5.950
-6.915 -6.917 -6.077 -6.102 -6.167
-6.397 -6.319 -6.043 -6.043 -5.950
-16.738 -16.402 -19.444 -18.351 -18.351
-10.633 -6.939 -18.160 -18.650 -18.651
-6.181 -6.241 -5.700 -5.704 -5.801
-6.166 -6.197 -6.259 -5.719 -5.787
-6.913 -6.531 -6.904 -6.108 -6.175
-13.099 -13.300 -20.349 -18.056 -18.056
-2.964 -2.689 -2.873 -3.278 -2.969
-3.262 -3.203 -2.816 -2.970 -2.970
-1.419 -2.564 -2.806 -2.810 -2.640
-10.289 -10.830 -12.836 -12.892 -12.891
-2.830 -2.634 -2.937 -3.165 -2.978
-3.167 -2.465 -2.964 -2.824 -2.948
-8.594 -8.391 -8.538 -8.979 -8.395
-7.008 -6.684 -7.456 -7.420 -6.791
-6.266 -4.889 -6.528 -5.415 -5.663
-2.485 -2.891 -3.142 -2.976 -2.963
-1.760 -1.426 -1.650 -1.545 -1.476
-5.654 -5.687 -6.212 -5.719 -6.060
-4.543 -4.479 -4.300 -4.441 -4.441
-4.354 -4.104 -4.327 -4.229 -4.228
-5.088 -4.455 -4.547 -4.756 -4.576
-5.071 -4.490 -4.548 -4.756 -4.574
-4.441 -3.716 -5.186 -4.756 -4.576
-4.404 -4.275 -4.433 -4.437 -4.350
-5.078 -4.523 -4.479 -4.756 -4.578
-4.160 -4.192 -3.836 -4.148 -4.147
-4.909 -4.822 -4.566 -4.717 -4.680
-4.902 -4.529 -4.565 -4.718 -4.685
-4.529 -4.212 -4.360 -4.379 -4.376
-5.145 -4.247 -4.400 -4.670 -4.630
-5.038 -5.041 -4.549 -4.730 -4.483
-5.159 -4.336 -4.329 -4.387 -4.274
-2.886 -3.008 -2.861 -2.790 -2.921
-3.175 -3.099 -2.865 -2.967 -2.967
-2.802 -2.762 -2.879 -2.833 -2.830
-3.266 -3.239 -2.962 -2.954 -2.928
-2.892 -2.846 -2.951 -3.153 -2.988
-2.963 -3.076 -3.157 -2.998 -2.998
-3.151 -2.479 -2.955 -2.954 -2.932
-4.478 -4.674 -4.714 -4.756 -4.574
-2.778 -2.722 -2.796 -2.965 -2.956
-2.810 -2.756 -2.792 -3.031 -2.974
-4.435 -4.071 -4.469 -4.476 -4.367
-2.951 -2.776 -2.972 -3.111 -2.934
-4.545 -4.337 -4.356 -4.365 -4.190
-0.236 -0.233 -1.601 -2.087 -1.724
-3.184 -3.176 -3.001 -3.007 -3.007
-3.013 -3.187 -2.865 -2.967 -2.967
-3.264 -3.123 -3.254 -2.967 -2.966
-2.690 -2.648 -3.220 -2.999 -2.998
-3.360 -2.725 -2.888 -2.826 -2.979
-2.778 -2.593 -2.774 -3.007 -3.006
-2.765 -2.772 -3.139 -3.021 -2.974
-4.176 -3.502 -4.256 -4.485 -4.332
-5.038 -3.922 -4.002 -4.705 -4.438
-2.838 -2.677 -2.935 -3.101 -2.926
-5.098 -4.485 -4.487 -4.476 -4.366
-2.897 -2.755 -3.101 -3.105 -2.929
-3.207 -3.080 -2.683 -2.689 -2.816
-3.068 -2.656 -2.726 -3.017 -3.017
-1.343 -1.456 -1.545 -1.547 -1.474
-6.022 -5.888 -6.317 -5.821 -5.672
-6.431 -6.442 -5.975 -5.907 -5.906
-6.924 -6.736 -6.831 -6.252 -6.252
-6.391 -6.208 -5.929 -5.932 -5.932
-6.126 -6.344 -6.391 -6.501 -5.728
-6.422 -6.115 -6.014 -6.016 -6.014
-6.218 -5.886 -6.359 -5.715 -5.715
-11.972 -11.893 -12.010 -12.014 -11.653
-9.958 -10.362 -10.432 -10.459 -9.254
-4.874 -7.067 -8.316 -7.694 -7.694
-9.911 -9.473 -8.365 -9.075 -9.075
-9.718 -9.570 -9.140 -9.143 -9.052
-9.774 -8.979 -9.141 -9.144 -9.051
-7.434 -7.230 -8.204 -7.413 -7.248
-6.744 -6.489 -6.197 -6.247 -6.247
-6.007 -5.511 -6.276 -5.680 -5.833
-6.539 -6.816 -6.190 -6.250 -6.249
-6.110 -6.105 -6.303 -6.042 -5.948
-6.213 -6.235 -6.092 -6.044 -5.949
-6.515 -6.440 -6.231 -5.961 -5.960
-5.123 -5.241 -6.313 -5.922 -5.921
-6.190 -6.200 -6.267 -5.720 -5.790
-6.166 -6.285 -6.391 -5.817 -5.673
-6.478 -6.242 -6.487 -5.907 -5.907
-6.378 -6.128 -6.177 -5.696 -5.816
-6.475 -6.413 -5.971 -5.907 -5.906
-6.159 -6.040 -6.270 -5.722 -5.791
-6.881 -6.010 -6.185 -6.168 -6.168
-6.357 -6.346 -6.004 -6.017 -6.017
-6.451 -5.822 -6.013 -6.017 -6.017
-6.302 -6.230 -5.988 -6.016 -6.015
-10.521 -10.796 -17.245 -17.555 -17.555
-14.462 -15.657 -14.539 -14.707 -14.707
-11.080 -11.391 -11.668 -11.673 -11.673
-12.207 -12.322 -12.782 -11.213 -11.708
-6.118 -5.946 -6.144 -6.310 -6.110
-6.966 -6.865 -6.108 -6.252 -6.252
-5.768 -5.833 -6.059 -6.062 -5.949
-6.135 -6.168 -5.704 -5.710 -5.818
-5.210 -5.391 -5.292 -5.295 -5.517
-4.176 -3.502 -4.256 -4.485 -4.332
-4.578 -4.487 -4.627 -4.096 -4.097
2.759 -2.890 -16.325 -16.546 -16.129
1.931 3.265 -16.720 -16.971 -16.970
-8.652 -7.714 -7.571 -7.575 -7.501
-5.898 -5.385 -5.758 -6.013 -6.059
-6.104 -5.469 -5.663 -6.018 -6.042
-6.354 -5.169 -5.224 -5.749 -5.749
4.215 5.206 -16.958 -17.705 -17.702
-9.076 -9.016 -10.371 -10.372 -9.213
-9.679 -9.493 -9.725 -9.001 -9.001
-7.596 -7.907 -7.981 -7.939 -7.817
-7.416 -6.598 -6.633 -6.638 -6.638
-6.896 -6.508 -6.828 -6.252 -6.252
-4.465 -4.263 -4.345 -4.365 -4.187
-2.964 -2.689 -2.873 -3.278 -2.969
-3.262 -3.203 -2.816 -2.970 -2.970
-2.897 -2.755 -3.101 -3.105 -2.929
-1.419 -2.564 -2.806 -2.810 -2.640
-2.830 -2.634 -2.937 -3.165 -2.978
-3.167 -2.465 -2.964 -2.824 -2.948
-2.485 -2.891 -3.142 -2.976 -2.963
-9.870 -9.546 -9.963 -8.622 -8.621
-6.252 -6.168 -6.145 -5.951 -5.951
-6.885 -6.536 -6.104 -6.252 -6.251
-5.180 -4.335 -4.484 -4.476 -4.366
-4.081 -4.063 -4.361 -3.911 -3.806
-2.847 -2.758 -2.816 -3.100 -2.937
-4.506 -4.305 -4.399 -4.671 -4.624
-5.084 -4.397 -4.419 -4.756 -4.579
-4.504 -3.774 -4.887 -4.756 -4.573
-4.434 -4.339 -4.317 -4.437 -4.352
-5.121 -4.409 -5.191 -4.756 -4.575
-4.473 -4.580 -4.532 -4.718 -4.684
-5.105 -4.093 -4.506 -4.756 -4.578
-4.235 -4.267 -4.311 -4.145 -4.144
-4.634 -4.363 -4.435 -4.438 -4.352
-4.505 -4.456 -4.391 -4.740 -4.585
-4.552 -4.230 -4.478 -4.666 -4.650
-5.142 -4.396 -4.621 -4.675 -4.601
-4.894 -4.492 -4.594 -4.717 -4.681
-5.170 -4.361 -4.403 -4.671 -4.625
-2.780 -2.694 -2.794 -3.154 -2.973
-2.890 -2.883 -2.782 -3.088 -2.918
-5.172 -4.467 -4.624 -4.743 -4.588
-3.178 -3.195 -2.866 -2.967 -2.967
-2.855 -2.746 -3.086 -3.092 -2.913
-3.169 -2.569 -2.867 -2.967 -2.967
-2.898 -2.828 -2.917 -3.106 -2.918
-2.792 -2.712 -3.214 -2.983 -2.983
-4.462 -4.145 -4.435 -4.738 -4.440
-3.018 -3.189 -2.870 -2.967 -2.967
-1.637 -2.236 -3.123 -3.101 -2.915
-2.880 -2.490 -3.245 -3.022 -2.975
-4.437 -4.132 -4.521 -4.510 -4.472
-4.010 -4.937 -4.253 -4.700 -4.458
-2.906 -2.862 -3.104 -3.106 -2.918
-4.558 -3.907 -4.167 -4.436 -4.283
-4.482 -4.221 -4.397 -4.670 -4.624
-3.265 -3.209 -3.242 -3.032 -2.976
-5.011 -4.369 -4.397 -4.412 -4.440
-2.829 -2.648 -3.221 -2.564 -2.911
-5.175 -4.371 -4.404 -4.670 -4.670
-2.847 -2.953 -3.093 -3.095 -2.931
-3.179 -3.081 -2.917 -2.958 -2.957
-5.148 -4.333 -4.550 -4.634 -4.596
-3.353 -2.759 -2.898 -3.098 -2.938
-6.744 -6.489 -6.197 -6.247 -6.247
-6.022 -5.888 -6.317 -5.821 -5.672
-6.431 -6.442 -5.975 -5.907 -5.906
-6.126 -6.344 -6.391 -6.501 -5.728
-6.422 -6.115 -6.014 -6.016 -6.014
-6.218 -5.886 -6.359 -5.715 -5.715
-9.695 -9.717 -9.112 -9.395 -9.395
-9.695 -9.295 -9.776 -9.402 -9.400
-6.116 -5.933 -6.060 -6.060 -5.948
-5.728 -5.498 -7.712 -7.772 -7.628
-9.701 -9.592 -9.142 -9.144 -9.049
-9.992 -9.999 -9.150 -9.332 -9.331
-8.424 -8.440 -7.574 -7.576 -7.503
-6.868 -6.757 -6.826 -6.252 -6.251
-6.393 -5.484 -6.396 -6.162 -5.942
-6.468 -6.357 -5.973 -5.907 -5.907
-8.446 -8.249 -11.413 -11.225 -11.227
-7.543 -6.439 -18.672 -18.731 -17.832
-19.496 -19.708 -19.005 -19.036 -17.672
-6.119 -5.732 -6.335 -6.063 -5.949
-6.813 -6.856 -6.081 -6.081 -5.998
-6.187 -6.055 -6.210 -5.798 -5.798
-6.567 -5.870 -6.224 -5.960 -5.960
-6.450 -6.336 -6.383 -5.980 -5.980
-6.150 -6.116 -6.276 -5.722 -5.790
-6.948 -6.862 -6.080 -6.090 -6.028
-6.974 -6.918 -6.061 -6.249 -6.248
-6.298 -6.179 -6.014 -6.015 -6.015
-6.408 -5.567 -5.697 -5.969 -5.907
-4.551 -4.092 -4.488 -4.476 -4.366
-5.151 -5.012 -4.396 -4.669 -4.646
-4.539 -3.539 -4.320 -4.437 -4.352
-6.141 -6.009 -6.392 -6.506 -5.735
-4.176 -3.502 -4.256 -4.485 -4.332
-6.973 -6.857 -6.077 -6.068 -6.088
-4.698 -4.149 -4.364 -4.187 -4.056
-17.015 -17.131 -18.604 -18.605 -18.605
-14.764 -14.822 -16.451 -16.494 -15.474
-7.796 -7.208 -7.605 -7.588 -7.421
-8.647 -8.502 -7.476 -7.587 -7.476
-7.446 -6.615 -7.124 -7.679 -7.679
-5.866 -6.053 -5.673 -5.677 -5.600
-6.867 -6.776 -6.079 -6.109 -6.121
-6.416 -6.212 -6.266 -5.963 -5.962
-9.419 -9.098 -13.175 -13.468 -12.463
-6.852 -6.898 -6.078 -6.089 -6.016
-6.185 -6.327 -6.389 -6.506 -5.735
-6.266 -6.069 -6.424 -6.265 -6.082
-7.154 -7.004 -14.234 -13.348 -13.348
-2.964 -2.689 -2.873 -3.278 -2.969
-3.262 -3.203 -2.816 -2.970 -2.970
-2.897 -2.755 -3.101 -3.105 -2.929
-3.018 -3.189 -2.870 -2.967 -2.967
-1.419 -2.564 -2.806 -2.810 -2.640
-2.830 -2.634 -2.937 -3.165 -2.978
-3.167 -2.465 -2.964 -2.824 -2.948
-2.485 -2.891 -3.142 -2.976 -2.963
-10.282 -10.417 -9.650 -9.150 -9.150
-9.505 -9.611 -9.139 -9.144 -9.048
-9.611 -8.825 -9.508 -9.145 -9.062
-7.324 -6.475 -7.498 -7.503 -6.869
-6.283 -5.177 -5.474 -6.286 -6.145
-4.211 -3.927 -3.850 -4.146 -4.145
-4.646 -4.437 -4.520 -4.198 -4.198
-4.425 -4.413 -4.403 -4.671 -4.625
-5.067 -4.360 -4.389 -4.412 -4.436
-4.207 -4.115 -3.828 -4.149 -4.147
-5.126 -4.838 -4.581 -4.743 -4.591
-4.061 -3.719 -4.426 -4.672 -4.599
-4.469 -3.461 -4.622 -4.692 -4.603
-4.425 -4.436 -4.473 -4.477 -4.369
-4.533 -4.102 -4.360 -4.364 -4.191
-4.559 -4.625 -4.108 -4.142 -4.142
-5.141 -4.431 -4.454 -4.476 -4.369
-1.264 -1.399 -2.386 -2.277 -2.294
-4.538 -4.263 -4.363 -4.363 -4.190
-5.140 -4.308 -4.397 -4.412 -4.443
-5.140 -4.322 -4.415 -4.476 -4.369
-2.907 -2.724 -3.170 -3.226 -2.898
-3.190 -2.545 -2.801 -2.967 -2.966
-2.879 -2.834 -2.908 -3.011 -2.845
-2.745 -2.627 -2.922 -3.103 -2.940
-2.899 -2.861 -2.956 -2.936 -2.883
-2.899 -2.701 -3.143 -3.098 -2.953
-2.895 -2.614 -3.059 -3.060 -2.800
-4.593 -3.135 -4.513 -4.198 -4.197
-4.185 -3.652 -4.581 -4.577 -4.494
-5.059 -4.313 -4.484 -4.671 -4.627
-2.899 -2.713 -2.733 -3.226 -2.898
-3.157 -3.187 -2.560 -2.560 -2.939
-4.555 -3.620 -4.436 -4.437 -4.350
-3.185 -3.147 -2.825 -3.009 -3.008
-2.908 -2.907 -3.139 -3.097 -2.937
-2.623 -2.878 -3.131 -3.102 -2.942
-3.264 -3.216 -3.242 -3.022 -2.976
-4.546 -4.196 -4.360 -4.364 -4.188
-4.397 -3.522 -4.411 -4.477 -4.370
-3.144 -3.193 -2.823 -2.966 -2.966
-8.280 -1.979 -2.833 -3.097 -2.934
-2.906 -2.866 -3.219 -3.103 -2.929
-0.966 -0.918 -0.835 -0.840 -0.807
-2.899 -2.705 -3.211 -3.105 -2.931
-3.153 -3.143 -2.824 -3.008 -3.008
-2.862 -2.865 -3.211 -3.083 -2.930
-6.744 -6.489 -6.197 -6.247 -6.247
-6.022 -5.888 -6.317 -5.821 -5.672
-6.431 -6.442 -5.975 -5.907 -5.906
-6.126 -6.344 -6.391 -6.501 -5.728
-6.422 -6.115 -6.014 -6.016 -6.014
-6.973 -6.857 -6.077 -6.068 -6.088
-13.053 -12.945 -14.917 -12.859 -12.859
-12.396 -12.574 -11.865 -12.168 -11.497
-11.140 -14.307 -19.048 -19.052 -17.831
-9.899 -9.743 -9.213 -9.159 -9.158
-9.698 -9.646 -9.137 -9.142 -9.050
-10.328 -8.846 -9.019 -8.930 -8.775
-7.689 -7.834 -7.505 -7.723 -7.702
-7.319 -6.336 -7.363 -6.999 -6.602
-7.041 -7.078 -7.376 -7.643 -7.595
-8.650 -7.331 -7.570 -7.576 -7.502
-6.409 -6.178 -6.041 -6.043 -5.948
-6.059 -5.876 -6.440 -6.257 -6.074
-6.567 -6.845 -6.075 -6.090 -6.017
-6.215 -6.231 -6.014 -6.017 -6.017
-16.296 -16.277 -15.811 -15.922 -15.921
-6.864 -6.755 -6.104 -6.253 -6.252
-6.572 -5.945 -6.014 -6.017 -6.016
-6.855 -6.816 -6.069 -6.058 -6.204
-6.451 -6.256 -6.055 -6.063 -5.952
-6.352 -6.291 -6.264 -5.739 -5.739
-6.955 -6.853 -6.073 -6.108 -6.174
-6.984 -6.909 -6.069 -6.252 -6.252
-6.117 -5.829 -6.077 -6.086 -6.195
-6.130 -6.106 -6.141 -6.293 -5.987
-4.040 -4.203 -4.161 -4.148 -4.147
-4.699 -4.893 -4.577 -4.551 -4.496
-4.176 -3.502 -4.256 -4.485 -4.332
-4.171 -4.082 -3.829 -4.149 -4.147
-4.130 -4.120 -4.161 -4.149 -4.147
-4.486 -4.879 -4.575 -4.700 -4.600
11.746 10.977 -13.580 -12.871 -12.944
-7.309 -7.027 -8.577 -8.582 -8.582
-9.430 -8.804 -9.227 -9.512 -9.151
-9.695 -9.552 -9.154 -9.402 -9.401
-9.906 -9.751 -9.251 -9.159 -9.159
-6.826 -6.836 -5.996 -6.087 -6.012
-6.869 -6.851 -6.101 -6.251 -6.251
-5.652 -5.598 -5.695 -6.293 -6.100
-6.697 -6.930 -6.829 -6.253 -6.252
-6.438 -6.120 -6.008 -6.015 -6.015
-6.358 -6.745 -6.081 -6.090 -6.023
-4.351 -3.099 -4.412 -4.451 -4.450
-4.416 -3.841 -4.539 -4.632 -4.592
39.322 43.332 -12.272 -12.881 -12.690
-12.745 -13.529 -18.163 -18.322 -17.344
-9.150 -9.935 -9.807 -8.696 -8.696
-9.722 -9.540 -9.139 -9.143 -9.049
-7.443 -7.588 -6.561 -6.648 -6.648
-6.314 -6.071 -5.926 -5.930 -5.931
-9.117 -13.769 -18.121 -18.127 -18.127
-2.964 -2.689 -2.873 -3.278 -2.969
-3.262 -3.203 -2.816 -2.970 -2.970
-2.897 -2.755 -3.101 -3.105 -2.929
-3.018 -3.189 -2.870 -2.967 -2.967
-4.302 -4.420 -4.199 -4.484 -4.339
-1.419 -2.564 -2.806 -2.810 -2.640
-2.830 -2.634 -2.937 -3.165 -2.978
-3.167 -2.465 -2.964 -2.824 -2.948
-2.485 -2.891 -3.142 -2.976 -2.963
-3.646 -3.913 -4.621 -4.756 -4.575
-4.566 -4.555 -4.516 -4.198 -4.198
-4.607 -4.556 -4.142 -3.912 -3.912
-4.350 -3.943 -4.205 -4.320 -4.348
-4.537 -4.213 -4.357 -4.361 -4.186
-4.536 -4.054 -4.087 -4.087 -4.108
-4.477 -4.143 -4.185 -4.363 -4.185
-5.152 -4.491 -4.570 -4.641 -4.471
-5.144 -4.355 -4.583 -4.634 -4.594
-4.488 -4.038 -4.487 -4.466 -4.359
-4.477 -4.090 -4.486 -4.471 -4.364
-5.130 -4.383 -4.523 -4.755 -4.574
-5.129 -4.919 -4.549 -4.634 -4.594
-5.174 -4.168 -4.486 -4.476 -4.367
-4.494 -4.435 -4.486 -4.466 -4.359
-5.187 -5.164 -4.584 -4.634 -4.595
-4.467 -4.324 -4.485 -4.476 -4.365
-3.210 -3.045 -2.808 -2.975 -2.975
-1.667 -1.625 -1.693 -1.237 -1.237
-3.177 -3.136 -2.845 -3.032 -2.975
-2.899 -2.585 -2.909 -3.089 -2.938
-3.224 -3.211 -2.961 -2.965 -2.963
-9.321 -2.769 -3.168 -3.063 -2.797
-4.196 -4.237 -4.157 -4.147 -4.147
-3.243 -2.735 -2.971 -2.832 -2.781
-4.585 -4.049 -4.441 -4.198 -4.198
-4.457 -4.046 -4.362 -4.365 -4.186
-2.899 -2.779 -2.930 -3.106 -2.917
-2.869 -2.840 -2.856 -3.105 -2.918
-3.264 -3.228 -3.243 -3.022 -2.975
-4.457 -3.956 -4.018 -4.535 -4.473
-4.528 -4.582 -4.772 -4.707 -4.676
-2.830 -2.877 -2.935 -3.154 -2.972
-2.899 -2.894 -3.099 -3.102 -2.944
-3.195 -3.196 -2.844 -3.032 -2.975
-3.175 -3.214 -2.952 -2.953 -2.926
-2.893 -2.854 -2.955 -2.827 -2.980
-3.197 -2.778 -2.868 -2.967 -2.967
-3.177 -2.621 -2.834 -3.022 -2.976
-1.383 -1.334 -1.467 -1.519 -1.405
-2.796 -2.886 -2.961 -3.066 -3.065
-3.264 -3.238 -2.951 -2.955 -2.956
-2.909 -3.033 -3.086 -3.089 -2.923
-2.926 -2.901 -2.970 -2.837 -2.789
-2.899 -2.615 -3.104 -3.104 -2.931
-6.744 -6.489 -6.197 -6.247 -6.247
-6.022 -5.888 -6.317 -5.821 -5.672
-6.431 -6.442 -5.975 -5.907 -5.906
-6.126 -6.344 -6.391 -6.501 -5.728
-6.422 -6.115 -6.014 -6.016 -6.014
-6.973 -6.857 -6.077 -6.068 -6.088
-10.420 -10.749 -11.206 -11.245 -11.047
-9.365 -9.086 -9.420 -8.860 -9.024
-9.644 -9.602 -10.636 -10.443 -9.516
-9.029 -8.963 -8.498 -8.504 -8.170
-3.823 -7.303 -9.273 -9.399 -8.881
-7.056 -5.851 -7.297 -6.852 -6.852
-7.192 -6.911 -6.631 -6.637 -6.636
-8.401 -8.445 -8.155 -7.588 -7.480
-6.808 -6.479 -6.829 -6.247 -6.246
-6.169 -5.972 -6.042 -6.062 -5.949
-3.215 -3.081 -6.342 -5.745 -5.745
-6.294 -6.300 -6.513 -5.963 -5.963
-6.836 -5.796 -6.259 -5.717 -5.785
-5.674 -5.547 -5.643 -6.156 -5.918
-6.897 -6.836 -6.822 -6.251 -6.251
-6.116 -6.285 -6.521 -5.410 -5.659
-6.915 -6.730 -6.103 -6.253 -6.252
-5.930 -5.865 -6.306 -5.749 -5.913
-6.062 -6.131 -6.254 -6.248 -6.060
-6.502 -6.169 -6.031 -6.039 -6.037
-6.886 -6.636 -6.833 -6.253 -6.253
-6.342 -6.325 -5.514 -5.764 -5.763
-6.187 -6.234 -6.269 -5.723 -5.792
-6.452 -6.166 -6.041 -6.045 -5.952
-6.959 -6.900 -6.823 -6.245 -6.244
-6.117 -5.997 -6.272 -6.382 -6.091
-6.056 -6.068 -6.437 -6.178 -6.008
-5.096 -4.501 -4.541 -4.743 -4.591
-4.607 -3.965 -4.320 -4.438 -4.352
-5.145 -4.455 -4.485 -4.475 -4.364
-4.576 -5.114 -4.423 -4.701 -4.601
-4.148 -3.256 -3.856 -3.885 -3.887
-4.458 -4.500 -4.487 -4.469 -4.363
-4.797 -4.744 -4.258 -4.756 -4.578
-2.785 -2.119 -4.913 -4.725 -4.443
-4.132 -3.539 -5.187 -4.755 -4.575
-5.385 -15.784 -18.846 -19.154 -18.637
-4.176 -3.502 -4.256 -4.485 -4.332
-6.291 -6.227 -6.239 -5.726 -5.737
2.419 4.036 -17.965 -19.050 -17.830
-16.280 -16.758 -17.182 -17.266 -17.168
-14.573 -13.129 -13.615 -13.619 -13.617
-9.088 -7.838 -9.277 -9.512 -9.146
-6.084 -5.447 -5.716 -6.068 -6.148
-6.914 -6.848 -6.101 -6.250 -6.250
-6.333 -6.317 -6.536 -5.419 -5.671
-4.328 -4.346 -4.522 -4.508 -4.468
-4.571 -4.453 -4.516 -4.198 -4.198
-4.498 -4.325 -4.393 -4.432 -4.495
-2.964 -2.689 -2.873 -3.278 -2.969
-3.262 -3.203 -2.816 -2.970 -2.970
-3.197 -2.778 -2.868 -2.967 -2.967
-2.897 -2.755 -3.101 -3.105 -2.929
-1.419 -2.564 -2.806 -2.810 -2.640
-2.830 -2.634 -2.937 -3.165 -2.978
-2.909 -3.033 -3.086 -3.089 -2.923
-3.167 -2.465 -2.964 -2.824 -2.948
-14.240 -14.237 -14.354 -14.360 -14.359
-6.568 -5.892 -6.256 -5.960 -5.960
-4.154 -3.166 -3.888 -3.764 -3.762
-5.126 -4.359 -4.363 -4.380 -4.374
-4.098 -4.069 -3.851 -3.856 -3.857
-4.338 -3.720 -4.552 -4.756 -4.574
-4.187 -4.176 -4.210 -4.509 -4.495
-5.104 -5.106 -4.548 -4.743 -4.590
-4.545 -4.336 -4.356 -4.380 -4.379
-5.164 -4.461 -4.410 -4.419 -4.465
-5.195 -3.891 -4.750 -4.755 -4.574
-5.186 -5.028 -4.425 -4.701 -4.601
-5.022 -4.431 -4.485 -4.470 -4.363
-4.521 -4.444 -4.480 -4.472 -4.363
-2.843 -2.836 -2.844 -2.852 -2.932
-2.990 -2.721 -3.975 -3.414 -3.508
-3.207 -2.525 -2.971 -2.832 -2.779
-3.263 -3.221 -3.192 -2.991 -2.990
-3.185 -2.563 -2.954 -2.953 -2.928
-3.355 -2.619 -2.794 -3.032 -2.975
-3.417 -2.436 -3.137 -3.102 -2.932
-2.762 -2.592 -2.922 -2.966 -2.960
-1.573 -1.605 -1.237 -1.237 -1.236
-2.857 -2.631 -2.915 -3.103 -2.930
-3.181 -2.531 -2.845 -3.032 -2.975
-2.869 -2.896 -3.166 -3.104 -2.931
-3.162 -3.081 -2.891 -2.946 -2.948
-2.857 -2.697 -3.157 -3.103 -2.930
-2.899 -3.160 -3.099 -3.101 -2.942
-2.894 -2.700 -3.212 -3.064 -2.726
-2.796 -2.751 -2.761 -3.000 -3.000
-2.899 -2.810 -3.176 -3.225 -2.901
-2.899 -2.886 -3.080 -3.102 -2.944
-2.924 -2.861 -3.068 -3.090 -2.939
-5.121 -4.222 -4.404 -4.671 -4.625
-2.727 -2.594 -3.053 -3.091 -2.959
-1.787 -2.689 -3.657 -3.663 -3.662
-3.159 -2.350 -2.814 -3.004 -3.004
-2.700 -2.899 -2.834 -3.076 -2.912
-3.204 -3.190 -2.871 -2.967 -2.967
-3.197 -2.540 -2.955 -2.954 -2.930
-3.263 -3.232 -2.954 -2.954 -2.929
-3.211 -2.547 -2.841 -3.031 -2.975
-1.346 -1.552 -1.531 -1.531 -1.478
-1.301 -1.267 -1.302 -1.640 -1.483
-2.898 -3.117 -2.833 -2.976 -2.976
-2.926 -2.925 -2.940 -2.951 -2.925
-2.945 -2.948 -3.242 -3.032 -2.975
-0.486 -0.493 -0.518 -0.272 -0.351
-12.477 -12.770 -11.864 -11.865 -11.864
-4.334 -7.550 -9.740 -9.743 -9.744
-8.514 -7.952 -8.074 -8.845 -8.848
-9.896 -9.492 -9.970 -9.168 -9.128
-9.774 -9.624 -9.419 -9.401 -9.401
-8.396 -7.547 -7.577 -7.574 -7.500
-8.535 -7.893 -7.563 -7.574 -7.500
-6.945 -5.930 -6.008 -6.013 -6.013
-5.825 -4.763 -5.757 -6.016 -6.053
-5.832 -6.201 -6.365 -5.708 -5.785
-6.268 -6.286 -6.039 -6.044 -5.950
-6.798 -6.866 -6.187 -6.246 -6.245
-6.325 -6.237 -6.003 -6.017 -6.017
-6.353 -6.293 -6.536 -5.418 -5.663
-6.330 -6.167 -5.930 -5.933 -5.932
-6.353 -6.090 -6.179 -5.697 -5.821
-6.478 -6.432 -5.971 -5.907 -5.906
-6.176 -6.311 -5.963 -5.713 -5.832
-6.160 -6.415 -5.989 -5.910 -5.910
-6.483 -6.362 -6.139 -6.071 -6.070
-6.176 -6.324 -5.962 -5.713 -5.833
-6.342 -6.175 -6.176 -5.697 -5.821
-6.452 -6.330 -6.352 -5.981 -5.981
-6.984 -6.522 -6.828 -6.252 -6.251
-6.131 -6.119 -6.311 -6.242 -6.030
-6.590 -6.436 -6.238 -5.915 -5.914
-6.062 -6.131 -6.254 -6.248 -6.060
-6.744 -6.489 -6.197 -6.247 -6.247
-6.116 -6.285 -6.521 -5.410 -5.659
-6.022 -5.888 -6.317 -5.821 -5.672
-6.126 -6.344 -6.391 -6.501 -5.728
-11.278 -11.330 -13.049 -13.036 -12.805
-4.498 -4.325 -4.393 -4.432 -4.495
-14.137 -15.610 -18.960 -19.054 -17.836
-11.330 -12.001 -16.376 -16.377 -16.376
3.791 6.157 -11.277 -10.140 -11.204
-9.708 -9.176 -9.257 -8.944 -8.899
-9.931 -10.409 -12.897 -12.900 -11.801
-9.292 -8.255 -9.963 -9.174 -9.155
-8.130 -7.939 -9.787 -9.512 -9.152
-6.289 -6.025 -6.235 -5.715 -5.715
-6.381 -6.224 -5.965 -5.981 -5.981
-6.252 -6.214 -6.062 -6.063 -5.949
-6.742 -6.580 -6.099 -6.251 -6.250
-6.834 -6.926 -6.828 -6.252 -6.251
-4.886 -5.335 -6.220 -5.701 -5.847
-6.444 -6.279 -6.054 -6.059 -5.947
-6.089 -6.131 -6.233 -5.767 -5.982
-16.577 -16.497 -15.702 -15.707 -15.707
-2.964 -2.689 -2.873 -3.278 -2.969
-3.262 -3.203 -2.816 -2.970 -2.970
-3.197 -2.778 -2.868 -2.967 -2.967
-1.419 -2.564 -2.806 -2.810 -2.640
-2.830 -2.634 -2.937 -3.165 -2.978
-3.167 -2.465 -2.964 -2.824 -2.948
-2.899 -2.810 -3.176 -3.225 -2.901
-2.762 -2.592 -2.922 -2.966 -2.960
-3.263 -3.232 -2.954 -2.954 -2.929
-6.421 -5.435 -6.382 -6.111 -5.962
-6.349 -6.306 -6.177 -5.697 -5.819
-6.892 -6.854 -6.831 -6.247 -6.246
8.122 6.772 -2.665 -14.403 -14.405
-6.063 -5.942 -6.175 -5.620 -5.856
-5.177 -4.480 -4.421 -4.700 -4.601
-2.776 -2.731 -2.967 -2.839 -2.751
-3.118 -2.740 -2.738 -2.846 -2.736
-4.606 -4.697 -5.012 -4.755 -4.576
-4.629 -4.594 -4.323 -4.438 -4.352
-4.548 -3.947 -4.279 -4.477 -4.370
-4.539 -4.017 -4.292 -4.293 -4.081
-4.498 -4.492 -4.776 -4.604 -4.453
-5.109 -5.146 -4.546 -4.633 -4.592
-4.179 -4.098 -3.853 -4.148 -4.147
-4.540 -4.276 -4.391 -4.671 -4.627
-4.273 -4.447 -4.395 -4.654 -4.649
-5.143 -4.460 -4.455 -4.476 -4.369
-2.900 -2.687 -3.104 -3.105 -2.918
-6.225 -5.827 -5.775 -5.781 -6.037
-6.794 -6.749 -6.074 -6.054 -5.827
-2.872 -2.729 -2.989 -3.038 -2.810
-5.132 -4.312 -4.404 -4.672 -4.625
-3.264 -3.185 -3.242 -3.022 -2.975
-2.871 -2.768 -2.788 -2.431 -2.432
-2.908 -3.026 -3.101 -3.106 -2.918
-2.830 -2.721 -2.936 -2.936 -2.873
-3.196 -3.175 -2.870 -2.966 -2.966
-4.174 -3.349 -4.135 -4.142 -4.142
-5.094 -5.017 -4.543 -4.743 -4.588
-2.772 -2.356 -2.689 -2.690 -2.818
-4.289 -4.899 -4.396 -4.412 -4.438
-3.784 -3.405 -3.949 -3.601 -3.391
-4.478 -4.010 -4.416 -4.671 -4.628
-5.171 -4.367 -4.399 -4.671 -4.625
-3.203 -3.194 -2.955 -2.954 -2.932
-1.346 -1.315 -1.616 -1.640 -1.483
-1.352 -1.572 -1.649 -1.545 -1.477
-1.371 -1.364 -1.641 -1.539 -1.477
-3.005 -2.731 -3.204 -3.077 -2.829
-2.865 -2.922 -3.164 -3.099 -2.924
-3.263 -3.148 -2.957 -2.954 -2.930
-2.907 -2.765 -2.644 -3.029 -2.973
-4.577 -3.647 -5.192 -4.756 -4.576
-1.298 -1.306 -1.493 -1.524 -1.429
-1.344 -1.632 -1.540 -1.545 -1.476
-3.173 -2.485 -2.891 -2.957 -2.956
-6.062 -6.131 -6.254 -6.248 -6.060
-6.744 -6.489 -6.197 -6.247 -6.247
-6.116 -6.285 -6.521 -5.410 -5.659
-6.022 -5.888 -6.317 -5.821 -5.672
-6.126 -6.344 -6.391 -6.501 -5.728
-6.089 -6.131 -6.233 -5.767 -5.982
-8.852 -9.021 -13.137 -12.349 -12.101
1.555 0.292 -8.338 -9.143 -9.048
-9.694 -9.721 -9.109 -9.110 -9.060
-8.168 -7.236 -7.294 -6.801 -6.801
-1.118 -1.316 -6.295 -5.417 -5.663
-11.854 -11.791 -11.983 -11.988 -11.634
-6.029 -5.353 -6.183 -6.175 -5.981
-6.107 -6.227 -6.377 -5.980 -5.980
-6.837 -6.655 -6.833 -6.253 -6.253
-6.025 -5.851 -6.061 -6.062 -5.947
-3.962 -4.232 -6.445 -5.933 -5.933
-6.455 -6.209 -6.282 -5.994 -5.994
-5.934 -6.032 -6.443 -6.181 -6.012
-7.469 -7.210 -14.430 -14.627 -14.218
-3.645 -3.789 -6.458 -4.949 -5.526
-12.321 -12.528 -13.001 -14.719 -14.475
-7.418 -6.560 -7.840 -7.806 -7.027
-6.906 -6.888 -6.945 -6.080 -6.185
-6.189 -6.167 -6.241 -5.817 -5.671
-6.342 -6.242 -6.177 -5.697 -5.819
-6.163 -6.326 -6.179 -5.697 -5.819
-6.567 -5.419 -5.990 -5.913 -5.913
-6.889 -6.872 -6.076 -6.090 -6.019
-6.483 -6.488 -5.927 -5.935 -5.934
-6.795 -6.841 -6.828 -6.253 -6.252
-5.707 -5.918 -6.032 -6.038 -5.949
-7.335 -6.000 -6.056 -6.061 -5.949
-4.186 -4.108 -3.849 -4.149 -4.148
-4.056 -3.414 -4.621 -4.380 -4.379
-5.849 -4.777 -5.973 -5.975 -6.030
-4.610 -3.175 -4.141 -3.912 -3.912
-14.091 -14.151 -14.438 -14.438 -14.438
-9.670 -9.780 -9.217 -8.940 -8.905
-8.117 -6.856 -7.587 -7.579 -7.504
-6.117 -5.962 -5.746 -6.018 -6.040
-5.994 -5.442 -5.756 -6.016 -6.041
-4.983 -5.194 -6.249 -6.003 -5.905
-5.279 -5.162 -6.306 -5.944 -5.945
-6.255 -6.116 -6.328 -5.725 -5.666
-6.385 -6.284 -5.232 -5.747 -5.748
-6.031 -6.200 -6.135 -6.299 -5.994
-0.972 -2.458 -10.228 -11.011 -11.009
-6.571 -5.751 -6.332 -6.016 -6.016
-6.571 -5.491 -6.029 -6.007 -6.007
-6.362 -5.938 -6.494 -5.741 -5.741
-5.464 -5.448 -5.635 -5.817 -5.605
-6.231 -5.132 -5.338 -5.519 -5.556
-2.964 -2.689 -2.873 -3.278 -2.969
-3.262 -3.203 -2.816 -2.970 -2.970
-3.197 -2.778 -2.868 -2.967 -2.967
-1.419 -2.564 -2.806 -2.810 -2.640
-6.367 -6.757 -6.831 -6.247 -6.246
-2.830 -2.634 -2.937 -3.165 -2.978
-3.167 -2.465 -2.964 -2.824 -2.948
-2.762 -2.592 -2.922 -2.966 -2.960
-3.203 -3.194 -2.955 -2.954 -2.932
-6.455 -6.359 -5.933 -5.933 -5.933
-1.344 -1.632 -1.540 -1.545 -1.476
-4.173 -3.889 -3.791 -4.148 -4.146
-5.144 -4.306 -4.405 -4.672 -4.625
-4.126 -4.165 -4.519 -4.426 -4.480
-4.444 -4.199 -4.488 -4.477 -4.368
-5.109 -4.368 -4.414 -4.476 -4.368
-4.536 -4.416 -4.318 -4.437 -4.351
-5.181 -4.361 -4.360 -4.364 -4.194
-4.525 -4.394 -4.640 -4.398 -4.182
-4.613 -4.555 -4.394 -4.066 -4.066
-3.112 -3.311 -3.651 -3.658 -3.720
-4.542 -4.056 -4.076 -4.084 -4.114
-4.462 -4.012 -4.364 -4.365 -4.192
-5.134 -4.320 -4.405 -4.672 -4.625
-3.313 -2.373 -3.098 -3.101 -2.939
-3.184 -2.958 -2.556 -2.565 -2.913
-3.116 -2.468 -2.820 -2.969 -2.968
-2.952 -2.984 -2.690 -2.691 -2.809
-2.955 -2.659 -3.215 -2.997 -2.998
-2.665 -2.602 -3.104 -3.105 -2.916
-2.599 -2.540 -3.074 -3.103 -2.929
-2.855 -2.780 -2.951 -2.868 -2.927
-3.163 -2.663 -2.896 -3.030 -2.976
-3.163 -3.046 -2.834 -2.970 -2.970
-2.823 -2.912 -2.948 -2.905 -2.948
-4.580 -3.884 -4.320 -4.437 -4.352
-3.182 -2.965 -3.224 -2.565 -2.913
-3.194 -3.117 -3.220 -2.998 -2.997
-3.223 -2.604 -2.904 -3.030 -2.978
-2.898 -2.955 -3.212 -3.105 -2.917
-5.170 -4.248 -4.406 -4.676 -4.602
-4.183 -4.398 -4.322 -4.216 -4.215
-2.904 -2.882 -2.943 -3.143 -3.005
-3.264 -3.218 -2.870 -2.967 -2.967
-2.812 -2.765 -2.903 -2.911 -2.964
-3.161 -3.224 -2.829 -2.975 -2.975
-3.189 -2.506 -3.182 -3.101 -2.929
-2.770 -2.799 -3.085 -3.089 -2.929
-1.350 -1.347 -1.579 -1.622 -1.479
-1.579 -1.532 -1.629 -1.640 -1.483
-2.823 -2.834 -3.060 -3.066 -2.796
-4.142 -5.025 -4.544 -4.742 -4.588
-2.882 -3.090 -3.086 -3.106 -2.917
-3.157 -3.169 -2.843 -3.032 -2.975
-1.344 -1.367 -1.523 -1.506 -1.451
-1.347 -1.350 -1.648 -1.545 -1.476
-1.346 -1.366 -1.615 -1.650 -1.468
-3.188 -3.194 -2.817 -3.022 -2.974
-1.579 -1.277 -1.382 -1.524 -1.430
-6.062 -6.131 -6.254 -6.248 -6.060
-6.744 -6.489 -6.197 -6.247 -6.247
-6.116 -6.285 -6.521 -5.410 -5.659
-6.022 -5.888 -6.317 -5.821 -5.672
-6.126 -6.344 -6.391 -6.501 -5.728
-6.889 -6.872 -6.076 -6.090 -6.019
-6.089 -6.131 -6.233 -5.767 -5.982
-9.709 -7.996 -14.462 -14.810 -14.809
-17.222 -16.959 -17.447 -17.464 -17.464
-4.201 -7.022 -12.385 -11.801 -12.179
117.741 -10.201 -12.824 -10.754 -11.065
-8.334 -8.427 -9.219 -8.644 -8.593
-9.237 -9.081 -9.396 -8.777 -8.923
-7.260 -7.260 -7.034 -6.848 -6.846
-6.206 -6.239 -6.042 -6.044 -5.950
-6.266 -5.040 -6.248 -5.734 -5.734
-6.305 -6.300 -6.381 -5.980 -5.979
-6.010 -5.440 -6.162 -5.605 -5.776
-2.273 -2.553 -3.956 -3.962 -3.963
-6.173 -6.274 -6.235 -5.729 -5.768
-5.945 -5.848 -6.233 -6.004 -6.071
-6.887 -6.918 -6.076 -6.089 -6.015
-6.957 -6.722 -6.087 -5.725 -5.682
-6.368 -6.403 -5.953 -5.899 -5.899
-6.195 -5.949 -6.342 -6.062 -5.949
-6.749 -6.919 -6.074 -6.110 -6.123
-6.353 -5.879 -6.193 -5.815 -5.668
-6.217 -6.246 -6.012 -6.015 -6.014
-4.702 -4.824 -5.007 -4.754 -4.576
-16.560 -16.580 -15.721 -15.727 -15.726
-4.904 -5.107 -5.438 -5.684 -5.593
-4.582 -4.601 -4.321 -4.437 -4.352
-5.030 -4.300 -4.543 -4.634 -4.591
-4.405 -4.260 -4.416 -4.476 -4.369
-4.640 -4.590 -4.110 -4.142 -4.142
1.644 -11.011 -17.255 -17.676 -17.674
-8.554 -8.470 -8.649 -8.855 -8.854
-9.709 -9.586 -9.425 -9.356 -9.356
-7.279 -6.627 -7.263 -7.032 -6.507
-7.270 -7.268 -7.273 -6.813 -6.811
-6.853 -5.930 -6.105 -6.251 -6.251
-6.168 -6.024 -6.390 -6.118 -5.966
-6.161 -6.170 -6.353 -5.714 -5.776
-6.482 -6.474 -5.977 -5.908 -5.908
-6.966 -6.897 -6.106 -6.252 -6.252
-6.624 -6.889 -6.078 -6.080 -5.987
-6.101 -6.183 -6.252 -5.961 -5.960
-15.500 -16.445 -17.156 -17.157 -16.657
-2.964 -2.689 -2.873 -3.278 -2.969
-3.262 -3.203 -2.816 -2.970 -2.970
-3.197 -2.778 -2.868 -2.967 -2.967
-1.419 -2.564 -2.806 -2.810 -2.640
-2.830 -2.634 -2.937 -3.165 -2.978
-3.167 -2.465 -2.964 -2.824 -2.948
-2.762 -2.592 -2.922 -2.966 -2.960
-4.085 -4.130 -3.888 -3.885 -3.887
-5.064 -4.986 -4.542 -4.742 -4.592
-4.572 -4.592 -4.320 -4.437 -4.352
-9.735 -9.485 -9.424 -9.333 -9.332
-7.296 -7.231 -7.648 -7.918 -7.553
-6.855 -6.781 -6.832 -6.253 -6.253
-6.855 -6.743 -6.831 -6.252 -6.251
-6.125 -6.188 -6.107 -6.111 -5.928
-1.344 -1.632 -1.540 -1.545 -1.476
-5.167 -4.515 -4.579 -4.558 -4.530
-4.494 -4.410 -4.482 -4.477 -4.369
-5.095 -3.999 -4.581 -4.756 -4.575
-4.301 -4.350 -4.473 -4.476 -4.368
-4.497 -4.780 -4.565 -4.716 -4.680
-5.095 -4.377 -4.540 -4.743 -4.588
-2.773 -2.386 -3.241 -3.032 -2.975
-3.279 -2.718 -2.820 -2.962 -2.961
-3.157 -3.166 -3.219 -2.998 -2.996
-3.036 -3.089 -3.243 -3.032 -2.975
-2.654 -3.094 -2.806 -2.956 -2.956
-2.925 -2.874 -2.951 -2.819 -2.967
-3.262 -3.243 -3.239 -3.022 -2.975
-2.900 -2.802 -3.126 -3.089 -2.920
-2.853 -2.973 -3.098 -3.102 -2.944
-3.223 -3.124 -2.557 -2.564 -2.915
-1.379 -1.548 -1.649 -1.555 -1.481
-5.173 -4.070 -4.549 -4.634 -4.593
-3.264 -3.122 -2.950 -2.957 -2.969
-3.204 -3.224 -2.956 -2.952 -2.929
-4.314 -4.466 -4.700 -4.261 -4.061
-2.893 -2.794 -3.192 -3.101 -2.932
-1.375 -1.343 -1.573 -1.640 -1.484
-3.164 -3.170 -3.244 -3.022 -2.974
-3.167 -3.146 -2.824 -3.009 -3.008
-3.001 -2.638 -2.807 -2.857 -2.943
-0.632 -0.999 -0.838 -0.838 -0.804
-1.370 -1.543 -1.647 -1.501 -1.449
-2.684 -2.443 -2.960 -3.224 -2.899
-1.351 -1.608 -1.418 -1.650 -1.468
-2.544 -2.609 -3.138 -2.976 -2.976
-2.888 -2.833 -2.953 -2.904 -2.942
-1.345 -1.365 -1.649 -1.538 -1.476
-1.344 -1.548 -1.650 -1.544 -1.477
-3.264 -3.145 -3.203 -2.972 -2.970
-3.008 -3.201 -3.212 -2.966 -2.966
-3.128 -2.711 -3.221 -2.561 -2.917
-1.378 -1.552 -1.645 -1.545 -1.479
-0.407 -0.375 -0.516 -0.067 -0.068
-3.058 -3.122 -3.233 -3.030 -2.975
-1.299 -1.325 -1.629 -1.640 -1.483
-2.770 -2.764 -3.142 -3.105 -2.931
-1.344 -1.539 -1.463 -1.552 -1.491
-1.320 -1.307 -1.360 -1.552 -1.435
-3.170 -3.155 -2.690 -2.692 -2.805
-1.360 -1.372 -1.491 -1.524 -1.428
-6.062 -6.131 -6.254 -6.248 -6.060
-6.853 -5.930 -6.105 -6.251 -6.251
-6.116 -6.285 -6.521 -5.410 -5.659
-6.022 -5.888 -6.317 -5.821 -5.672
-6.126 -6.344 -6.391 -6.501 -5.728
-6.887 -6.918 -6.076 -6.089 -6.015
-0.889 -1.189 -11.199 -11.589 -12.240
-6.918 -6.768 -6.831 -6.253 -6.252
-6.745 -6.727 -6.824 -6.251 -6.252
-6.773 -6.557 -6.965 -6.108 -6.172
-6.155 -6.045 -6.390 -5.818 -5.673
-6.328 -5.883 -5.941 -5.951 -5.950
-6.471 -6.416 -6.134 -6.071 -6.070
-6.895 -6.785 -6.831 -6.253 -6.252
-6.882 -6.504 -6.081 -6.082 -5.974
-6.160 -6.316 -6.042 -6.043 -5.952
-6.957 -6.871 -6.087 -6.089 -6.021
-6.972 -6.920 -6.056 -6.107 -6.174
-6.942 -6.918 -6.069 -6.106 -6.172
-6.277 -6.256 -6.012 -6.015 -6.015
-6.182 -5.776 -6.057 -6.061 -5.948
-6.069 -6.115 -6.263 -5.994 -5.993
-6.045 -5.546 -6.355 -6.356 -6.180
-5.573 -5.194 -6.301 -6.249 -5.923
-6.121 -5.788 -6.122 -5.934 -5.934
-4.488 -4.910 -4.403 -4.671 -4.625
-4.471 -3.700 -4.608 -4.608 -4.455
-3.719 -4.014 -4.614 -4.670 -4.624
-4.436 -4.375 -4.436 -4.438 -4.351
-3.443 -3.535 -4.472 -4.473 -4.365
-5.087 -4.450 -4.622 -4.700 -4.604
-4.129 -4.090 -3.788 -3.780 -3.778
-15.171 -15.557 -14.987 -13.774 -13.774
-14.359 -12.894 -14.195 -13.992 -13.991
-13.611 -13.638 -15.760 -15.292 -14.599
-15.275 -15.467 -18.016 -18.763 -18.764
-8.015 -7.049 -15.233 -15.665 -15.293
1.553 2.701 -4.628 -6.642 -6.536
-6.263 -6.338 -6.062 -6.063 -5.952
-6.335 -6.307 -6.343 -6.506 -5.735
-6.373 -6.356 -6.179 -5.697 -5.821
-6.131 -5.184 -5.292 -5.333 -5.900
-6.425 -6.167 -6.253 -5.957 -5.957
-6.504 -5.997 -6.288 -5.928 -6.067
-6.648 -6.893 -6.077 -6.107 -6.172
-4.744 -4.787 -4.583 -4.691 -4.610
-2.964 -2.689 -2.873 -3.278 -2.969
-3.262 -3.203 -2.816 -2.970 -2.970
-3.197 -2.778 -2.868 -2.967 -2.967
-1.419 -2.564 -2.806 -2.810 -2.640
-2.830 -2.634 -2.937 -3.165 -2.978
-3.167 -2.465 -2.964 -2.824 -2.948
-3.279 -2.718 -2.820 -2.962 -2.961
-16.323 -16.201 -18.625 -18.680 -18.680
-14.974 -11.972 -21.063 -17.090 -17.041
-10.968 -12.134 -16.155 -17.160 -16.660
-8.637 -8.132 -7.571 -7.575 -7.501
-2.762 -2.592 -2.922 -2.966 -2.960
-1.344 -1.632 -1.540 -1.545 -1.476
-6.184 -6.215 -6.212 -5.753 -5.753
-6.356 -6.319 -6.346 -6.484 -5.717
-4.583 -3.563 -3.630 -3.893 -3.974
-6.482 -6.457 -5.983 -5.988 -5.987
-5.164 -4.180 -4.364 -4.380 -4.374
-4.062 -4.105 -4.162 -4.149 -4.148
-5.149 -4.502 -4.577 -4.743 -4.590
-3.136 -3.198 -2.814 -3.009 -3.009
-4.661 -4.788 -4.643 -4.914 -4.455
-3.095 -2.522 -2.692 -2.697 -2.640
-2.649 -2.725 -3.118 -2.966 -2.966
-3.275 -3.006 -3.190 -2.990 -2.990
-3.175 -2.688 -2.957 -2.954 -2.928
-3.228 -3.166 -3.242 -3.022 -2.975
-2.871 -2.871 -2.917 -3.154 -2.973
-2.926 -2.679 -3.177 -3.100 -2.933
-3.430 -2.643 -3.176 -3.082 -2.915
-2.350 -2.413 -2.501 -2.392 -2.392
-2.849 -3.000 -3.162 -3.103 -2.928
-3.263 -3.152 -2.838 -2.990 -2.989
-3.264 -3.174 -3.244 -3.022 -2.975
-3.185 -3.163 -2.829 -2.967 -2.966
-3.263 -3.203 -2.957 -2.954 -2.929
-3.212 -2.496 -2.761 -2.968 -2.969
-4.914 -4.221 -4.597 -4.718 -4.683
-2.858 -2.921 -3.074 -3.022 -2.975
-2.537 -2.509 -2.906 -3.102 -2.931
-3.234 -3.096 -3.214 -2.995 -2.995
-1.381 -1.352 -1.392 -1.180 -1.180
-3.179 -3.123 -2.557 -2.560 -2.938
-1.577 -1.348 -1.378 -1.640 -1.484
-2.947 -2.920 -2.948 -2.809 -2.951
-1.351 -1.567 -1.649 -1.545 -1.478
-3.171 -2.911 -2.951 -2.953 -2.928
-3.196 -2.771 -2.948 -2.956 -2.955
-3.185 -3.195 -2.957 -2.954 -2.930
-3.212 -2.655 -2.973 -2.975 -2.975
-1.346 -1.375 -1.614 -1.547 -1.474
-1.371 -1.319 -1.630 -1.539 -1.477
-3.104 -3.198 -2.823 -2.970 -2.969
-2.657 -2.772 -2.831 -2.832 -2.831
-1.243 -1.522 -1.629 -1.640 -1.483
-2.612 -2.909 -2.970 -2.836 -2.784
-1.345 -1.608 -1.616 -1.553 -1.479
-1.368 -1.523 -1.628 -1.640 -1.483
-1.370 -1.344 -1.573 -1.640 -1.482
-6.062 -6.131 -6.254 -6.248 -6.060
-6.853 -5.930 -6.105 -6.251 -6.251
-6.116 -6.285 -6.521 -5.410 -5.659
-6.155 -6.045 -6.390 -5.818 -5.673
-6.126 -6.344 -6.391 -6.501 -5.728
-6.887 -6.918 -6.076 -6.089 -6.015
-12.683 -12.653 -12.844 -11.639 -11.900
-9.519 -8.793 -9.061 -9.064 -8.935
-7.519 -7.548 -6.631 -6.646 -6.646
-7.358 -6.272 -7.517 -7.802 -7.017
-8.655 -7.975 -7.587 -7.587 -7.476
-6.853 -6.909 -6.824 -6.245 -6.243
-6.415 -6.187 -6.012 -6.015 -6.016
-5.949 -5.976 -6.379 -5.773 -6.023
-6.923 -6.770 -6.834 -6.246 -6.245
-6.117 -6.017 -6.389 -6.158 -5.938
-6.907 -6.755 -6.077 -5.686 -5.915
-6.891 -6.836 -6.103 -6.251 -6.251
-6.092 -6.117 -6.008 -5.825 -6.064
-5.942 -6.009 -6.442 -6.256 -6.074
-6.859 -6.544 -6.833 -6.253 -6.253
-6.485 -6.439 -5.989 -5.898 -5.898
-6.261 -5.142 -6.534 -5.418 -5.668
-7.045 -6.317 -6.016 -6.017 -6.016
-6.326 -6.346 -6.195 -6.209 -6.045
-4.897 -4.141 -4.198 -4.111 -4.201
-4.468 -3.587 -4.486 -4.476 -4.366
-4.571 -4.497 -4.517 -4.199 -4.198
-15.868 -3.461 -4.501 -4.198 -4.198
-4.410 -5.018 -4.620 -4.701 -4.602
-4.583 -3.557 -4.322 -4.438 -4.352
-8.523 -8.615 -9.459 -9.026 -8.981
-4.608 -4.869 -5.322 -5.496 -5.529
-5.952 -5.780 -5.900 -5.906 -5.906
-6.187 -6.075 -6.306 -5.748 -5.747
-6.366 -6.191 -6.266 -5.741 -5.740
-6.483 -6.461 -5.662 -5.919 -5.920
-6.274 -5.419 -5.581 -5.610 -5.535
-6.933 -6.895 -6.107 -6.252 -6.252
-6.749 -6.749 -6.831 -6.252 -6.252
-4.390 -4.403 -4.437 -3.891 -3.891
-6.670 -6.842 -6.073 -6.072 -6.072
-2.964 -2.689 -2.873 -3.278 -2.969
-3.262 -3.203 -2.816 -2.970 -2.970
-3.197 -2.778 -2.868 -2.967 -2.967
-1.419 -2.564 -2.806 -2.810 -2.640
-4.588 -4.579 -4.136 -4.436 -4.283
-3.999 -4.043 -4.227 -3.803 -3.803
-2.830 -2.634 -2.937 -3.165 -2.978
-3.167 -2.465 -2.964 -2.824 -2.948
-2.762 -2.592 -2.922 -2.966 -2.960
44.424 50.796 -6.208 -6.236 -6.237
-9.882 -9.619 -9.233 -9.158 -9.157
-6.172 -6.391 -5.973 -5.907 -5.907
-6.215 -6.205 -6.006 -6.015 -6.014
-1.371 -1.319 -1.630 -1.539 -1.477
-16.293 -14.364 -15.395 -15.412 -14.688
-1.381 -1.352 -1.392 -1.180 -1.180
-4.235 -4.165 -4.163 -4.149 -4.148
-18.038 -18.082 -20.021 -18.073 -18.073
-4.945 -4.471 -4.410 -4.476 -4.369
-3.091 -3.333 -4.078 -3.829 -3.859
-5.147 -4.308 -4.399 -4.671 -4.625
-4.495 -4.400 -4.486 -4.466 -4.358
-5.074 -4.430 -4.439 -4.476 -4.367
-4.378 -3.529 -5.164 -4.756 -4.575
-4.507 -4.126 -4.161 -4.283 -4.280
-4.367 -4.324 -4.401 -4.671 -4.625
-5.015 -5.127 -4.408 -4.669 -4.642
-2.672 -2.488 -2.903 -3.104 -2.930
-2.843 -2.803 -3.234 -3.030 -2.975
-2.745 -2.382 -2.819 -2.812 -2.810
-3.266 -2.927 -3.244 -3.022 -2.974
-3.261 -3.213 -2.864 -2.967 -2.966
-3.264 -2.969 -3.221 -2.998 -2.998
-3.265 -3.188 -2.866 -2.967 -2.966
-3.265 -3.179 -2.866 -2.981 -2.981
-10.204 -1.439 -2.253 -1.292 -1.292
-3.059 -2.767 -2.792 -3.151 -2.973
-4.543 -4.275 -4.364 -4.364 -4.196
-4.548 -4.313 -4.362 -4.363 -4.185
-2.674 -2.787 -2.808 -2.661 -2.601
-3.303 -2.686 -3.213 -2.563 -2.910
-3.164 -2.477 -2.838 -3.031 -2.974
-3.177 -3.159 -2.905 -3.030 -2.977
-3.137 -3.159 -2.900 -2.954 -2.927
-2.711 -2.553 -2.896 -2.945 -2.950
-1.544 -1.320 -1.515 -1.525 -1.452
-2.870 -2.835 -2.897 -3.076 -2.898
-3.182 -2.622 -2.834 -3.032 -2.975
-1.344 -1.517 -1.628 -1.640 -1.483
-3.263 -3.175 -2.814 -2.975 -2.974
-2.707 -2.999 -3.071 -3.103 -2.935
-1.582 -1.545 -1.648 -1.545 -1.477
-3.183 -2.532 -2.867 -2.967 -2.966
-3.318 -2.625 -2.768 -2.848 -2.725
-1.296 -1.331 -1.510 -1.650 -1.468
-2.908 -2.859 -3.065 -3.090 -2.957
-1.288 -1.481 -1.614 -1.650 -1.469
-3.506 -2.898 -3.182 -2.991 -2.991
-1.375 -1.364 -1.396 -1.062 -1.062
-12.129 -12.951 -14.513 -14.517 -14.194
-7.015 -7.160 -7.387 -6.463 -6.426
-15.869 -15.988 -16.133 -16.193 -16.192
-5.733 -3.428 -14.018 -14.038 -14.038
-13.120 -12.931 -13.191 -12.590 -11.567
-6.253 -5.685 -6.483 -5.907 -5.906
-6.227 -6.201 -5.950 -5.951 -5.951
-6.242 -6.255 -6.107 -5.979 -5.941
-6.282 -6.008 -6.390 -6.160 -5.940
-6.359 -6.217 -5.959 -5.711 -5.829
-6.364 -6.249 -5.470 -6.329 -6.165
-6.090 -6.149 -6.370 -5.778 -6.026
-6.876 -6.908 -6.079 -6.081 -5.961
-6.889 -6.795 -6.952 -6.062 -6.079
-6.339 -6.095 -6.538 -5.418 -5.666
-6.886 -6.849 -6.077 -6.090 -6.021
-6.886 -6.937 -6.198 -6.252 -6.253
-6.090 -6.175 -6.097 -5.562 -5.790
-6.886 -6.773 -6.833 -6.253 -6.252
-6.370 -4.936 -5.466 -6.361 -6.191
-6.370 -6.302 -6.264 -5.740 -5.740
-6.886 -6.735 -5.922 -6.054 -5.870
-6.023 -5.529 -5.648 -6.016 -6.045
-6.456 -6.424 -5.967 -5.978 -5.977
-6.359 -6.179 -6.364 -5.741 -5.740
-5.964 -5.510 -6.386 -6.136 -5.454
-20.744 -4.852 -5.669 -6.326 -6.213
-6.186 -6.414 -5.983 -5.912 -5.912
-6.062 -6.131 -6.254 -6.248 -6.060
-6.853 -5.930 -6.105 -6.251 -6.251
-6.116 -6.285 -6.521 -5.410 -5.659
-6.155 -6.045 -6.390 -5.818 -5.673
-6.126 -6.344 -6.391 -6.501 -5.728
-6.887 -6.918 -6.076 -6.089 -6.015
-6.366 -6.191 -6.266 -5.741 -5.740
-6.972 -6.910 -6.044 -6.072 -6.081
-13.185 -12.867 -14.162 -14.466 -14.465
-7.869 -8.250 -16.511 -14.469 -14.470
-14.784 -15.155 -15.046 -15.048 -14.502
-4.274 -5.455 -12.718 -11.811 -11.811
-7.857 -7.864 -8.203 -7.416 -7.299
-8.644 -8.230 -7.999 -6.616 -6.616
-6.267 -6.127 -6.016 -6.016 -6.015
-5.938 -6.001 -6.242 -5.669 -5.880
-6.298 -6.352 -6.001 -5.696 -5.820
-5.397 -5.579 -6.141 -5.990 -5.990
-6.157 -6.210 -5.902 -5.741 -5.740
-6.510 -6.409 -6.033 -6.021 -6.020
-6.428 -4.994 -5.473 -6.324 -6.160
-2.964 -2.689 -2.873 -3.278 -2.969
-3.262 -3.203 -2.816 -2.970 -2.970
-3.197 -2.778 -2.868 -2.967 -2.967
-6.370 -5.908 -6.241 -5.819 -5.672
-1.419 -2.564 -2.806 -2.810 -2.640
-6.399 -5.163 -5.221 -5.749 -5.749
-2.830 -2.634 -2.937 -3.165 -2.978
7.529 9.227 -5.135 -5.001 -5.001
-3.167 -2.465 -2.964 -2.824 -2.948
-9.149 -9.036 -8.710 -8.718 -8.315
-6.897 -6.703 -6.824 -6.252 -6.252
-6.155 -6.117 -6.514 -5.964 -5.963
-6.895 -6.893 -6.103 -6.252 -6.252
8.589 8.365 -11.861 -12.254 -11.957
-1.371 -1.319 -1.630 -1.539 -1.477
-1.381 -1.352 -1.392 -1.180 -1.180
-4.148 -4.146 -4.239 -4.144 -4.145
-4.177 -4.133 -4.309 -4.146 -4.147
-4.473 -4.440 -4.397 -4.412 -4.439
-4.697 -4.698 -4.342 -4.712 -4.711
-3.764 -3.699 -4.153 -3.603 -3.601
-3.022 -3.037 -3.502 -4.146 -4.144
-4.494 -4.420 -4.484 -4.476 -4.366
-4.144 -4.129 -4.831 -4.756 -4.574
-4.131 -4.143 -5.107 -4.755 -4.574
-3.127 -2.527 -2.691 -2.692 -2.813
-1.668 -1.683 -1.234 -1.235 -1.235
-2.829 -2.826 -2.956 -2.936 -2.889
-2.897 -2.714 -3.203 -3.088 -2.921
-3.171 -3.132 -3.244 -3.022 -2.975
-3.104 -3.225 -2.955 -2.954 -2.928
-3.032 -2.772 -2.871 -2.967 -2.967
-3.095 -2.492 -2.957 -2.954 -2.929
-2.856 -2.834 -3.190 -3.104 -2.930
-3.157 -2.899 -3.146 -3.078 -2.913
-2.901 -2.749 -2.916 -3.090 -2.959
-2.830 -2.734 -2.892 -2.961 -2.992
-3.185 -2.695 -2.964 -2.965 -2.964
-2.898 -2.737 -2.917 -3.106 -2.917
-6.300 -6.326 -6.042 -6.043 -5.950
-3.036 -2.770 -2.797 -3.154 -2.973
-5.372 -5.647 -6.412 -6.039 -6.126
-3.204 -3.109 -2.867 -2.967 -2.966
-3.518 -2.599 -2.949 -3.103 -2.928
-1.344 -1.196 -1.580 -1.649 -1.469
-1.374 -1.341 -1.629 -1.640 -1.482
-4.333 -4.312 -4.401 -4.476 -4.369
-4.381 -4.610 -5.193 -4.756 -4.575
-1.555 -1.179 -1.629 -1.549 -1.477
-4.533 -4.335 -4.412 -4.476 -4.368
-5.128 -4.409 -4.618 -4.742 -4.591
-1.348 -1.378 -1.617 -1.495 -1.465
-3.158 -3.164 -2.842 -3.031 -2.975
-4.459 -4.118 -4.142 -4.450 -4.339
-1.577 -1.489 -1.617 -1.640 -1.484
-1.371 -1.489 -1.632 -1.539 -1.477
-1.572 -1.335 -1.630 -1.640 -1.483
-2.852 -2.895 -2.869 -3.102 -2.929
-2.802 -2.598 -3.149 -3.093 -2.925
-1.357 -1.323 -1.577 -1.649 -1.469
-1.575 -1.207 -1.627 -1.640 -1.483
-1.338 -1.550 -1.646 -1.545 -1.478
-3.179 -2.634 -2.871 -2.967 -2.966
-1.577 -1.226 -1.640 -1.544 -1.477
-6.062 -6.131 -6.254 -6.248 -6.060
-6.853 -5.930 -6.105 -6.251 -6.251
-6.116 -6.285 -6.521 -5.410 -5.659
-6.155 -6.045 -6.390 -5.818 -5.673
-6.126 -6.344 -6.391 -6.501 -5.728
-6.887 -6.918 -6.076 -6.089 -6.015
-6.366 -6.191 -6.266 -5.741 -5.740
-11.884 -11.760 -11.986 -12.014 -11.654
-9.102 -9.052 -9.219 -9.369 -9.371
1.695 1.550 -8.721 -7.853 -8.029
-7.205 -6.980 -7.528 -7.529 -7.529
-8.410 -7.978 -7.580 -7.577 -7.503
-5.612 -6.204 -6.380 -5.980 -5.979
-6.138 -6.292 -5.910 -5.913 -5.914
-6.878 -5.501 -6.101 -6.250 -6.249
-6.592 -6.917 -6.073 -6.089 -6.023
-7.364 -6.233 -7.444 -7.505 -6.863
-6.215 -5.506 -5.953 -5.705 -5.822
-4.280 -5.163 -5.561 -5.877 -5.682
-6.165 -6.167 -6.362 -5.712 -5.710
-6.879 -6.896 -6.078 -6.108 -6.173
-6.174 -6.072 -6.388 -5.724 -5.789
-6.843 -6.722 -6.829 -6.253 -6.253
-6.561 -5.475 -6.014 -6.017 -6.017
-5.934 -5.951 -6.423 -6.312 -6.112
-14.046 -14.871 -14.766 -14.762 -14.762
-6.165 -6.120 -6.388 -6.506 -5.735
-6.898 -6.739 -6.827 -6.252 -6.252
-5.691 -5.461 -5.645 -6.017 -6.047
-6.344 -6.261 -5.231 -5.744 -5.744
-5.528 -5.469 -6.261 -5.872 -5.812
-6.245 -6.165 -6.288 -6.103 -5.887
-6.119 -6.091 -6.393 -6.171 -5.969
-6.316 -5.929 -6.014 -6.017 -6.016
-6.433 -5.857 -6.288 -5.926 -6.062
-6.737 -6.824 -6.101 -6.252 -6.252
-6.081 -6.133 -6.294 -5.919 -6.053
-6.844 -7.396 -12.827 -12.460 -11.600
8.962 10.355 -10.929 -11.194 -10.829
-6.905 -6.683 -12.863 -11.846 -12.018
1.934 2.788 -18.621 -18.640 -18.640
-5.462 -9.629 -17.863 -17.832 -17.833
-2.964 -2.689 -2.873 -3.278 -2.969
-3.262 -3.203 -2.816 -2.970 -2.970
-3.197 -2.778 -2.868 -2.967 -2.967
-1.419 -2.564 -2.806 -2.810 -2.640
-10.897 -10.799 -12.889 -12.892 -11.780
-2.830 -2.634 -2.937 -3.165 -2.978
-3.167 -2.465 -2.964 -2.824 -2.948
-6.424 -5.237 -6.254 -6.121 -5.944
-8.625 -8.399 -7.585 -7.578 -7.503
-6.844 -6.850 -6.069 -6.080 -6.183
-6.125 -6.095 -6.359 -5.817 -5.670
-3.004 -4.343 -12.684 -12.730 -12.415
-6.141 -6.359 -6.443 -5.934 -5.934
-6.446 -4.939 -5.353 -5.505 -5.536
-6.225 -6.094 -6.286 -6.061 -6.245
-1.371 -1.489 -1.632 -1.539 -1.477
-1.381 -1.352 -1.392 -1.180 -1.180
-6.021 -6.004 -7.453 -2.125 -2.450
-10.506 -12.779 -16.301 -16.471 -16.470
-4.614 -4.601 -4.239 -4.756 -4.574
-4.524 -4.559 -4.084 -4.098 -3.973
-4.324 -4.395 -4.451 -4.476 -4.368
-4.564 -4.608 -4.318 -4.438 -4.352
-4.032 -3.901 -4.319 -4.437 -4.354
-4.456 -4.135 -4.487 -4.476 -4.367
-4.923 -5.085 -4.582 -4.756 -4.575
-4.218 -4.416 -4.962 -4.637 -4.379
-4.179 -4.017 -4.488 -4.477 -4.367
-4.495 -4.448 -4.479 -4.476 -4.366
-4.748 -4.686 -4.890 -4.480 -4.416
-4.583 -3.876 -4.293 -4.293 -4.077
-3.185 -3.129 -3.244 -3.022 -2.974
-3.144 -3.198 -3.188 -2.988 -2.986
-2.909 -2.947 -3.171 -3.087 -2.923
-3.264 -3.203 -3.169 -2.958 -2.972
-4.269 -4.346 -4.442 -4.436 -4.293
-3.219 -2.921 -3.243 -3.022 -2.975
-2.714 -2.894 -3.085 -3.086 -2.926
-2.785 -2.846 -3.244 -3.022 -2.976
-2.858 -2.894 -2.819 -3.102 -2.913
-2.858 -2.648 -2.910 -3.103 -2.930
-2.889 -2.733 -3.166 -3.104 -2.930
-4.093 -4.104 -4.324 -4.438 -4.353
-3.264 -2.943 -2.871 -2.967 -2.967
-2.886 -3.016 -3.096 -3.102 -2.911
-3.264 -2.902 -2.950 -2.953 -2.927
-1.676 -1.427 -1.537 -1.549 -1.477
-2.955 -2.936 -3.106 -2.962 -2.962
-4.193 -4.251 -4.318 -4.149 -4.148
-1.349 -1.552 -1.616 -1.650 -1.468
-4.653 -4.536 -4.767 -4.603 -4.450
-1.343 -1.445 -1.629 -1.640 -1.483
-5.142 -4.959 -4.549 -4.634 -4.596
-1.344 -1.511 -1.492 -1.524 -1.429
-3.962 -4.005 -4.260 -4.366 -4.251
-2.875 -2.788 -3.147 -3.100 -2.933
-2.664 -2.717 -3.142 -2.998 -2.998
-1.280 -1.603 -1.618 -1.552 -1.476
-3.084 -2.953 -2.886 -2.946 -2.917
-1.343 -1.504 -1.649 -1.545 -1.477
-1.349 -1.370 -1.629 -1.640 -1.483
-1.349 -1.519 -1.427 -1.449 -1.457
-1.579 -1.600 -1.628 -1.640 -1.483
-18.355 -19.910 -18.761 -18.779 -17.767
-15.360 -15.213 -14.822 -13.868 -13.868
-9.543 -8.820 -8.955 -8.959 -8.819
-7.563 -7.519 -7.882 -8.102 -8.102
-6.003 -6.121 -6.236 -6.306 -5.999
-6.661 -6.808 -6.106 -6.252 -6.252
-6.802 -6.839 -6.831 -6.253 -6.252
-6.039 -5.991 -5.654 -5.659 -5.585
-4.013 -5.156 -6.383 -6.247 -6.246
-5.637 -5.738 -5.820 -5.193 -5.192
-6.305 -6.358 -6.537 -5.418 -5.667
-6.888 -6.017 -6.058 -6.065 -6.184
-6.062 -6.131 -6.254 -6.248 -6.060
-15.416 -16.135 -16.959 -17.651 -17.588
-6.853 -5.930 -6.105 -6.251 -6.251
-6.116 -6.285 -6.521 -5.410 -5.659
-6.165 -6.120 -6.388 -6.506 -5.735
-6.155 -6.045 -6.390 -5.818 -5.673
-6.887 -6.918 -6.076 -6.089 -6.015
-6.879 -6.896 -6.078 -6.108 -6.173
-6.349 -6.301 -6.233 -5.715 -5.776
-6.275 -6.183 -6.275 -5.960 -5.960
-6.880 -6.820 -6.829 -6.253 -6.253
-6.153 -6.192 -6.178 -5.696 -5.819
-6.452 -6.164 -5.929 -5.929 -5.930
-6.400 -6.304 -6.391 -5.817 -5.671
-5.909 -5.991 -6.289 -6.292 -6.097
-6.380 -6.159 -6.061 -6.062 -5.950
-5.978 -5.943 -6.066 -5.464 -5.464
-6.894 -6.744 -6.831 -6.253 -6.253
-6.035 -5.631 -5.714 -6.045 -6.128
-6.835 -6.921 -6.151 -6.090 -6.017
-5.340 -5.359 -5.567 -5.542 -5.469
-6.288 -6.256 -6.042 -6.044 -5.950
-6.265 -5.793 -6.059 -6.062 -5.949
-5.866 -5.648 -5.820 -5.821 -5.671
-15.761 -15.343 -19.097 -18.377 -16.964
-8.200 -7.256 -6.726 -6.729 -6.728
5.896 6.924 -12.689 -12.752 -12.752
-11.558 -11.736 -11.968 -11.982 -11.702
7.056 3.268 -5.807 -6.698 -6.633
-7.449 -7.906 -7.585 -7.586 -7.586
-6.316 -6.296 -6.391 -6.507 -5.735
-6.861 -6.875 -6.104 -6.251 -6.250
-6.344 -6.317 -6.306 -5.736 -5.735
-11.437 -11.366 -11.974 -11.971 -11.971
-6.657 -6.832 -6.077 -6.090 -6.009
-3.580 -4.047 -6.274 -5.980 -5.754
-5.270 -4.715 -6.397 -6.301 -6.103
-20.744 -5.538 -6.378 -6.107 -5.959
-6.095 -6.058 -6.159 -5.549 -5.765
-2.964 -2.689 -2.873 -3.278 -2.969
-3.262 -3.203 -2.816 -2.970 -2.970
-3.197 -2.778 -2.868 -2.967 -2.967
-1.419 -2.564 -2.806 -2.810 -2.640
-2.830 -2.634 -2.937 -3.165 -2.978
-3.167 -2.465 -2.964 -2.824 -2.948
9.510 10.016 -8.711 -8.885 -8.882
-7.805 -7.913 -7.490 -7.588 -7.476
-6.775 -6.760 -6.074 -6.108 -6.174
-6.045 -6.064 -6.053 -6.326 -5.951
-6.905 -6.824 -6.070 -6.086 -6.156
-13.765 -12.823 -14.835 -14.854 -14.853
-1.371 -1.489 -1.632 -1.539 -1.477
-1.381 -1.352 -1.392 -1.180 -1.180
-4.205 -3.827 -4.365 -4.366 -4.186
-4.433 -4.988 -4.478 -4.743 -4.589
-4.182 -4.257 -4.296 -4.146 -4.144
-4.155 -4.192 -4.007 -4.148 -4.147
-4.169 -4.168 -4.438 -4.436 -4.286
-4.399 -4.387 -4.478 -4.475 -4.368
-3.746 -3.646 -3.632 -3.584 -3.639
-4.697 -4.645 -4.581 -4.633 -4.597
-5.071 -4.994 -4.548 -4.756 -4.574
-3.870 -4.182 -4.144 -4.145 -4.144
-4.553 -5.023 -4.485 -4.476 -4.366
-4.535 -4.286 -4.362 -4.477 -4.368
-4.419 -4.119 -4.773 -4.754 -4.577
-0.117 -0.068 -0.061 -0.127 -0.173
-3.107 -3.125 -2.866 -2.967 -2.966
-3.092 -3.229 -2.870 -2.967 -2.966
-2.499 -2.605 -3.081 -3.074 -2.897
-3.122 -2.862 -3.241 -3.021 -2.973
-2.996 -2.499 -2.798 -3.009 -3.009
-3.185 -3.195 -2.823 -3.009 -3.009
-3.265 -3.178 -3.257 -2.967 -2.967
-2.864 -2.830 -3.220 -3.102 -2.929
-2.878 -2.595 -3.181 -3.102 -2.923
-2.806 -2.799 -2.918 -3.066 -2.722
-3.223 -2.505 -2.689 -2.697 -2.644
-2.673 -2.593 -2.788 -2.794 -2.919
-2.996 -2.635 -2.934 -3.161 -2.974
-4.167 -3.500 -4.943 -4.437 -4.348
-3.241 -3.219 -3.221 -2.565 -2.913
-8.789 -2.929 -2.987 -3.082 -2.794
-4.899 -4.409 -4.556 -4.715 -4.678
-4.534 -4.310 -4.364 -4.365 -4.185
-4.457 -4.040 -4.421 -4.700 -4.601
-1.352 -1.337 -1.579 -1.649 -1.469
-3.151 -2.717 -2.819 -3.006 -3.005
-1.575 -1.343 -1.382 -1.650 -1.468
-2.870 -2.847 -3.180 -3.101 -2.929
-1.573 -1.481 -1.629 -1.640 -1.483
-2.910 -2.872 -3.077 -3.102 -2.943
-4.838 -4.485 -4.569 -4.753 -4.574
-2.852 -2.841 -3.074 -3.088 -2.921
-1.352 -1.399 -1.649 -1.545 -1.477
-4.121 -4.217 -4.158 -4.147 -4.146
-3.244 -2.343 -2.903 -3.030 -2.976
-1.344 -1.633 -1.640 -1.543 -1.477
-1.573 -1.497 -1.649 -1.545 -1.477
-1.370 -1.357 -1.578 -1.640 -1.483
-1.344 -1.194 -1.579 -1.650 -1.468
-6.062 -6.131 -6.254 -6.248 -6.060
-6.853 -5.930 -6.105 -6.251 -6.251
-6.116 -6.285 -6.521 -5.410 -5.659
-6.349 -6.301 -6.233 -5.715 -5.776
-6.165 -6.120 -6.388 -6.506 -5.735
-6.155 -6.045 -6.390 -5.818 -5.673
-6.887 -6.918 -6.076 -6.089 -6.015
-6.879 -6.896 -6.078 -6.108 -6.173
-6.562 -6.854 -6.105 -6.252 -6.253
-6.264 -6.044 -5.946 -5.948 -5.949
-6.912 -6.500 -6.106 -6.252 -6.251
-6.083 -5.210 -5.733 -6.017 -6.038
-5.498 -5.925 -6.062 -6.063 -5.950
-6.884 -6.727 -6.683 -6.253 -6.252
-6.157 -6.239 -6.206 -5.814 -5.815
-13.857 -13.774 -14.336 -14.336 -14.336
-7.982 -8.109 -13.176 -12.587 -11.565
-11.594 -11.521 -11.990 -11.988 -11.627
-11.924 -10.262 -11.367 -11.370 -11.747
-7.699 -7.901 -8.864 -8.725 -8.724
-9.381 -8.846 -8.961 -8.962 -8.826
-7.821 -7.315 -7.584 -7.725 -7.710
-7.220 -6.540 -7.777 -7.843 -7.009
-6.835 -6.759 -6.063 -6.082 -6.008
-5.856 -5.123 -5.607 -5.927 -5.533
-6.181 -5.424 -6.179 -5.697 -5.821
-2.875 -2.468 -5.916 -5.827 -5.560
-6.891 -6.028 -6.067 -6.251 -6.250
-6.851 -6.733 -6.823 -6.252 -6.251
-6.267 -5.964 -5.946 -5.976 -5.976
-6.473 -6.407 -5.973 -5.980 -5.979
-5.816 -5.759 -6.197 -6.249 -5.991
-6.185 -5.476 -6.424 -6.308 -6.110
-6.972 -6.820 -6.106 -6.251 -6.250
-6.889 -6.893 -6.712 -5.777 -5.791
-23.517 -6.024 -5.990 -5.927 -5.927
-6.300 -6.095 -6.204 -6.265 -6.087
-6.660 -6.697 -6.833 -6.253 -6.253
-6.057 -6.067 -6.279 -6.258 -5.970
-6.265 -5.929 -6.197 -6.112 -5.971
-4.457 -4.548 -4.139 -3.911 -3.911
-4.542 -4.472 -4.107 -4.141 -4.141
-10.867 -11.660 -12.062 -11.427 -11.554
-4.338 -4.351 -4.518 -4.536 -4.470
-4.290 -3.385 -5.191 -4.756 -4.576
-4.564 -3.911 -4.323 -4.438 -4.352
-12.711 -13.500 -18.631 -18.671 -18.670
-11.335 -11.095 -11.670 -11.672 -11.671
-7.785 -8.392 -9.419 -8.355 -8.633
-7.250 -5.796 -7.559 -7.598 -7.366
-6.139 -5.799 -6.121 -5.967 -5.967
-6.879 -6.852 -6.832 -6.253 -6.252
-6.392 -4.901 -5.798 -5.721 -5.781
-6.975 -6.754 -6.832 -6.253 -6.252
-5.014 -4.169 -4.396 -4.412 -4.440
-2.964 -2.689 -2.873 -3.278 -2.969
-3.262 -3.203 -2.816 -2.970 -2.970
-2.910 -2.872 -3.077 -3.102 -2.943
-3.197 -2.778 -2.868 -2.967 -2.967
9.937 6.148 -11.451 -12.172 -12.170
-1.419 -2.564 -2.806 -2.810 -2.640
-3.167 -2.465 -2.964 -2.824 -2.948
-6.013 -6.067 -6.321 -5.787 -5.925
-1.371 -1.489 -1.632 -1.539 -1.477
-4.310 -5.315 -15.132 -16.230 -16.230
-4.189 -4.056 -3.851 -4.143 -4.141
-4.494 -4.385 -4.492 -4.671 -4.627
-3.123 -3.198 -3.242 -3.022 -2.974
-3.030 -3.155 -2.686 -2.689 -2.827
-2.873 -2.789 -3.177 -3.076 -2.905
-2.851 -2.596 -2.989 -2.985 -2.985
-4.197 -4.222 -4.164 -4.149 -4.148
-2.967 -2.918 -2.944 -2.954 -2.927
-2.558 -2.616 -3.242 -3.031 -2.976
-4.364 -4.413 -4.316 -4.436 -4.351
-5.022 -4.989 -4.421 -4.699 -4.599
-5.007 -4.330 -4.394 -4.432 -4.494
-3.207 -2.755 -2.818 -2.966 -2.966
-3.168 -3.166 -3.252 -2.965 -2.964
-3.186 -2.805 -2.932 -3.094 -2.916
-3.178 -2.373 -2.823 -3.007 -3.008
-3.183 -3.187 -2.862 -2.966 -2.965
-3.183 -3.198 -2.843 -2.970 -2.970
-3.192 -2.532 -2.619 -2.617 -2.812
-3.183 -3.096 -2.862 -2.966 -2.965
-3.164 -3.155 -2.844 -3.032 -2.975
-3.171 -2.788 -2.956 -2.954 -2.932
-2.895 -2.712 -3.170 -3.104 -2.930
-4.193 -4.262 -4.293 -4.147 -4.145
-4.162 -3.947 -4.890 -4.509 -4.471
-4.168 -4.062 -4.140 -3.907 -3.907
-2.895 -2.753 -2.858 -3.106 -2.918
-3.164 -3.097 -2.687 -2.688 -2.849
-3.214 -3.059 -2.881 -2.957 -2.956
-2.882 -2.701 -3.173 -3.103 -2.928
-2.486 -2.769 -3.100 -3.102 -2.939
-4.541 -3.975 -4.086 -4.086 -4.203
-2.654 -2.684 -3.155 -2.851 -2.960
-2.886 -2.264 -2.780 -2.789 -2.645
-2.645 -2.595 -3.165 -3.094 -2.932
-2.399 -2.940 -2.868 -2.967 -2.967
-3.184 -3.098 -2.867 -2.967 -2.967
-2.842 -2.856 -3.052 -3.022 -2.976
-1.582 -1.302 -1.580 -1.640 -1.481
-1.372 -1.350 -1.565 -1.640 -1.482
-2.906 -2.812 -3.101 -3.104 -2.932
-3.202 -3.193 -2.817 -3.009 -3.008
-1.573 -1.043 -1.580 -1.640 -1.484
-3.177 -3.134 -2.832 -2.976 -2.975
-1.349 -1.510 -1.627 -1.640 -1.483
-2.858 -2.735 -2.888 -3.105 -2.917
-1.373 -1.331 -1.627 -1.640 -1.482
-6.062 -6.131 -6.254 -6.248 -6.060
-6.853 -5.930 -6.105 -6.251 -6.251
-6.116 -6.285 -6.521 -5.410 -5.659
-6.349 -6.301 -6.233 -5.715 -5.776
-6.165 -6.120 -6.388 -6.506 -5.735
-6.155 -6.045 -6.390 -5.818 -5.673
-6.887 -6.918 -6.076 -6.089 -6.015
-8.366 -7.532 -7.896 -7.440 -7.379
-7.708 -7.417 -7.721 -7.818 -7.763
-6.163 -5.696 -5.704 -5.707 -5.832
-6.804 -6.922 -6.074 -6.088 -6.019
-6.324 -5.042 -5.236 -5.412 -5.662
-5.957 -5.888 -6.396 -6.169 -5.963
-6.249 -6.349 -5.934 -5.934 -5.934
-6.881 -5.554 -5.730 -5.816 -5.602
-6.883 -6.659 -6.961 -6.107 -6.176
-6.879 -6.896 -6.078 -6.108 -6.173
-11.320 -11.407 -11.960 -11.958 -11.957
-12.694 -12.681 -12.910 -12.916 -12.916
-11.559 -11.602 -13.015 -12.590 -11.566
-11.021 -10.872 -12.717 -12.718 -12.378
-6.894 -6.784 -6.108 -6.252 -6.252
-6.442 -6.221 -5.925 -5.931 -5.932
-6.894 -6.894 -6.076 -6.046 -5.855
-6.884 -6.750 -6.824 -6.253 -6.252
-6.958 -6.880 -6.104 -6.252 -6.251
-6.323 -5.567 -6.416 -6.311 -6.112
-6.949 -6.916 -6.200 -6.253 -6.253
-6.382 -6.321 -5.961 -5.711 -5.830
-6.217 -4.954 -5.278 -5.402 -5.660
-6.823 -6.454 -6.067 -6.078 -5.967
-5.546 -5.600 -5.827 -5.712 -5.790
-6.790 -6.761 -6.063 -6.087 -6.015
-6.413 -5.702 -5.909 -6.055 -6.055
-6.474 -5.725 -6.029 -6.044 -6.044
-6.011 -6.457 -5.970 -5.905 -5.905
-17.199 -17.149 -20.159 -19.051 -17.829
-15.735 -15.424 -17.496 -18.151 -18.152
-7.266 -6.606 -8.202 -8.191 -8.612
-9.247 -9.600 -9.778 -9.798 -9.870
-6.361 -6.294 -10.977 -11.266 -11.583
-8.590 -8.748 -8.757 -9.181 -8.943
-8.415 -8.140 -7.569 -7.576 -7.501
-5.797 -5.580 -5.615 -5.619 -5.527
-5.613 -6.460 -5.965 -5.902 -5.901
-6.615 -6.716 -6.814 -6.247 -6.246
-6.903 -6.011 -6.107 -6.252 -6.252
-6.155 -5.341 -5.572 -5.862 -5.931
-6.858 -6.914 -6.104 -6.251 -6.251
-6.878 -6.909 -6.075 -6.056 -5.871
-6.958 -6.727 -6.803 -6.090 -6.018
-6.785 -6.730 -6.833 -6.247 -6.246
-6.339 -5.252 -6.393 -6.160 -5.939
-6.266 -6.159 -6.298 -6.304 -6.103
-2.964 -2.689 -2.873 -3.278 -2.969
-3.262 -3.203 -2.816 -2.970 -2.970
-2.910 -2.872 -3.077 -3.102 -2.943
-3.197 -2.778 -2.868 -2.967 -2.967
-1.419 -2.564 -2.806 -2.810 -2.640
-6.142 -5.878 -6.374 -5.771 -6.024
-3.167 -2.465 -2.964 -2.824 -2.948
-17.658 -17.726 -17.193 -17.180 -17.179
-1.371 -1.489 -1.632 -1.539 -1.477
-6.930 -6.795 -6.833 -6.253 -6.253
-4.274 -3.779 -4.779 -4.756 -4.573
-4.010 -4.215 -3.848 -4.148 -4.147
-4.115 -4.791 -4.617 -4.675 -4.600
-4.163 -4.257 -4.280 -4.149 -4.147
-4.588 -3.959 -4.436 -4.438 -4.351
-4.773 -4.687 -5.192 -4.756 -4.575
-4.581 -4.609 -4.392 -4.101 -4.036
-3.606 -4.133 -4.162 -4.148 -4.146
-4.637 -4.463 -4.440 -4.436 -4.286
-5.039 -4.029 -4.548 -4.634 -4.592
-4.126 -4.203 -3.855 -4.147 -4.146
-5.074 -4.758 -4.541 -4.742 -4.588
-4.616 -4.627 -4.235 -4.409 -4.449
-5.008 -4.463 -4.401 -4.671 -4.625
-4.192 -4.144 -4.163 -4.149 -4.148
-4.599 -4.520 -4.728 -4.735 -4.454
-4.518 -4.733 -4.898 -4.756 -4.574
-4.520 -3.928 -4.624 -4.692 -4.607
-3.551 -4.093 -4.160 -4.147 -4.146
-4.429 -3.990 -4.306 -4.437 -4.350
-4.080 -4.034 -4.526 -4.432 -4.486
-4.540 -4.238 -4.363 -4.364 -4.182
-4.478 -4.770 -4.425 -4.723 -4.643
-3.110 -3.068 -2.822 -3.007 -3.007
-2.634 -2.654 -2.492 -2.890 -2.891
-3.202 -2.541 -2.804 -3.009 -3.008
-3.104 -3.169 -2.822 -3.009 -3.008
-2.887 -2.644 -3.011 -3.106 -2.918
-3.191 -3.165 -3.250 -2.964 -2.963
-2.917 -2.903 -3.160 -3.101 -2.927
-3.113 -3.039 -2.552 -2.957 -2.807
-2.827 -3.150 -2.560 -2.560 -2.940
-2.677 -2.751 -2.935 -2.825 -2.724
-2.901 -2.668 -2.918 -3.104 -2.930
-2.790 -2.675 -2.810 -2.859 -2.947
-3.184 -3.186 -2.954 -2.954 -2.928
-3.262 -3.237 -3.245 -3.023 -2.976
-3.191 -2.749 -2.867 -2.967 -2.966
-3.255 -3.217 -2.866 -2.967 -2.967
-3.264 -3.182 -2.825 -3.008 -3.008
-2.994 -3.180 -3.234 -3.020 -2.973
-2.899 -2.882 -2.953 -2.854 -2.912
-1.564 -1.603 -1.649 -1.554 -1.481
-1.347 -1.336 -1.436 -1.524 -1.424
-1.533 -1.462 -1.630 -1.545 -1.475
-1.356 -1.476 -1.630 -1.640 -1.483
-1.359 -1.345 -1.365 -1.524 -1.430
-1.344 -1.179 -1.618 -1.640 -1.482
