hardness
 (GPa)  
  -0.542
  -0.720
  -0.499
  -0.465
   1.357
   1.269
  -0.465
   0.490
   0.357
   0.210
  -0.078
  -0.309
   0.184
  -0.696
  -0.160
  -0.266
   0.391
   0.173
   0.924
   0.344
  -0.869
  -0.166
  -0.386
  -0.218
   0.030
   0.064
   0.116
  -0.070
  -3.039
  -0.422
  -0.438
  -0.118
  -0.199
  -0.394
  -0.975
  -1.218
   0.227
  -0.090
  -0.189
   0.231
  -0.229
   0.346
   0.753
  -0.565
  -0.907
  -0.497
   0.211
  -0.272
  -0.480
  -0.519
  -0.380
   0.326
  -0.077
   0.343
   1.060
  -0.120
   0.526
   0.107
   0.914
  -0.280
  -0.561
  -0.946
   0.383
  -0.248
  -0.073
  -0.157
   0.318
   0.881
   0.235
  -0.417
   0.216
   0.563
   0.471
   0.317
   0.523
  -1.051
   0.282
   0.638
  -0.296
  -0.496
   0.375
  -0.184
   0.641
   0.177
  -0.460
  -1.384
   0.727
   0.420
   0.621
   0.289
   0.090
   0.712
  -0.420
   0.208
   0.301
   0.731
   0.947
   0.925
   0.020
  -0.586
   0.125
   0.595
   0.610
  -0.134
   0.414
   0.744
   0.006
   0.506
   0.849
  -0.424
  -0.676
  -0.989
  -0.065
  -1.141
   1.400
  -1.383
   0.230
   0.268
   0.608
  -0.824
   0.688
  -0.417
   0.626
   0.658
   0.100
  -0.231
  -0.748
   0.120
   1.073
  -0.512
   0.322
  -0.257
  -0.608
  -0.215
   0.638
   0.549
  -0.227
   0.930
   0.770
   0.281
   0.648
  -0.191
   0.389
  -0.484
   0.974
   0.262
  -0.249
   0.969
  -0.320
  -0.024
   0.622
   0.380
   0.218
   1.221
  -0.190
   0.220
   1.499
   2.000
  -0.974
   1.728
   0.245
  -0.392
   0.916
   0.448
  -0.140
  -0.617
   0.120
   1.118
   0.835
   0.396
   0.329
   1.333
   1.034
   1.885
   0.028
   0.448
   1.137
   1.486
   0.008
   0.215
   0.086
   1.778
   0.934
   1.856
   1.250
   0.199
   1.583
   1.255
   1.830
   1.303
   1.357
   1.269
   1.060
   1.400
   0.204
  -0.727
  -1.316
  -0.765
   1.090
  -0.656
   0.715
  -0.599
  -0.186
  -0.041
  -0.290
   0.138
  -0.350
  -0.222
   0.323
  -0.249
   0.881
   1.142
   0.065
   0.116
   0.352
   0.531
   0.077
   1.073
   0.398
  -0.579
   0.296
   1.499
   1.221
   1.146
   0.443
   0.150
   0.611
  -1.035
  -0.352
  -0.208
   0.343
  -0.168
   0.013
   0.394
   0.139
   2.000
   1.728
   0.028
   0.580
   0.662
   0.484
   0.410
   1.885
   1.333
   1.255
   1.137
  -0.106
   0.016
  -0.368
   0.573
   0.629
   0.405
   0.581
   1.856
   1.830
  -0.230
   0.009
   0.361
  -0.445
  -0.140
  -0.685
  -0.740
   1.206
   0.568
   0.864
   1.249
   1.270
   0.068
   0.771
  -0.002
   1.511
   0.582
   1.235
   0.922
  -0.207
   0.623
   0.012
  -0.350
  -1.790
  -0.257
  -0.072
  -0.561
   1.141
   1.543
   1.134
   0.735
   1.016
   0.969
  -3.337
  -0.146
   0.352
   0.502
   1.250
   2.009
   1.338
   0.490
   0.981
   1.324
  -3.398
   1.316
   1.869
   1.357
   1.269
   1.400
   1.499
   0.196
   0.146
  -0.247
   1.100
   0.796
   0.107
  -0.733
   0.132
  -0.886
   0.274
  -0.085
  -0.518
   1.167
   0.306
  -0.381
   0.644
  -0.121
  -0.115
  -0.054
  -1.080
   0.938
   1.297
   0.480
  -0.473
   2.009
   1.728
   1.543
   1.511
   1.270
   0.420
  -0.684
   0.091
  -0.828
  -0.389
  -0.154
   0.536
  -0.571
   0.988
   0.629
   0.392
  -0.036
   0.822
   0.247
   0.198
   0.531
   1.885
   1.338
   1.324
  -0.973
   0.690
  -0.251
   1.869
   1.856
   1.830
  -2.917
   0.448
  -0.346
   0.474
   1.035
   0.938
   0.361
   1.461
   0.961
   0.927
   1.374
   1.517
   0.991
   1.333
   0.768
   1.090
   1.641
   1.489
   1.534
   0.104
   0.837
   0.685
   0.956
   1.843
   0.417
   0.625
   0.904
   1.313
   1.188
   0.253
   0.812
   1.193
   1.517
  -0.374
   0.746
   1.569
   0.095
   1.206
  -2.254
  -0.248
   0.928
   0.552
  -0.433
   0.975
   1.795
   0.691
   0.723
   1.110
   1.357
   1.400
  -0.815
   1.553
   0.856
  -0.246
   0.301
   0.347
  -0.292
   0.758
   0.606
  -0.029
   1.116
  -0.747
   0.746
  -0.622
   1.581
   1.472
  -0.040
   1.483
   1.098
  -0.359
   0.740
   1.588
   0.942
   0.111
   0.831
  -0.015
  -2.141
   0.938
   0.581
   0.951
  -3.400
   1.276
   0.020
   2.009
   1.728
   1.641
   1.543
   1.374
   1.333
  -0.014
   0.171
   0.755
   1.118
  -0.161
   0.544
  -0.173
   0.979
   0.343
  -0.861
   0.725
   0.424
   1.885
   1.843
   0.157
   1.338
   0.547
   0.078
   0.730
   1.869
   1.856
   1.795
   1.569
   0.190
   0.710
   0.675
   1.525
   0.066
   0.104
   1.733
  -0.604
   1.217
   0.623
   0.572
  -1.182
   0.661
   1.348
   0.039
   0.051
   0.461
   0.686
   1.553
   1.429
   1.606
   0.339
   1.488
  -0.806
   0.520
   1.195
   1.566
   2.005
   0.967
  -0.148
  -0.069
   0.269
   1.138
   0.197
   1.967
   1.335
   0.028
   1.418
   1.710
   1.480
   1.961
   0.412
  -0.379
   1.586
   0.402
   1.225
   0.516
   1.268
   1.400
   1.472
   0.154
   1.273
   0.267
   1.373
  -1.421
   0.203
  -0.835
   1.828
   1.160
  -0.175
  -0.073
   2.009
  -0.195
   1.961
   1.728
   0.292
   1.641
  -0.660
   0.765
   0.074
   1.667
   1.542
   0.689
   1.085
   0.178
   1.354
   0.696
   1.956
  -0.402
  -0.419
  -1.043
  -0.928
   1.543
  -0.327
   1.526
   0.302
   0.269
   1.885
  -0.511
   1.843
   1.891
  -0.212
   0.658
   0.460
   0.919
  -0.893
  -0.093
  -0.093
   1.710
   1.553
  -0.262
   0.771
  -0.640
   1.122
   0.250
  -0.023
   1.967
   1.869
   1.856
   1.569
   0.762
  -0.046
  -0.463
   0.704
   0.671
  -0.927
   0.384
   1.584
   0.360
   0.205
   0.670
   1.595
   1.319
   0.827
   0.428
   0.699
   1.059
   0.759
   1.206
   1.201
   1.766
   1.234
  -0.711
   0.685
   1.312
   0.375
   1.935
   1.122
  -0.227
   0.212
   1.271
   1.715
   1.045
   1.246
   0.428
   1.600
   1.481
   0.228
   0.922
   0.739
   1.484
   1.360
   0.412
   1.552
   0.730
   1.280
  -3.382
  -3.393
   1.891
   0.138
  -0.783
   1.155
   0.385
   0.135
   0.243
   0.591
   0.663
   1.205
   0.000
   0.714
   0.171
   0.929
   0.098
   0.133
   2.009
   1.961
   0.994
   1.956
  -0.085
  -0.021
   1.037
   1.727
  -0.912
  -0.258
   1.790
   1.014
   0.437
   0.900
   1.274
   1.728
  -0.012
   1.641
   1.241
  -0.030
   1.843
  -0.210
   1.710
  -0.079
   0.487
  -0.228
   1.553
   0.601
  -0.261
  -0.211
   1.552
   0.193
   0.673
   0.573
   1.069
   0.156
   0.242
   1.399
   0.266
   0.316
   1.967
   1.935
   1.869
   1.856
   1.569
   1.535
   0.994
   1.242
   0.764
  -1.042
   0.451
   0.592
   0.975
  -0.771
   1.452
   0.685
  -0.046
   0.680
   0.298
   0.741
   0.630
   0.924
   0.794
   1.336
   1.503
   1.487
   1.066
  -0.014
   1.177
   1.528
  -0.466
   1.775
   0.230
   0.894
  -2.051
   0.623
   1.341
   0.690
   1.636
  -1.102
   0.225
   1.213
   1.165
   0.986
   1.504
   1.736
   0.324
   1.280
   1.790
  -1.266
   0.615
   0.553
   1.750
   1.661
  -3.397
   1.891
   2.009
   1.961
   1.956
   1.790
   1.728
   1.641
   0.380
  -0.203
  -0.679
  -0.039
   1.982
  -1.141
  -0.444
   0.101
   0.698
   0.635
   0.190
  -0.205
   1.177
   0.879
   1.624
   0.231
   1.398
   0.896
   1.501
   1.839
   0.474
   0.349
   0.196
   1.336
   1.624
   1.134
   0.349
  -0.845
   0.684
  -0.155
   1.843
   1.710
   1.553
  -0.740
  -0.209
   0.378
   1.250
  -0.741
   0.431
  -0.154
  -0.275
   1.206
   0.606
   1.968
   1.967
   1.935
   1.639
   0.122
  -0.117
   0.046
   1.869
   1.856
   1.569
  -0.021
  -0.639
  -1.019
   0.315
   0.062
   0.398
   0.584
   1.004
   1.040
  -0.543
   0.280
   1.621
   0.468
   0.567
   0.023
   0.768
   0.557
   0.652
   0.855
   2.211
   0.255
   0.331
  -0.078
   0.755
  -0.632
   1.166
   1.602
   1.275
   1.109
   1.729
   1.678
   1.088
   1.060
   0.990
   1.056
   0.234
   1.208
   0.751
  -0.254
   2.007
   1.939
   0.666
   0.699
   0.991
   1.230
   0.976
   1.891
   0.383
   0.615
   0.813
   0.377
   0.925
   0.935
   1.233
   0.912
  -0.007
   0.211
   0.345
   2.009
   0.378
   1.982
   0.632
   0.106
   0.450
   0.284
   1.419
   1.583
   1.104
   1.093
  -0.848
   0.277
   1.578
   1.669
   1.981
   0.164
   1.630
   1.676
   1.351
   1.531
   0.627
   0.805
  -0.496
   0.563
   1.961
   1.956
   1.790
   1.728
   1.641
   1.624
  -0.244
   1.553
   0.458
   1.406
   1.130
  -0.670
   0.213
   0.473
   0.190
   1.681
  -1.141
   0.023
  -1.601
   0.992
   1.709
   1.863
   0.090
   2.211
   1.967
   1.856
   1.569
   1.939
   1.733
   0.694
   1.134
   1.107
   1.408
   0.896
   1.468
   1.872
   0.111
   0.586
   1.347
   1.449
   0.658
   0.120
   1.330
   1.266
   0.787
   1.880
  -0.283
   0.578
   0.979
   1.352
   0.010
   0.400
   0.892
   1.475
   0.607
  -0.120
   1.718
   1.275
  -0.182
   0.476
   0.757
   1.148
   1.320
   1.603
   1.279
   1.869
   0.942
   0.199
   0.545
   1.917
   1.092
   1.644
   1.361
   0.622
   0.878
   1.891
   1.863
  -0.781
   0.163
  -0.349
   0.461
   1.596
   0.712
   0.129
  -0.204
   1.271
   0.329
   1.515
   1.036
   0.358
   1.282
   0.428
  -1.134
   0.708
   0.829
   0.093
   0.060
   2.009
   1.982
   1.961
   1.956
   1.728
   1.641
   1.583
  -0.615
   0.736
   1.171
   1.525
   0.973
   0.498
   0.637
   2.108
   0.511
  -0.127
   0.142
   1.060
   0.395
  -0.727
   0.703
   1.154
   0.148
  -0.692
  -0.209
   1.259
   1.199
   0.654
   1.180
   0.532
   1.532
  -0.583
   1.539
   2.211
   1.967
   1.869
   1.856
   1.569
   1.939
   1.744
   1.178
   0.143
   1.278
   0.223
   0.839
   1.520
   0.266
   1.512
   0.232
   0.570
   1.033
   1.039
   1.245
   0.075
   0.746
   0.089
   0.259
   0.570
   0.566
   1.085
   0.242
   0.218
   0.567
   1.071
  -0.249
   0.580
   1.987
   0.244
   0.355
  -0.421
   2.041
   1.108
   0.162
   0.112
   1.891
   1.484
   0.323
   1.634
   1.151
   1.176
   1.034
  -0.857
   1.086
  -0.180
   1.036
   1.099
   1.891
   1.863
   2.009
   1.961
   1.956
   1.728
   1.641
   1.583
   0.127
   0.863
  -0.079
  -0.048
  -0.348
   0.345
   0.125
   0.460
   0.115
  -0.345
  -0.229
   0.945
   0.317
   0.170
   0.979
   2.004
   1.975
   0.245
   1.106
   1.437
   0.076
   0.495
   1.569
   1.681
   0.383
   0.002
   0.292
   1.833
   0.330
  -0.398
  -0.984
   0.844
   0.274
   1.799
   0.583
   1.539
   1.592
   0.533
   1.224
   1.427
   0.045
   0.551
   1.138
  -0.962
   2.211
   2.041
   1.987
   0.073
   1.967
   1.869
   0.095
   0.320
   1.861
   1.856
   1.939
   0.585
   0.932
  -0.007
   1.099
   0.703
   0.963
   0.811
   0.981
   1.359
   0.407
   1.197
   1.295
   1.311
   0.608
   1.056
   0.618
   1.188
  -0.668
   1.125
   1.625
   1.718
   1.273
   1.204
   1.435
   0.037
   1.466
   0.958
   0.918
  -1.737
   1.046
   1.623
   1.465
   1.684
   1.264
   1.462
   0.338
   2.037
   0.564
   1.890
   1.880
   2.022
  -0.499
   1.377
   0.898
   2.009
   2.004
   1.975
   1.961
   1.956
   1.728
   1.641
   0.318
   0.180
  -0.271
   0.951
   0.670
   0.790
   0.693
   2.133
  -0.001
   0.977
   0.463
   0.430
   1.863
   0.436
   0.099
   1.165
   0.828
   0.449
   1.261
   0.393
   1.563
   1.490
   1.494
   1.338
   0.594
  -0.021
  -1.566
  -0.737
   1.104
   1.948
   0.399
  -0.984
  -0.016
   2.037
  -0.193
  -0.637
   0.389
   1.527
   0.842
   0.795
  -0.879
   0.103
  -0.384
   1.459
  -0.352
   1.227
   1.641
   1.001
   2.211
   2.041
   2.022
   1.987
   1.967
   1.869
   1.856
  -1.024
   1.841
   1.941
   1.881
  -0.327
  -0.851
   1.657
   1.057
   1.050
   0.045
   0.965
   1.285
   0.986
   0.702
   0.058
   0.658
   0.787
   1.580
   1.211
   0.973
   0.517
   0.110
   0.741
   1.624
   1.461
   1.714
   1.511
   2.006
   1.227
   2.015
   0.365
   0.204
   1.575
  -0.237
  -0.547
   1.770
   1.479
  -0.161
   0.809
   0.605
   1.372
  -1.004
   0.887
   1.618
   0.001
   2.133
   2.009
   2.004
   1.956
   1.728
   1.641
   1.594
   1.660
   0.211
  -0.265
  -0.419
  -0.394
   1.370
   1.963
   0.416
   0.960
   0.217
  -0.469
   0.023
   0.016
   1.677
   0.485
   1.504
   1.088
   0.457
   0.905
   1.267
   0.890
   0.317
   1.655
   1.490
   0.440
   1.843
   2.037
   1.693
   1.155
  -0.494
  -0.045
   1.002
   0.821
  -0.080
   0.290
   1.078
   1.108
   0.402
   1.166
   1.856
   0.681
  -0.478
   2.211
   2.041
   2.022
   2.015
   1.987
   1.967
   1.869
   1.856
   0.400
   0.978
   0.161
   0.225
   0.680
   0.579
   0.981
   1.355
   0.745
  -0.032
   0.682
   1.391
   0.950
   1.465
   0.444
   1.139
   1.720
  -1.650
   0.779
   0.928
   1.029
   0.388
   1.796
  -0.425
   1.255
   0.954
   1.277
   0.704
   0.984
   1.411
   1.365
   1.511
   1.153
   0.087
   1.470
   1.177
   1.426
   0.394
   0.548
   1.108
   1.192
  -0.779
   0.272
  -1.802
   1.510
   1.495
   1.716
   2.133
   2.009
   2.004
   1.956
   1.728
   1.693
  -0.582
  -0.916
   0.120
  -0.081
   0.405
   0.352
  -0.549
  -0.276
   0.814
   1.194
   0.138
   0.368
   0.354
   1.490
  -0.282
   1.862
   1.560
   0.937
  -0.251
  -0.552
   1.382
   1.187
   0.667
   0.204
   1.066
   1.750
   2.037
   0.863
   1.081
   1.342
  -0.296
   0.264
   0.641
   1.595
   1.050
   0.448
   2.029
   1.284
   0.825
   1.114
   0.315
   0.854
   1.796
  -0.800
  -0.443
   0.145
  -0.079
   0.997
   1.991
  -0.486
   2.211
   2.041
   2.022
   2.015
   1.155
   1.987
   1.967
   1.869
   1.856
   1.031
   0.735
  -0.754
   0.349
   0.908
   1.494
   0.761
   0.549
   1.331
   1.665
   1.579
   1.133
   1.358
   1.731
   1.215
   1.623
   1.695
   1.646
  -3.363
   0.675
   1.624
   1.647
   1.493
   1.103
   0.328
   0.511
   1.047
   0.947
   0.875
  -0.249
   0.630
   0.300
   1.500
   1.301
   0.382
   1.116
   0.707
   2.030
   0.259
   1.644
   0.767
   0.578
   1.894
   0.020
   1.498
   2.133
   2.009
   2.004
   1.956
   1.728
   1.693
   0.264
   0.363
  -0.025
   0.275
   0.425
   1.060
  -0.509
   0.864
   2.104
   0.382
  -0.501
  -0.129
   0.207
   0.584
   1.672
   2.132
   1.727
  -0.322
   2.172
   0.175
   1.015
   0.294
  -0.213
   0.148
   1.596
   0.932
   1.178
   0.674
   0.042
   1.975
   1.319
   0.284
   1.672
   1.079
  -0.830
   1.030
   1.235
   2.037
   0.955
  -0.251
  -0.165
   0.140
   0.591
   0.195
   0.723
   1.736
   1.018
   0.996
   1.419
   2.211
   2.041
   2.030
   2.022
   1.987
   1.967
   1.894
   1.869
  -0.212
   1.510
   0.069
   1.019
   0.838
   0.959
   1.123
   0.679
   1.034
   1.608
   1.205
   0.829
   1.251
   0.843
   0.255
  -0.196
   0.208
   1.027
   0.233
   0.677
   1.909
   1.678
  -2.300
   1.312
   0.581
   1.581
   0.126
   1.928
   1.243
   1.784
   1.501
   1.742
   1.403
   1.378
   1.620
  -0.004
  -0.476
   1.090
   1.835
   1.478
   0.249
   1.284
  -0.195
   2.033
   2.114
   1.327
   0.214
   0.577
  -3.377
   0.400
  -0.370
   0.524
   0.604
   1.781
   1.960
   1.517
   0.450
   0.414
  -0.019
   0.286
   1.429
   0.612
   1.730
   1.779
   0.419
   0.825
   0.046
   1.073
   1.947
  -1.125
  -0.055
   1.033
   1.375
   0.021
   1.320
   2.172
   2.133
   2.132
   2.009
   1.956
  -1.137
   1.419
  -0.102
  -0.403
  -0.986
  -0.119
   0.415
  -0.089
   0.218
  -0.875
   1.135
   0.165
   0.825
   1.392
  -0.322
   0.655
   1.637
  -0.258
   2.211
   2.041
   2.030
   1.987
   1.967
   1.869
   1.742
   1.678
   1.284
   0.194
  -0.218
   1.077
  -0.153
   0.491
   1.256
   0.690
   0.811
   0.236
   0.061
   1.882
   0.248
   1.402
   1.436
   0.021
   1.505
   1.558
   1.877
   0.853
   1.099
  -0.411
   1.636
   1.361
  -0.227
   0.845
   0.870
   0.097
   1.757
   0.725
   0.680
   0.729
   0.930
  -0.229
   1.330
   1.498
   1.508
   2.104
   1.932
   2.029
   1.030
   0.499
   1.277
   0.464
   0.965
   1.679
   1.960
   1.493
   2.172
   2.133
   2.132
   2.009
   1.956
   1.637
  -0.477
  -0.048
   0.850
   1.057
   1.079
  -0.295
   0.833
   0.449
   1.142
   0.189
   1.419
   0.905
   0.435
  -0.338
   0.146
  -0.309
  -0.322
   1.269
  -0.432
  -0.757
   0.513
   0.989
   1.718
   1.581
   1.192
   0.078
   0.677
  -0.819
   1.261
   0.611
  -0.774
   0.442
   0.508
   1.001
   1.364
   1.667
   0.516
   0.374
  -0.415
  -0.934
   0.838
  -0.531
   1.520
   1.010
   1.436
   0.944
   0.476
   2.211
   2.041
   2.030
   1.987
   2.105
   1.967
   1.869
   1.678
   1.508
   1.525
   1.960
   0.383
   0.959
   1.258
   1.584
   0.859
   0.013
   0.255
   1.112
   0.332
  -1.215
   0.465
   0.758
   1.359
  -0.788
   0.619
   1.432
  -0.480
   0.574
   1.310
   0.996
   1.181
   0.035
   1.294
   0.446
   0.258
   0.735
   0.887
  -0.596
   1.346
   1.687
  -0.516
   1.618
   1.590
   1.507
   1.794
   1.529
  -0.878
   1.338
   2.097
  -0.222
   0.341
   0.855
   0.583
   0.160
   1.932
   1.695
  -0.239
   1.727
   2.172
   2.133
   2.132
   2.009
   1.956
   1.718
   1.637
   0.137
  -0.841
   1.616
   0.702
  -0.374
  -0.655
   1.075
   0.363
  -0.140
   0.889
   1.050
   0.397
  -0.126
   1.334
   1.940
   0.124
   1.255
   0.578
   0.354
  -0.235
   0.726
   1.120
  -0.421
   0.215
   0.258
   1.344
   1.606
   1.129
  -0.807
   0.263
   1.140
   0.195
   0.321
   2.138
   0.233
   0.929
   1.628
   1.740
   1.156
   1.471
  -1.183
   2.211
   2.041
   2.030
   1.987
   1.967
   1.869
   1.678
   0.514
   0.710
  -0.312
   1.444
   0.704
   1.199
   1.383
   0.501
   1.960
   1.315
   1.451
   1.102
   1.581
   1.417
   0.623
   0.634
   1.697
   1.302
  -0.157
   1.463
  -0.741
  -0.404
   0.967
   1.260
   0.847
   1.602
   1.332
  -0.137
   0.240
   0.511
   1.914
   2.123
   0.354
   0.602
   1.056
  -2.063
   1.120
   1.733
   1.697
   1.875
  -0.238
   2.039
   0.960
   1.625
   1.470
  -1.034
   0.625
  -2.733
  -0.172
   2.096
   1.541
   1.666
   1.246
  -0.485
   1.226
   2.172
   2.138
   2.132
   2.009
   1.956
   1.940
   0.259
   1.966
   2.028
   0.841
   2.058
   1.284
   1.421
   1.641
   1.392
   0.345
   0.270
   1.939
   1.244
   0.696
   0.345
   0.447
   0.537
  -0.908
   1.518
   1.315
   1.080
   1.358
   0.060
   0.662
   1.216
   0.387
  -0.754
   0.228
  -0.154
  -0.310
   0.086
  -1.531
   0.093
   1.837
   0.143
   0.554
   1.639
   0.503
   1.207
   1.426
   2.211
   2.041
   2.030
   1.987
   1.967
   1.869
   1.697
  -1.033
   0.273
  -0.215
   1.728
   1.678
   1.960
   1.134
   0.985
   0.597
  -0.261
   1.295
  -0.856
   0.794
   0.608
   0.846
  -0.311
   1.809
   1.378
   0.240
  -0.133
   0.811
   2.003
  -0.338
   1.670
   0.605
   1.088
  -0.248
   1.109
   0.237
   1.807
   1.166
  -0.659
   1.244
   1.603
   1.733
   1.254
   2.126
   0.668
   1.949
   1.126
   0.214
   1.279
   1.894
   0.937
   2.005
   1.554
   1.637
   2.095
  -1.378
   1.630
   2.104
   2.093
   2.172
   2.138
   2.132
   2.058
   1.956
   1.940
   0.753
   0.677
   0.849
   0.603
   1.369
   1.108
   0.609
   0.627
   2.089
   1.396
   1.693
   0.699
   0.647
   0.616
   0.499
   0.589
   1.733
   1.297
   1.047
   0.393
   1.403
   0.994
   0.984
   1.213
   0.055
   0.123
  -0.049
   1.381
   0.254
   1.722
   1.322
   0.568
   1.413
   1.417
   0.776
   0.933
   2.211
   2.041
   2.030
   1.987
   1.773
   0.391
   1.967
   1.869
   1.678
  -2.450
   0.028
   0.960
   1.198
   2.005
   0.174
   1.733
   1.061
  -0.092
   1.019
   0.037
   1.757
   1.200
   1.396
   1.082
  -0.567
   1.377
   0.976
   1.510
  -0.033
   0.163
  -0.242
   1.631
   0.621
   1.519
   1.377
  -3.369
   0.976
   0.359
   0.434
   0.059
  -0.197
   0.570
  -0.866
  -0.133
   0.163
   1.071
   1.040
   0.570
   2.094
   1.205
   1.705
   1.948
   1.899
   0.437
   1.678
   1.761
   1.686
   1.511
   1.157
   0.005
  -0.010
   0.050
  -0.175
   0.605
   0.699
   1.989
   1.597
   0.605
  -0.401
   0.545
   0.869
   0.287
   0.533
   1.382
   0.108
   1.483
   0.287
   1.684
   1.803
   0.665
  -0.225
   1.834
   1.017
   1.453
  -0.686
   1.741
   0.894
   2.172
   2.138
   2.132
   2.058
   1.956
   1.940
   1.722
   1.487
   0.531
  -0.656
   0.654
  -0.903
   1.180
   0.797
   1.014
   1.361
  -0.154
   0.387
   1.143
   2.018
   0.842
   2.211
   2.041
   2.030
   0.466
   1.987
  -0.210
   1.967
  -1.587
   1.869
   0.082
   1.942
   0.213
   1.642
  -0.480
   2.005
   1.733
   1.237
   0.001
   0.923
   0.936
  -0.247
   1.188
   0.356
   1.103
   0.679
   0.599
  -3.334
  -0.677
   1.401
  -0.213
  -0.148
   1.471
  -0.155
   2.026
  -0.067
   0.171
   1.984
   1.175
   1.357
   0.526
   0.510
   1.636
   1.418
   1.427
   1.672
   2.097
   1.888
   1.085
   1.896
   1.585
   0.838
   1.479
   0.655
   1.681
   2.107
   2.013
   2.095
   1.790
   0.839
   1.667
   2.104
   1.949
   1.580
   0.941
   2.172
   2.138
   2.132
   2.058
   1.956
   1.940
   1.722
   0.176
   1.280
   0.925
   0.972
   1.098
   0.528
   0.715
   1.391
   0.457
   0.227
  -0.114
   0.524
   0.454
   1.827
   0.514
   1.199
   1.489
   0.955
  -0.958
   2.082
   1.678
   1.612
  -1.164
  -0.402
   0.465
   0.897
   0.706
   0.565
   1.868
   0.591
  -0.283
   0.690
   0.851
  -0.402
  -0.138
   2.211
   2.041
   2.030
   1.987
   1.148
   1.967
   1.869
  -0.042
   0.477
   1.578
   2.027
   0.580
   1.933
   0.099
   0.880
   2.013
   1.733
   0.217
  -0.103
   1.056
   0.428
   1.569
  -0.262
   0.058
   1.219
   0.689
   0.990
   1.674
   1.878
   0.401
   0.712
   0.269
   0.996
   1.888
   0.881
   1.489
  -0.211
   0.911
  -0.266
  -0.163
   0.203
   1.047
   0.167
   1.599
   1.420
   0.222
   0.722
   1.286
   1.097
   1.698
   0.969
   2.094
   1.622
   1.663
   0.647
   0.954
   1.719
   0.892
   1.067
   1.946
   2.096
   1.473
   2.094
  -0.409
   0.434
   0.671
  -0.715
   0.585
   2.009
   2.098
   0.711
   1.067
  -0.867
   1.712
   0.093
   2.172
  -0.644
   2.138
   2.132
   2.082
   2.058
   1.940
   1.827
   2.087
   1.562
   1.857
  -0.837
   1.395
   1.902
  -0.500
   0.459
   0.180
   1.011
   0.226
   1.394
   0.013
   0.112
   0.308
   1.910
  -0.588
   0.714
  -1.736
  -0.072
  -1.952
   1.617
   1.843
   1.459
   0.909
  -0.054
   0.458
   0.052
   1.258
   0.388
   0.834
   2.211
   2.041
   2.030
   1.987
   1.967
   1.869
  -1.785
   0.557
   1.435
   1.184
   1.726
  -0.163
   2.013
   1.733
   0.997
   0.926
   0.491
   1.111
   1.476
   1.585
   0.545
   1.608
   1.045
   0.997
   1.883
   1.398
   0.642
  -3.395
   1.776
   1.481
   1.517
  -0.258
   1.490
   0.604
   1.699
   0.208
   0.800
   1.772
  -0.298
   0.627
   1.120
   0.072
  -0.448
   0.223
   1.013
  -0.035
   0.799
   1.664
   0.666
   1.692
   1.785
   2.095
   2.041
   1.257
   1.808
   1.948
   1.206
   0.398
   0.951
   1.932
   2.105
   1.703
   2.172
   2.138
   2.132
   2.087
   2.082
   2.058
   1.940
   1.827
   1.969
   1.182
   1.998
   1.153
   0.569
   2.032
   0.074
  -0.834
   0.157
  -0.365
  -0.291
  -0.712
   0.911
   1.458
   0.362
   1.557
   0.269
   0.421
  -0.479
   2.023
   0.844
   0.179
   0.859
   0.939
   0.819
   0.838
   1.249
   1.118
  -0.283
   0.238
   0.407
   0.301
   0.531
   1.189
  -0.740
   0.758
   0.687
   0.046
  -0.062
  -0.284
  -0.723
   0.440
   0.773
   0.436
   0.373
   1.285
   0.734
   2.211
   2.041
   2.041
   2.030
  -0.255
   1.987
   1.869
  -0.369
   2.013
   0.077
   0.723
   1.491
   0.249
  -0.672
   0.291
   1.142
   1.082
   1.128
   0.531
  -0.348
   1.637
   0.984
   1.496
   1.481
   0.602
   1.216
   1.362
   1.550
  -0.257
   1.363
  -0.172
   1.284
   2.028
   0.373
   1.226
  -1.391
   0.960
  -0.935
   0.260
   1.526
   1.265
   0.181
  -0.014
   1.151
  -0.574
   1.609
   2.021
   0.347
   2.100
   2.110
   1.532
   1.554
   2.117
   1.433
   2.095
  -0.147
   2.095
   2.172
   2.138
   2.132
   2.087
   2.082
   2.058
   1.940
   1.217
  -0.272
  -0.259
   1.042
   2.115
   0.300
   1.827
   0.590
   0.379
   1.827
  -0.001
   0.247
   0.167
   1.852
   1.637
   2.040
   0.225
   1.871
   2.031
   1.115
   2.018
  -0.131
   0.116
   0.482
   1.820
   0.952
   0.692
   1.462
   1.343
   0.510
   0.006
  -0.249
  -1.243
   0.943
  -0.007
   1.254
   0.852
   1.755
   2.104
   1.409
   0.614
   1.977
  -0.410
   1.385
   2.106
   0.169
   0.579
   2.211
   2.041
   2.041
   2.030
   1.987
   1.057
   1.869
  -0.411
   2.013
   0.637
   0.673
  -0.889
   1.489
   0.113
   0.247
   0.978
  -0.103
   1.226
   1.479
   1.340
   1.211
   1.455
   1.008
   1.414
   1.079
   0.550
   0.982
   1.205
   0.342
   0.104
   1.128
   0.666
   0.731
   0.674
   0.682
   1.499
   0.584
   0.769
   1.198
   1.534
   0.961
   1.166
   1.758
   0.326
   0.874
   1.274
  -0.630
   1.873
   1.616
   1.568
   0.339
   1.061
   1.614
   1.659
   1.926
   2.096
   1.678
   2.097
