2.631
2.876
1.993
1.737
1.772
1.793
1.645
2.598
2.098
1.665
2.095
1.460
1.535
1.796
1.515
1.955
1.518
1.320
1.623
1.453
2.601
2.087
1.939
1.719
1.935
1.752
1.439
1.477
1.992
1.415
1.903
1.531
1.454
1.930
1.708
1.816
1.639
1.772
2.053
1.846
1.826
1.958
1.697
1.498
2.208
1.711
1.796
1.497
2.234
1.813
1.794
2.064
1.423
2.012
1.704
1.913
1.897
1.715
1.920
1.567
1.731
1.707
1.650
1.664
1.393
1.691
2.040
2.458
2.871
1.833
2.491
1.399
2.165
1.663
1.359
1.685
1.294
1.918
1.571
1.708
1.875
1.839
1.522
1.860
1.669
1.693
2.839
1.414
1.802
1.591
1.714
1.815
2.090
2.751
1.913
1.388
1.578
1.685
2.982
1.472
1.965
2.096
2.891
1.717
3.306
1.956
1.573
1.807
2.023
1.572
1.534
1.476
1.575
2.160
1.982
2.288
1.884
2.659
1.708
1.967
1.558
3.050
1.782
2.274
1.341
1.367
1.473
2.407
2.178
1.298
1.945
1.967
1.739
2.136
2.649
1.683
2.016
1.429
2.135
1.526
1.823
1.670
2.025
1.477
1.498
1.721
2.637
2.181
2.157
1.701
1.864
1.989
1.426
1.509
1.566
1.352
1.602
2.138
2.911
2.948
1.947
1.799
1.326
1.544
2.019
1.964
1.464
1.682
2.040
2.250
1.533
1.819
1.138
1.722
2.361
2.459
1.825
2.482
1.660
1.660
1.567
2.096
1.366
1.793
1.834
1.529
2.347
2.007
1.512
1.877
2.830
1.550
2.876
2.601
1.939
1.958
1.692
2.175
2.007
1.607
1.523
1.387
2.649
1.788
1.522
1.297
1.716
1.695
1.492
1.138
1.607
1.263
1.566
2.891
1.595
1.347
1.600
1.272
1.494
1.487
1.499
1.596
2.040
1.828
1.476
1.501
2.407
2.288
1.884
1.418
1.510
0.827
1.482
1.527
1.480
1.486
2.637
1.029
2.043
1.510
1.547
1.375
1.625
1.674
2.911
1.554
2.948
1.947
1.506
1.164
2.482
2.250
0.575
1.246
1.197
3.315
1.928
1.613
1.729
1.372
2.037
1.487
1.695
1.579
1.448
1.389
1.352
1.710
1.578
1.548
1.920
1.640
1.830
2.097
2.670
1.682
1.854
1.698
1.037
1.509
1.449
1.109
0.616
1.745
1.084
2.137
1.060
1.336
2.020
1.623
0.999
1.941
0.549
1.580
2.337
1.393
1.086
1.913
1.083
0.675
0.866
2.225
2.876
2.601
1.939
1.958
2.175
1.580
1.679
1.656
1.743
1.528
1.535
1.638
1.658
3.315
2.891
2.670
1.309
1.960
1.307
1.748
1.322
1.125
1.720
0.508
1.622
1.403
1.647
2.407
1.391
2.288
1.545
1.484
1.422
2.637
1.822
1.289
1.735
1.351
0.767
1.355
2.911
2.948
1.947
1.952
1.475
1.385
1.410
1.653
1.358
2.250
1.399
1.296
1.610
1.389
1.329
2.791
1.560
1.468
1.350
1.381
1.256
1.588
1.595
1.441
1.377
1.252
1.536
1.635
1.517
2.231
1.693
1.368
1.451
1.429
0.993
1.332
1.540
0.827
1.028
0.569
0.974
1.177
1.515
1.653
1.567
0.501
0.546
1.552
2.050
1.442
0.575
2.769
2.069
1.516
1.305
1.522
2.178
1.714
1.405
1.364
1.830
0.570
2.876
2.601
1.939
1.958
2.175
2.864
1.308
3.315
1.386
2.891
1.995
1.474
2.670
1.552
1.592
1.478
1.482
1.432
1.494
1.745
1.472
1.716
1.829
2.407
1.208
2.288
1.445
1.512
1.927
1.361
1.467
1.667
1.432
1.539
2.637
1.394
1.619
1.475
1.178
1.399
1.348
1.415
2.911
2.948
1.947
1.769
1.562
2.087
2.751
1.729
1.367
1.402
1.454
1.809
2.250
1.652
1.000
1.676
1.438
0.739
1.293
1.437
1.590
1.470
1.350
1.842
1.769
1.845
1.569
1.553
2.148
2.002
1.398
1.162
1.332
1.580
1.153
1.600
1.687
1.600
1.970
1.615
1.515
2.585
1.622
0.770
1.394
1.499
1.856
1.268
1.216
0.352
1.474
0.615
2.126
1.602
1.348
1.423
1.474
1.536
0.650
1.697
2.347
0.779
1.490
0.323
2.876
2.601
1.939
1.958
2.175
2.853
1.379
1.472
1.507
1.911
1.742
1.572
2.033
1.566
1.540
1.435
3.315
2.891
2.670
1.432
1.466
1.604
1.829
1.653
1.551
1.582
1.480
1.753
1.277
1.334
1.583
1.727
1.427
1.502
1.415
1.396
2.407
2.288
0.806
1.419
1.315
1.037
1.439
1.030
1.508
1.625
1.598
1.913
1.429
1.543
2.637
2.911
1.988
1.395
2.948
1.947
2.250
1.499
1.655
1.502
0.377
1.725
1.333
1.692
1.214
1.533
1.437
1.409
1.474
1.367
1.638
1.163
2.051
1.488
1.368
1.865
0.866
1.485
1.406
1.608
1.662
0.994
1.252
1.714
2.044
1.760
1.994
2.220
1.421
1.585
1.164
0.469
1.464
1.839
1.462
0.900
1.114
1.438
1.705
2.150
1.730
1.649
1.481
1.395
1.108
1.654
1.814
2.876
2.601
1.939
1.958
2.175
1.562
1.582
3.315
1.374
3.110
2.891
2.670
1.263
1.634
1.099
1.778
1.842
2.001
1.363
1.513
1.663
1.495
1.537
1.404
1.931
1.470
1.321
1.544
2.407
2.288
1.814
1.577
1.434
1.109
1.313
2.637
2.037
2.035
1.305
1.342
1.444
1.484
1.683
1.307
1.447
1.213
2.911
2.948
1.441
1.947
1.562
1.233
2.250
1.481
1.511
1.548
1.576
1.428
1.615
1.588
1.805
1.461
1.567
2.423
1.402
1.428
2.137
1.863
1.535
1.389
1.693
1.272
1.379
1.893
1.364
0.400
1.277
1.244
2.178
0.880
1.303
1.327
1.654
1.585
2.738
1.739
0.544
1.291
1.380
1.336
1.031
1.293
1.049
2.115
2.008
2.091
1.194
2.068
2.735
1.741
1.683
1.354
1.355
1.351
0.996
2.876
2.601
3.110
1.939
2.175
1.529
1.556
1.570
3.315
1.496
1.384
2.891
2.078
2.670
1.412
1.779
1.555
1.534
1.569
1.274
1.465
2.012
1.516
1.502
1.442
1.474
1.413
1.884
2.407
2.137
1.333
2.288
1.159
1.464
1.232
1.160
1.156
1.495
2.637
1.391
1.917
1.678
1.780
1.545
1.449
1.844
2.911
1.252
1.685
1.339
2.948
1.356
1.716
2.250
1.568
1.725
1.258
1.413
1.966
1.480
1.928
1.479
1.170
1.220
1.591
1.397
1.453
1.566
1.683
0.493
1.356
1.270
1.455
1.757
1.330
1.547
1.846
1.419
1.377
0.964
1.864
0.784
1.802
1.402
1.529
2.469
1.800
1.103
1.375
0.928
0.979
1.897
2.003
0.430
0.570
1.233
1.462
1.386
1.962
2.024
2.368
1.414
1.806
2.876
2.601
3.110
1.939
2.175
2.892
1.447
1.707
1.605
1.994
1.861
3.315
1.985
1.572
2.891
2.670
1.667
1.510
2.439
1.377
1.449
1.432
2.143
1.420
1.765
1.532
1.800
1.317
1.933
2.407
2.137
1.664
2.002
1.520
1.549
2.005
1.718
2.015
1.427
1.480
1.623
1.740
1.322
1.505
2.637
1.313
1.296
1.513
2.911
2.948
2.024
1.348
1.521
2.028
1.689
1.428
1.176
2.250
1.484
1.811
1.368
1.425
1.164
1.313
1.746
1.559
1.465
1.698
1.864
1.468
1.238
1.445
1.609
1.404
1.422
1.502
1.117
1.828
0.937
1.505
1.454
1.459
1.617
1.509
1.308
1.496
1.483
1.498
1.419
1.856
2.293
0.954
1.508
1.354
1.663
1.850
1.368
1.675
1.673
1.989
1.177
1.416
1.902
1.643
0.297
0.409
1.871
0.747
2.876
2.601
3.110
1.939
2.175
3.315
2.891
2.670
1.482
1.660
1.693
1.398
2.397
1.662
1.893
1.423
1.425
1.673
2.407
2.137
1.595
1.722
1.222
2.637
1.353
1.829
1.546
1.532
1.322
1.371
1.414
1.529
1.496
1.392
2.911
1.528
2.948
1.646
2.024
1.421
1.562
2.002
1.595
1.450
1.474
2.250
1.483
1.438
1.418
1.713
1.522
1.722
1.486
1.429
1.972
1.631
1.564
1.473
0.993
1.730
1.519
1.343
1.542
1.409
1.149
1.498
1.120
1.652
2.131
0.274
1.728
1.711
3.191
0.981
2.373
2.124
0.805
1.787
1.838
1.184
1.324
1.705
1.896
0.417
1.784
1.318
1.440
2.056
1.812
1.992
1.582
1.890
0.288
0.559
1.836
1.480
3.228
2.298
2.601
3.110
1.939
2.175
3.315
2.891
2.670
1.333
1.792
1.390
1.702
1.443
1.628
1.289
1.646
1.846
1.659
2.059
1.472
2.407
2.137
0.884
1.402
1.465
1.686
1.086
2.637
1.625
1.745
1.475
1.364
1.426
1.763
1.325
0.798
1.852
1.626
1.596
1.490
1.668
1.559
1.493
1.410
2.911
2.948
1.022
1.444
1.503
2.024
2.304
2.250
1.320
1.724
1.444
2.034
1.506
1.203
1.417
1.481
3.228
1.952
0.282
1.672
1.469
1.881
1.545
1.540
1.962
1.620
1.702
1.343
1.892
1.716
1.619
1.667
1.551
1.793
0.907
1.492
1.721
2.063
1.971
2.984
2.778
1.689
1.727
1.593
1.233
0.890
3.128
1.337
2.402
1.489
1.450
0.976
1.616
1.423
3.248
1.769
2.533
1.964
0.539
1.726
1.837
1.976
2.601
3.110
1.939
1.852
3.315
2.891
2.670
2.304
2.275
1.947
1.326
1.470
1.275
1.440
3.258
1.367
1.560
2.407
2.137
1.469
1.449
1.336
1.033
1.313
1.263
1.755
1.399
2.637
2.266
1.261
1.370
1.603
1.133
1.665
1.434
2.252
1.968
1.847
1.488
1.332
1.270
1.690
2.052
1.190
1.530
1.520
1.709
1.330
1.538
1.521
1.231
2.911
1.200
2.778
2.948
1.841
1.334
1.307
1.510
1.426
1.375
3.248
1.343
1.878
1.367
1.588
1.516
1.422
1.566
1.534
1.445
0.745
1.623
0.698
1.750
1.120
1.829
1.915
2.096
1.705
1.724
2.958
1.354
1.553
1.824
2.025
1.208
1.563
1.420
1.613
1.375
2.004
3.241
1.540
3.245
1.418
3.291
1.012
1.892
1.721
1.524
1.397
1.444
3.050
3.294
2.601
3.110
3.315
2.891
2.670
2.304
1.219
2.263
1.694
1.430
1.506
1.486
2.766
1.530
1.309
1.396
1.667
2.407
1.516
1.643
2.137
1.449
1.842
1.684
2.635
2.637
1.400
2.129
1.700
1.472
2.108
1.925
1.196
1.561
1.522
1.446
1.386
2.911
2.778
2.948
1.269
1.623
1.467
1.654
1.301
1.386
1.386
1.428
1.456
1.407
1.428
1.396
1.666
1.172
1.178
1.730
1.842
3.294
1.507
3.291
3.050
1.578
2.030
1.411
1.465
1.856
1.399
2.062
1.926
1.515
1.679
1.705
2.337
0.915
2.237
1.495
2.110
1.419
1.369
1.307
1.413
2.103
1.633
3.256
3.248
1.864
1.710
1.846
1.853
1.757
2.056
3.196
3.246
3.259
1.003
3.256
1.432
3.247
3.253
1.396
2.567
2.128
1.791
1.084
1.488
1.579
3.268
2.601
3.110
3.315
2.891
2.635
2.407
2.137
2.849
2.015
2.637
1.714
1.716
1.959
1.530
1.351
2.083
1.494
1.793
1.421
1.382
1.411
1.311
1.239
1.522
1.520
1.557
1.396
2.911
2.778
1.703
1.582
1.532
2.948
1.249
1.303
1.375
1.548
1.431
1.499
1.377
1.431
2.078
1.418
1.336
2.106
1.857
2.256
2.127
1.440
1.338
1.594
1.253
3.294
1.293
3.291
1.980
3.196
3.050
1.426
1.889
1.541
1.421
1.449
1.618
1.297
1.640
1.565
2.750
1.686
2.141
1.486
1.306
1.337
1.536
1.675
0.718
1.492
2.296
1.489
2.718
1.417
3.245
3.255
1.896
3.222
3.247
3.265
3.247
3.296
1.638
1.521
2.031
1.586
1.743
3.194
1.279
1.781
3.295
3.250
1.361
3.244
3.192
2.187
3.259
2.601
3.110
3.315
2.891
2.635
2.407
2.137
1.857
2.637
1.877
3.102
1.532
1.150
1.982
1.472
1.549
1.461
2.911
2.778
2.948
1.253
1.297
1.951
1.440
1.403
1.462
1.368
1.288
1.205
1.450
1.099
1.630
1.879
1.882
1.508
2.487
1.255
0.729
3.218
1.410
2.012
1.857
2.322
1.745
1.406
1.600
1.547
1.485
1.833
1.518
1.500
1.531
1.277
1.499
1.451
1.635
3.296
3.265
1.346
3.050
1.323
1.635
1.065
1.513
2.177
1.900
1.219
2.026
1.426
1.074
1.763
1.353
2.568
1.391
1.420
2.498
1.712
1.694
3.246
3.248
3.194
0.869
1.555
1.529
3.297
1.624
3.227
3.241
3.227
3.243
3.246
3.243
1.853
3.297
3.247
3.298
3.289
3.277
3.243
3.295
3.248
3.226
3.251
2.601
3.110
3.315
2.891
2.635
2.407
2.137
2.637
1.599
1.497
1.516
1.673
1.476
1.627
1.609
1.642
1.466
2.911
2.778
2.948
1.439
1.391
1.468
1.504
1.636
1.847
1.780
1.382
1.239
1.376
1.685
1.425
1.552
1.370
1.327
1.474
1.486
1.496
1.827
1.388
1.500
1.561
2.904
1.315
1.466
1.530
1.696
1.385
1.496
1.445
1.813
1.652
1.309
1.853
1.461
1.267
1.271
1.729
1.873
1.580
3.298
3.295
3.265
3.050
1.375
1.523
2.272
1.474
1.577
1.243
1.328
1.656
1.521
3.245
1.949
3.247
3.232
1.548
1.255
3.248
1.589
3.247
3.250
3.297
3.298
3.216
3.292
3.238
3.272
3.298
3.354
1.343
1.880
3.243
3.261
1.473
3.255
1.658
1.527
3.125
3.272
3.192
3.315
3.246
3.298
2.025
3.292
3.254
3.247
2.601
3.110
3.315
2.891
2.635
2.407
2.137
1.472
1.613
1.501
1.677
1.383
1.439
2.637
1.641
1.574
1.612
1.680
1.505
1.422
1.738
1.410
2.911
2.778
2.948
1.426
1.451
1.495
1.491
1.676
1.698
1.738
1.989
1.668
1.448
1.835
1.853
1.543
1.560
1.410
1.600
1.661
2.667
1.425
1.528
1.353
1.627
1.369
1.371
1.412
1.527
1.314
1.623
1.213
2.046
1.433
1.777
1.554
3.315
3.298
3.354
3.272
1.292
1.466
1.459
1.764
1.818
1.554
1.335
2.553
1.412
1.409
1.593
1.557
1.411
1.715
1.950
1.512
1.660
3.251
3.230
1.057
3.247
1.450
3.251
3.306
3.244
1.524
1.535
3.243
2.587
3.299
3.257
3.253
3.243
3.278
1.756
1.557
3.295
2.538
1.540
3.295
3.305
1.268
1.504
3.227
3.292
2.601
3.110
3.315
2.667
2.891
2.407
2.137
2.637
1.483
1.312
1.334
1.397
1.336
2.911
1.536
2.778
1.400
1.894
2.948
1.219
1.749
1.534
1.443
1.184
1.938
1.707
1.572
1.540
1.302
0.789
1.369
1.809
1.614
1.424
1.753
1.340
1.824
1.882
1.918
1.558
1.384
1.416
1.541
1.614
1.466
1.682
1.615
1.573
1.592
1.533
1.837
1.575
1.750
1.577
3.315
3.306
3.354
3.272
1.367
1.641
1.810
1.216
1.355
1.491
1.437
1.834
1.422
3.174
1.385
1.447
1.681
1.423
1.616
1.989
3.246
3.257
3.246
3.249
3.291
3.293
1.385
3.254
3.238
3.298
3.272
3.264
3.295
3.192
1.574
3.212
2.573
2.030
2.528
3.247
3.209
3.241
3.267
2.620
3.247
3.246
3.286
3.296
2.601
3.110
3.315
2.667
2.891
2.407
2.137
2.637
2.911
2.778
2.948
1.429
1.465
1.513
1.463
1.483
1.309
1.499
1.452
1.808
1.687
1.435
1.930
1.518
1.430
1.407
1.202
1.439
1.443
1.694
1.438
1.746
1.439
1.211
1.574
1.293
1.600
1.619
1.891
1.707
1.536
1.461
1.387
1.715
1.662
1.730
1.550
1.538
1.545
1.646
1.495
1.255
1.438
3.315
3.306
3.354
3.272
2.024
1.805
3.249
3.249
2.579
3.252
3.264
1.667
1.416
2.018
3.257
3.244
3.249
3.290
3.242
3.239
3.296
3.247
1.612
3.247
2.046
3.294
3.237
3.231
3.296
3.240
3.249
1.572
3.299
3.245
2.584
3.213
3.244
3.295
3.224
1.253
3.241
2.631
3.244
3.291
2.518
3.297
3.274
3.243
2.601
3.110
3.315
2.667
2.891
2.407
2.137
2.637
2.911
2.778
2.948
3.257
1.257
1.409
1.375
1.428
1.463
1.852
1.022
0.700
2.462
1.625
1.403
1.350
1.388
1.202
1.947
1.414
1.478
1.594
1.297
1.575
1.709
1.390
1.470
1.712
1.327
1.461
0.820
1.389
1.402
1.491
1.361
0.894
2.397
1.562
1.339
1.393
1.626
1.980
1.765
1.397
1.478
3.315
1.327
3.306
3.354
3.272
1.035
1.559
1.268
1.450
1.614
2.000
3.247
3.200
3.244
3.244
1.306
1.669
1.624
1.558
1.982
1.500
2.528
2.677
3.247
3.246
1.635
1.423
3.295
3.191
2.376
3.246
3.297
3.297
3.245
2.726
0.919
3.247
3.259
1.902
3.255
3.296
3.275
3.272
3.246
3.233
3.299
3.195
2.601
3.110
3.315
2.667
2.891
2.407
2.137
2.637
2.911
2.778
2.948
1.440
2.108
1.523
2.554
1.363
1.503
1.562
1.625
1.200
1.897
1.816
1.913
1.589
1.381
1.486
1.444
1.560
1.569
1.233
1.414
1.718
1.387
1.382
1.196
1.474
1.324
1.688
1.514
1.290
1.575
1.518
1.653
1.487
1.646
1.547
1.425
1.318
1.440
1.538
1.838
1.259
1.073
1.515
0.646
1.486
1.739
3.315
1.508
3.306
1.650
3.354
3.272
0.916
3.223
2.432
1.729
1.549
3.243
1.760
1.474
3.210
3.186
1.642
1.865
3.250
3.192
3.248
3.255
3.251
3.250
1.708
1.560
3.298
3.297
1.531
1.529
3.242
3.247
1.422
3.246
3.248
3.297
3.246
3.248
3.241
2.561
3.296
3.244
3.208
3.300
3.300
3.304
3.244
3.250
3.245
2.601
3.110
3.315
2.667
2.891
2.407
2.137
2.637
2.911
2.778
2.948
1.608
1.518
1.604
1.391
1.270
1.495
2.034
1.527
1.746
1.430
1.348
1.290
1.524
1.853
1.435
0.963
1.582
1.682
1.605
1.135
1.590
1.283
1.275
1.589
1.219
1.468
1.385
1.528
1.767
1.152
1.498
1.671
1.561
1.520
1.956
1.428
1.500
2.899
1.309
2.057
1.412
1.478
1.315
1.206
1.629
1.330
1.347
3.315
3.306
3.354
3.272
1.389
1.708
3.259
1.401
1.575
1.634
1.719
1.624
3.246
3.256
3.293
3.247
3.291
2.576
2.024
3.246
1.558
1.307
3.249
1.505
2.319
1.679
3.188
3.246
3.259
3.190
3.296
3.308
3.298
2.545
3.250
1.416
3.298
3.239
2.544
3.255
3.257
1.852
3.191
3.248
3.276
3.249
3.296
2.601
3.110
3.315
2.667
2.891
2.407
2.137
2.637
2.911
2.778
2.948
1.371
2.598
1.856
1.946
2.433
1.519
1.699
1.994
1.447
1.486
1.736
1.050
1.846
1.283
1.278
1.430
2.231
1.262
1.607
1.441
1.535
1.415
1.406
1.261
1.362
1.417
1.437
1.497
1.449
1.540
1.473
1.744
1.454
2.269
1.511
1.612
1.322
1.384
1.614
1.326
1.348
3.154
3.253
2.038
1.199
1.380
1.290
0.982
3.315
3.306
3.354
3.272
1.710
1.843
1.758
1.492
1.523
1.381
1.236
1.661
1.547
1.804
1.623
3.199
3.249
0.881
2.873
3.240
3.246
3.292
3.248
1.733
3.252
3.246
3.298
3.300
3.193
1.636
3.242
2.616
2.804
3.249
3.254
1.658
3.278
3.247
3.246
3.262
3.248
1.822
2.569
3.240
3.243
3.211
3.170
3.225
3.267
2.601
3.315
2.667
2.891
2.637
3.154
2.911
3.253
2.778
2.948
1.609
2.323
1.359
1.500
1.959
1.489
1.412
1.486
1.289
1.444
2.027
2.150
1.684
1.584
1.333
1.545
1.790
1.535
1.769
1.577
1.705
1.709
1.562
1.582
1.646
1.902
1.517
1.189
1.613
1.852
2.022
1.584
1.362
2.390
1.562
1.353
1.528
1.638
1.733
1.767
0.926
1.280
1.479
1.600
1.153
1.490
1.452
1.791
3.315
3.306
3.354
3.272
1.688
3.170
1.464
1.571
1.530
1.743
1.473
2.155
1.671
3.250
1.598
1.470
2.375
2.160
1.010
1.701
3.254
3.246
3.187
3.245
3.246
3.248
3.255
3.248
3.246
3.243
3.020
3.255
3.250
3.192
2.493
3.240
3.296
3.276
3.287
2.614
3.276
3.282
3.295
3.293
3.298
3.299
3.213
3.288
3.298
3.243
3.291
3.296
2.601
3.315
2.667
2.891
2.637
3.154
2.911
3.253
2.778
1.326
1.787
1.310
1.603
1.957
1.448
1.442
1.728
1.343
1.520
1.472
1.400
1.418
1.597
1.929
1.684
1.518
1.437
1.288
1.254
1.824
2.515
3.180
1.336
1.486
2.407
3.129
1.358
1.332
1.400
1.638
2.174
1.384
1.737
1.844
2.108
1.631
1.468
1.533
1.302
1.303
1.131
1.244
1.576
1.506
1.002
3.315
3.306
0.837
3.354
3.272
3.170
3.020
1.545
1.201
1.624
3.246
3.294
3.247
1.566
1.473
1.424
1.585
1.424
1.639
1.867
1.813
3.290
3.291
1.734
3.238
3.246
1.678
3.059
2.496
0.903
3.245
1.890
3.248
3.247
3.243
3.247
3.247
3.248
3.199
3.255
3.297
3.224
3.296
3.292
3.295
3.249
3.224
3.294
3.246
3.299
3.300
2.647
