hardness
 (GPa)  
  14.183
  20.012
   3.642
   2.072
   3.425
   6.596
   0.626
   6.479
   5.398
   1.612
   5.112
  -0.974
  -0.397
   2.635
   0.148
   4.189
   1.970
  -0.078
   0.268
   1.972
  16.144
   4.168
  11.804
   3.437
   2.549
   2.959
  -2.839
  -2.364
   3.710
  -0.390
   6.463
   0.791
   3.896
   4.806
   3.146
   4.882
   3.035
   1.521
   3.027
   4.473
   1.097
   8.378
   2.311
  -2.155
   9.788
   5.743
   2.615
   4.143
   8.134
   4.046
   3.301
   1.845
  -0.132
   5.621
   1.754
   1.962
   7.328
   2.614
   6.576
   2.692
   1.355
   2.192
  -0.552
   2.081
   0.089
   1.495
   3.724
   8.176
  16.846
   2.050
   5.300
  -0.922
   5.200
   1.516
  -0.608
   1.360
  -0.870
   8.261
   2.924
   0.766
  -0.659
   3.938
   1.616
   4.401
   4.137
   2.806
  18.510
  -3.012
   1.261
   1.997
   0.526
   2.452
   3.098
  18.014
   1.387
   0.788
   1.886
   2.455
  16.860
   1.283
   4.300
  11.730
  16.134
   0.731
  15.231
   6.560
   0.251
   2.636
   0.848
  -0.540
   0.453
  -2.150
   1.896
   5.450
   1.664
   8.629
   7.661
  12.545
  -0.780
   6.295
  -2.480
  15.987
   3.408
   3.526
   1.008
   2.699
  -3.005
  14.720
   6.268
  -2.960
  -0.203
   7.644
  -2.087
   2.791
  14.726
   0.214
   8.293
  -2.891
   4.789
   0.784
   1.653
   2.502
   3.063
  -1.030
  -1.083
   2.101
  18.883
  10.923
   9.782
  -0.393
   6.264
   1.153
  -1.676
   0.825
   2.612
  -0.665
  -1.945
   7.840
  21.450
  15.191
   8.167
  -2.145
  -3.064
   1.626
   4.476
   5.649
   0.379
   3.074
   2.151
   8.795
  -0.566
  -0.920
  -3.291
  -0.686
   5.844
   8.756
  -0.457
  12.050
   1.491
  -0.804
  -0.935
   1.321
  -1.599
   0.294
  -1.079
  -0.503
   7.295
   0.554
  -0.568
  -0.233
  13.690
  -2.290
  20.012
  16.144
  11.804
   8.378
   3.852
  12.087
   0.436
   0.393
   0.015
   2.849
  14.726
   1.075
   2.181
   1.691
   0.110
   0.543
   3.727
  -3.241
   1.641
   1.565
   1.939
  16.134
   2.686
   1.303
   3.410
   0.752
  -0.359
   1.535
   1.625
   0.104
   9.739
   3.741
   2.698
   2.690
  14.720
   8.629
   7.661
   1.129
   0.747
  -0.258
  -0.155
   1.989
   1.948
  -0.286
  18.883
  -1.445
   7.895
  -0.596
   1.450
   1.161
  -0.223
   4.480
  21.450
   1.574
  15.191
   8.167
  -0.953
  -1.792
  12.050
   8.795
  -3.331
  -0.148
  -0.836
  17.934
   2.899
   3.949
   7.070
  -0.738
   1.837
   4.496
  -1.859
  -0.606
   0.350
  -2.020
  -2.601
   1.551
   1.247
   0.425
   8.694
  -0.343
   3.228
   3.212
  14.216
   0.883
  -0.132
   6.488
  -0.769
   2.576
  -1.922
  -1.769
  -3.361
   0.041
  -2.550
   5.048
  -2.427
  -2.768
  -0.352
   4.116
  -2.818
   1.613
  -3.174
  -0.046
   7.264
  -0.629
  -2.229
   2.198
  -1.385
  -3.373
  -3.384
   4.518
  20.012
  16.144
  11.804
   8.378
  12.087
   1.218
  -0.354
   3.440
   0.189
   3.219
   0.804
  -0.318
   0.536
  17.934
  16.134
  14.216
  -1.978
   5.600
  -1.819
  -1.297
   0.909
  -1.767
   2.872
  -3.340
  -2.496
   2.642
   4.583
  14.720
  -1.012
   8.629
   2.442
  -0.372
  -1.875
  18.883
   0.354
  -2.160
   1.761
   1.032
  -2.852
   0.178
  21.450
  15.191
   8.167
   6.096
   0.102
  -1.606
  -0.474
   0.376
  -1.382
   8.795
  -1.329
   0.080
   2.430
  -1.032
  -1.352
  18.641
   3.612
   1.239
   0.241
  -2.640
   1.030
   1.108
   1.102
  -2.359
  -0.030
   1.308
  -2.640
   6.117
  -0.870
   1.981
   1.108
  -0.379
  -0.757
   1.906
  -2.498
  -2.427
   0.678
  -3.132
  -3.314
  -3.388
   0.267
  -2.821
  -0.632
   1.193
  -1.910
  -3.330
  -3.391
   0.114
   1.406
  -1.847
  -3.320
  17.908
   0.228
  -1.780
  -2.699
   1.670
  -0.573
   0.789
   0.765
  -2.172
  -1.308
  -2.880
  20.012
  16.144
  11.804
   8.378
  12.087
  19.830
  -1.538
  17.934
   0.867
  16.134
  11.052
  -0.967
  14.216
  -0.186
   3.545
   1.659
   0.533
  -1.391
  -2.632
   1.555
   3.007
  -0.017
   4.978
  14.720
   0.832
   8.629
   0.604
   1.060
   6.285
  -1.992
   2.342
   1.622
   0.040
   4.025
  18.883
   1.782
   0.240
   0.893
  -1.703
  -2.586
   0.909
  -1.745
  21.450
  15.191
   8.167
   8.296
   2.550
  11.454
  18.035
  -0.936
   0.970
  -0.861
  -1.010
   3.977
   8.795
   2.141
  -0.580
   1.902
   4.587
  -3.201
  -1.976
   1.386
   7.569
   2.036
   0.041
   3.394
   1.735
   0.778
  -1.934
   1.927
   8.565
   6.034
  -1.251
  -0.948
  -1.023
   0.434
  -2.557
   3.884
   0.730
   2.305
   8.012
   1.020
  -0.396
   8.545
  -2.337
  -3.333
  -2.692
   0.088
   3.820
  -2.918
  -0.867
  -3.392
  -2.158
  -3.398
   1.172
  -3.300
  -1.389
  -0.040
   2.679
  -2.275
  -3.370
  -3.033
   4.572
  -3.384
  -0.280
  -3.336
  20.012
  16.144
  11.804
   8.378
  12.087
  16.699
   0.474
  -0.475
   2.137
   3.823
   2.397
  -0.590
   7.928
   0.956
   1.825
   1.896
  17.934
  16.134
  14.216
  -1.010
  -0.234
   1.537
  -0.524
   2.780
   6.374
   2.940
   1.479
   2.082
  -0.999
   2.699
   2.680
   2.212
   2.873
   1.881
   2.468
   0.766
  14.720
   8.629
  -1.844
   1.053
   0.930
  -1.624
   1.530
  -1.439
  -0.662
   0.293
  -1.981
   4.529
  -1.011
  -0.082
  18.883
  21.450
   6.476
  -2.499
  15.191
   8.167
   8.795
   3.291
   2.515
   0.924
  -3.384
   3.298
  -1.473
   5.208
  -0.315
  -0.028
   3.605
  -1.373
   0.268
  -2.637
   1.495
  -3.054
   5.467
  -1.464
   0.955
   1.845
  -3.115
  -0.303
  -2.746
  -0.451
   1.513
   0.112
   1.547
   1.246
   7.023
  -0.306
   6.044
   4.185
   2.260
  -0.525
  -3.131
  -2.998
   0.420
   3.828
   1.024
  -3.374
  -1.727
   0.128
  -3.217
   0.803
   0.222
   1.345
  -0.714
  -0.849
  -2.355
  -1.748
   0.843
  20.012
  16.144
  11.804
   8.378
  12.087
  -0.171
  -0.761
  17.934
   0.784
  15.462
  16.134
  14.216
  -1.612
   6.108
  -1.028
   1.262
   5.103
  10.473
   2.094
   1.034
   8.841
  -0.485
   2.984
   2.350
   8.676
   1.799
   0.828
   0.844
  14.720
   8.629
   0.446
   2.110
   3.811
  -1.318
  -1.439
  18.883
   6.815
   5.845
  -1.946
  -1.325
   1.412
  -0.103
   1.656
  -1.006
  -1.204
   0.988
  21.450
  15.191
   0.783
   8.167
   1.816
   1.453
   8.795
  -1.344
  -0.487
   5.023
   0.057
   2.243
  -0.604
   6.512
   3.590
   0.517
   3.800
   8.582
  -2.569
   1.633
  14.227
   3.624
   1.544
   0.279
  -2.061
  -2.063
   3.251
   1.913
  -2.512
  -3.398
  -1.269
  -2.593
   5.871
  -1.134
  -1.686
  -1.794
   1.784
  -0.503
   7.072
   0.737
  -3.348
  -3.064
  -2.289
   1.053
  -2.592
   2.387
  -1.874
   5.516
   0.455
  -0.680
  -3.232
   3.462
   8.513
  -0.357
   2.052
  -0.392
  -0.629
  -1.935
  -3.190
  20.012
  16.144
  15.462
  11.804
  12.087
   5.072
  -1.709
   2.140
  17.934
  -0.015
  -1.374
  16.134
   7.442
  14.216
  -1.398
   3.985
  -1.813
  -1.829
   0.275
   1.325
   2.097
   1.908
   1.759
   0.259
   2.304
   6.522
   0.603
   0.148
  14.720
  14.227
  -2.739
   8.629
  -2.870
  -0.259
   3.039
  -0.068
  -3.189
   3.523
  18.883
   0.814
   6.248
   7.028
   1.598
  -1.614
   2.767
   0.362
  21.450
  -2.834
  -0.411
  -2.015
  15.191
   1.693
   0.514
   8.795
  -1.667
   2.328
  -1.216
   0.143
   5.418
   1.140
  -1.913
   1.389
  -1.780
  -2.048
   0.886
   0.453
   0.170
  -2.223
  -0.408
  -3.369
  -1.302
  -1.919
  -0.772
   0.223
   1.953
   5.678
   2.584
  -1.473
  -0.108
  -3.341
   9.234
  -3.298
  -1.788
  -0.819
   0.830
   7.376
   0.737
  -3.187
  -2.215
  -3.276
  -3.059
  -0.009
   0.708
  -3.358
  -3.382
  -3.345
   0.575
  -1.048
   7.902
   8.950
   2.930
  -0.169
   2.204
  20.012
  16.144
  15.462
  11.804
  12.087
  13.821
  -0.527
   1.375
   6.902
   5.183
   3.852
  17.934
   7.962
   0.711
  16.134
  14.216
   3.360
   1.206
   1.209
   1.524
   0.692
   2.562
   4.375
   0.653
   3.167
   2.873
   2.442
  -2.723
   7.249
  14.720
  14.227
   0.437
   8.178
  -2.427
   1.085
   2.927
   0.982
   8.039
   2.910
   2.339
   2.728
   0.944
  -0.022
   0.426
  18.883
  -2.598
  -0.603
   0.355
  21.450
  15.191
   8.950
  -1.378
  -1.760
   7.470
   3.644
  -0.880
  -0.676
   8.795
   2.563
   4.250
   3.201
   0.084
  -0.062
   5.012
   2.817
   0.946
   0.015
   3.028
   6.010
  -2.865
  -2.574
  -0.626
  -0.237
  -1.554
   2.598
  -0.934
  -0.464
   0.175
  -2.660
   0.381
  -1.163
  -1.055
   1.327
  -0.736
  -3.244
  -3.212
   4.699
   2.286
  -2.029
   1.217
   6.567
  -3.190
  -3.210
  -2.688
   0.502
   1.579
  -2.649
  -1.827
  -1.139
   8.790
  -1.980
   1.806
   2.210
  -0.418
  -0.160
  -3.350
   1.283
  -2.978
  20.012
  16.144
  15.462
  11.804
  12.087
  17.934
  16.134
  14.216
   1.608
   3.458
   0.909
  -2.394
   1.403
   0.080
   7.861
  -0.288
   0.031
  -1.786
  14.720
  14.227
   0.894
   2.743
  -1.682
  18.883
   1.552
   1.974
   3.342
   1.555
  -2.202
  -0.758
   1.863
   1.459
   0.188
  -0.067
  21.450
  -0.502
  15.191
   7.324
   8.950
   1.266
   5.701
  10.604
   2.062
   0.629
   1.063
   8.795
   0.520
   3.992
   1.368
   4.063
   2.669
   3.221
   1.707
   1.266
   2.516
  -1.846
   7.362
   0.397
  -0.571
   4.170
   3.452
  -1.376
   0.230
  -1.970
  -1.329
   0.684
  -0.614
  -1.087
   2.761
  -3.381
   0.127
   0.118
  22.385
  -3.064
   6.545
   2.145
  -3.253
  -0.892
   1.299
  -3.275
  -1.768
   1.120
   0.745
  -3.396
  -1.326
  -0.278
   0.200
  -1.346
  -0.692
   1.063
   1.645
   2.812
  -3.397
  -3.393
   3.446
  -0.431
  25.657
   5.082
  16.144
  15.462
  11.804
  12.087
  17.934
  16.134
  14.216
  -0.487
   5.514
  -1.714
   3.575
  -2.272
   0.978
  -3.138
  -3.028
   3.818
   3.343
   3.343
   0.409
  14.720
  14.227
  -3.249
   1.008
   3.285
   2.494
  -3.217
  18.883
   2.051
   2.390
  -1.767
  -2.892
  -1.517
   2.493
  -1.453
  -2.858
  11.150
   0.662
   3.010
   1.213
  -0.248
   3.846
   1.024
  -0.346
  21.450
  15.191
  -2.988
  -1.399
  -1.884
   8.950
  12.100
   8.795
  -0.052
   0.081
   1.150
   2.510
   4.005
  -1.977
   1.154
  -2.512
  25.657
   1.502
  -3.379
   0.077
   0.467
   3.064
  -1.285
   0.536
   8.278
   0.765
   0.231
   0.051
   0.676
  -1.949
   1.404
   0.096
   1.124
  -0.120
  -2.890
  -0.111
   2.181
   5.340
  -0.534
  10.076
  15.710
  -1.086
  -1.593
  -1.592
  -3.121
  -3.265
  13.161
  -2.270
   6.677
  -0.043
   0.635
  -3.310
  -0.376
  -1.708
  25.964
  -1.339
   2.395
   1.541
  -3.148
  -2.215
  -1.255
   1.314
  16.144
  15.462
  11.804
  11.150
  17.934
  16.134
  14.216
  12.100
   3.629
   0.119
  -2.061
   3.658
  -0.958
   0.947
  24.359
  -2.956
  -0.112
  14.720
  14.227
  -1.079
   0.188
   2.578
  -2.275
   1.912
  -1.581
  -1.483
  -1.451
  18.883
  10.648
  -2.937
  -2.534
  -0.038
  -3.097
   3.991
   2.324
   8.534
  10.834
   0.382
   1.782
   3.897
   0.530
   1.710
   1.797
  -3.094
   0.655
  -0.775
   5.419
  -0.639
   1.653
  -1.560
  -1.471
  21.450
   0.522
  15.710
  15.191
   3.140
   0.152
   0.147
   1.978
   3.591
  -2.123
  25.964
   1.685
   5.495
  -2.757
   2.838
   1.000
   1.492
   0.004
  -2.919
   2.115
  -2.841
   0.036
  -3.321
   2.199
  -2.298
   3.186
   0.489
   4.682
  -3.067
   3.243
  10.637
  -1.075
   1.852
   0.121
   1.162
  -2.971
  -1.327
  -2.730
  -1.657
  -2.176
   3.084
  25.879
  -2.243
  25.065
  -2.503
  26.334
  -3.114
   0.396
  -2.385
  -2.764
  -2.358
  -2.909
  13.274
  26.511
  16.144
  15.462
  17.934
  16.134
  14.216
  12.100
  -2.414
  10.983
   0.742
   1.000
  -2.008
  -0.940
  16.882
  -0.801
  -1.516
  -0.832
  -0.598
  14.720
   1.286
   5.254
  14.227
   1.181
  -1.091
   0.143
  14.275
  18.883
   0.778
  -0.632
   0.470
  -2.480
   9.173
   1.177
  -1.102
   1.201
   1.525
   2.826
   3.507
  21.450
  15.710
  15.191
   1.337
   2.851
   2.066
   2.562
   0.975
  -0.075
  -1.140
  -0.950
  -1.349
  -0.171
  -1.320
  -0.520
   2.629
  -3.149
  -0.735
   0.449
   2.912
  26.511
   3.262
  26.334
  13.274
  -0.786
   5.446
   2.646
   1.133
   3.167
  -1.158
   3.099
   9.867
   2.180
   1.705
   3.466
   4.003
  -2.599
   6.592
  -0.488
   7.052
  -0.875
  -2.949
  -0.099
  -1.633
   1.518
  -0.314
  26.058
  25.963
  -0.719
  -2.282
   0.146
  -2.020
   2.222
   4.823
  24.405
  25.936
  25.262
  -2.858
  26.061
  -0.861
  25.954
  22.616
  -0.916
  -0.670
   2.074
   0.695
  -2.861
   0.705
  -1.038
  23.141
  16.144
  15.462
  17.934
  16.134
  14.275
  14.720
  14.227
  17.881
   8.334
  18.883
   0.205
  -0.546
   2.539
  -1.504
  -0.632
   3.064
  -1.570
   4.246
  -1.476
  -2.680
  -2.437
   1.452
  -1.150
   0.285
   1.214
   1.203
  -0.699
  21.450
  15.710
   3.506
   1.657
   1.699
  15.191
  -1.591
   0.620
   2.963
   4.115
   2.566
  -1.051
   1.213
  -0.777
   4.167
   1.143
  -1.459
   8.125
   5.562
   0.296
   0.262
   0.055
  -0.566
   2.514
  -1.459
  26.511
  -3.057
  26.334
   0.064
  24.405
  13.274
  -0.249
   3.557
  -0.476
  -1.354
   3.529
   2.306
  -1.194
  -0.946
  -0.846
  12.093
  -2.387
   3.859
  -2.098
  -2.886
  -2.503
   0.334
  -0.110
  -3.339
  -2.330
   3.686
  -2.990
  -1.940
  -2.544
  25.924
  26.043
   3.749
  24.826
  25.949
  24.866
  25.953
  26.540
  -0.675
  -2.695
   4.654
  -0.317
  -0.106
  24.349
  -3.295
  -1.461
  26.532
  25.116
  -1.370
  25.055
  24.338
   5.541
  24.545
  16.144
  15.462
  17.934
  16.134
  14.275
  14.720
  14.227
   5.562
  18.883
   5.024
  15.923
   2.372
  -0.289
   3.254
  -1.733
   2.105
   0.169
  21.450
  15.710
  15.191
  -1.085
  -1.814
   1.688
  -1.902
  -1.220
   4.392
  -1.884
  -0.442
  -1.829
   1.852
   0.080
  -0.758
   5.109
   5.206
   1.183
  14.985
  -1.009
  -3.139
  24.216
  -1.445
   4.093
   1.480
   6.485
   1.971
   0.109
   4.343
   1.988
   1.484
   4.362
   2.986
  -1.725
   2.629
  -1.240
   0.591
  -1.332
  -2.857
  26.540
  24.866
  -0.368
  13.274
  -1.169
   0.672
  -1.588
  -2.559
   5.708
   0.283
  -2.786
   1.321
  -1.080
  -2.913
  -1.957
  -1.730
   7.352
  -3.004
  -1.797
   3.780
  -2.645
   0.267
  25.945
  25.969
  24.371
  -2.946
  -2.450
  -2.180
  26.558
  -0.318
  25.589
  25.011
  25.683
  25.910
  25.949
  25.906
   0.545
  26.553
  25.940
  26.564
  26.459
  20.328
  25.042
  26.379
  23.495
  25.639
  26.000
  16.144
  15.462
  17.934
  16.134
  14.275
  14.720
  14.227
  18.883
  -1.081
  -0.533
   3.147
   4.485
  -2.164
   2.398
  -0.018
   0.489
   1.244
  21.450
  15.710
  15.191
  -0.038
  -1.011
  -2.334
  -1.289
   3.311
   2.521
   3.974
  -0.856
  -2.725
  -0.967
  -0.966
  -3.226
  -0.973
   1.072
  -2.487
  -0.007
   1.525
  -0.675
   2.451
   1.209
  -0.922
   0.149
  15.122
  -2.809
  -2.769
  -0.531
   2.517
  -2.883
  -2.290
   3.815
   4.496
  -1.571
  -3.283
   3.052
  -0.938
   1.316
  -1.826
   3.942
   2.437
   0.070
  26.564
  26.379
  24.866
  13.274
  -0.668
  -1.958
   1.014
  -1.997
  -1.086
  -1.461
  -2.724
  -2.320
  -1.755
  25.935
   1.385
  25.923
  25.768
  -1.785
  -3.128
  25.964
  -2.903
  25.953
  25.985
  26.552
  26.560
  23.111
  26.499
  22.935
  20.310
  26.410
  25.942
  -1.229
   4.296
  25.901
  22.620
  -1.883
  23.244
  -1.452
  -1.258
  15.793
  25.138
  24.326
  26.766
  24.542
  26.565
   2.498
  26.492
  25.895
  25.045
  16.144
  15.462
  17.934
  16.134
  14.275
  14.720
  14.227
  -0.235
   2.363
   2.178
   2.651
  -0.850
   2.197
  18.883
   3.083
   2.362
  -1.309
   5.831
  -1.237
  -1.007
   1.383
  -0.424
  21.450
  15.710
  15.191
  -2.781
  -2.335
  -0.854
   1.161
  -0.226
  -0.090
  -2.398
   8.656
   0.269
   0.494
   4.611
   6.513
   3.925
  -1.377
  -2.476
  -2.696
   2.311
  17.539
  -2.527
   0.421
  -2.665
   2.983
  -1.718
   1.073
   0.240
  -1.090
   0.524
   1.239
  -1.819
   1.870
   1.333
   1.981
  -0.846
  26.766
  26.410
  25.942
  25.138
   0.263
  -0.168
  -1.834
   2.429
   9.555
   0.509
  -1.645
   7.539
  -2.868
  -2.990
  -0.723
  -1.363
  -2.982
  -1.172
   6.364
  -1.503
  -1.572
  25.999
  25.753
  -3.326
  25.947
  -1.800
  25.110
  26.480
  25.072
  -2.802
  -1.202
  25.048
  12.260
  26.581
  25.867
  25.145
  22.338
  24.781
  -2.464
  -2.975
  26.536
  -0.497
  -1.563
  26.531
  26.650
  -3.192
  -2.809
  25.684
  26.498
  16.144
  15.462
  17.934
  17.539
  16.134
  14.720
  14.227
  18.883
  -2.553
  -1.384
  -0.031
   1.162
  -0.214
  21.450
  -1.228
  15.710
  -0.720
   4.296
  15.191
   0.186
  -0.548
   2.267
  -0.133
  -1.463
   2.428
   0.840
  -0.103
  -0.957
  -2.419
  -3.379
  -2.276
   1.026
   0.888
  -0.965
   0.083
  -0.649
   1.765
   7.473
   5.412
   0.551
   0.841
  -0.383
  -1.403
  -1.273
   0.529
   0.092
   4.228
  -0.825
  -1.224
  -0.896
   3.540
   2.026
   2.592
  -1.344
  26.766
  26.480
  25.942
  25.138
   0.038
   0.688
   0.489
  -1.531
  -2.024
  -2.368
  -1.920
  -0.664
  -2.214
  22.633
  -2.342
   1.043
  -1.213
  -2.066
  -2.868
  -1.355
  25.944
  26.071
  25.943
  25.971
  26.338
  26.358
  -2.340
  26.038
  23.460
  26.562
  23.194
  23.151
  26.532
  24.357
  -2.972
  23.054
   4.769
  -1.138
   3.812
  25.958
  23.015
  25.881
  24.821
  -0.333
  25.060
  25.949
  26.282
  26.545
  16.144
  15.462
  17.934
  17.539
  16.134
  14.720
  14.227
  18.883
  21.450
  15.710
  15.191
  -1.086
   0.643
  -2.988
  -2.487
  -2.951
  -2.382
  -2.861
  -0.530
  -1.789
   3.714
  -0.642
   1.232
  -2.029
  -1.855
   4.733
  -0.926
   1.207
  -2.469
   2.650
  -3.006
   1.701
  -1.369
  -3.180
  -1.383
  -0.338
   0.185
  -2.501
   3.766
   0.365
   1.675
   0.945
  -2.691
   2.599
  -0.341
   4.853
  -0.579
  -0.757
  -0.161
  -0.354
  -2.305
   1.527
   1.540
  26.766
  26.480
  25.942
  25.138
   4.397
  -1.288
  25.973
  25.974
   4.382
  26.011
  26.156
  -2.746
  -2.385
  -1.303
  26.070
  25.920
  25.983
  26.326
  24.971
  24.965
  26.533
  25.952
  -1.844
  25.956
  -1.240
  26.518
  24.949
  25.671
  26.539
  25.871
  25.098
  -2.841
  26.422
  25.796
   4.652
  23.081
  25.057
  26.537
  25.639
   1.782
  25.018
   3.902
  25.913
  26.483
   4.074
  26.405
  20.286
  25.050
  16.144
  15.462
  17.934
  17.539
  16.134
  14.720
  14.227
  18.883
  21.450
  15.710
  15.191
  25.164
  -3.188
  -2.462
  -1.187
   0.359
  -2.057
   2.678
  -2.951
  -3.328
  12.000
  -0.719
  -2.492
  -0.654
   0.250
   1.986
   0.591
  -1.228
   1.934
  -2.885
  -0.880
  -2.898
  -1.278
  -2.759
  -2.703
   1.484
  -1.768
  -2.926
  -3.239
  -3.026
   0.297
  -1.355
  -2.631
  -2.990
   4.703
  -1.068
  -1.801
   1.403
   6.942
   5.109
   3.044
  -1.552
   0.205
  26.766
  -1.711
  26.480
  25.942
  25.138
  -3.347
  -1.841
  -0.992
  -2.209
  -1.870
   0.687
  25.949
  24.460
  25.912
  25.912
   9.415
   1.293
  -2.841
  -2.621
  -1.385
  -2.911
   3.636
  10.047
  25.960
  25.947
  -2.299
  -3.088
  26.531
  24.325
   4.914
  25.941
  26.557
  26.550
  25.930
   9.057
  -3.359
  25.916
  25.167
  -1.877
  26.042
  26.537
  22.144
  20.304
  25.922
  24.642
  26.576
  23.038
  16.144
  15.462
  17.934
  17.539
  16.134
  14.720
  14.227
  18.883
  21.450
  15.710
  15.191
   1.511
  -0.548
  -2.051
  15.722
   0.130
  -2.387
   1.361
  -1.979
  -1.850
   6.997
   4.948
   4.214
  -1.778
  -2.066
   0.873
  -1.325
   1.813
  -1.635
  -2.688
   1.860
   4.129
  -0.314
  -1.236
  -0.077
  -1.314
  -0.549
   0.688
  -2.252
   0.058
  -1.865
  -0.233
   1.395
  -2.687
  -0.551
  -1.104
  -1.583
   0.898
   1.947
   0.028
   4.940
   0.495
  -1.524
  -0.665
  -3.066
  -2.345
   3.118
  26.766
  -0.195
  26.480
   1.260
  25.942
  25.138
  -3.209
  25.667
   2.469
  -1.453
  -2.737
  25.912
  -2.072
  -2.857
  23.047
  18.127
  -2.754
   0.735
  23.427
  24.337
  25.934
  26.050
  26.001
  25.990
  -0.642
  -2.699
  26.570
  26.556
  -2.958
  -2.904
  25.891
  25.958
  -3.054
  25.940
  25.966
  26.558
  25.942
  25.957
  25.007
   3.192
  26.395
  25.916
  24.512
  26.587
  26.584
  26.634
  25.886
  25.974
  25.929
  16.144
  15.462
  17.934
  17.539
  16.134
  14.720
  14.227
  18.883
  21.450
  15.710
  15.191
   0.341
   0.215
   1.984
  -0.566
  -1.076
  -0.771
   7.729
  -1.481
   1.299
  -0.432
   0.048
  -0.808
   0.441
   1.045
  -0.932
  -2.996
  -0.637
  -1.770
  -2.794
  -1.245
  -1.202
  -2.397
   1.837
   1.219
  -2.044
   2.517
  -1.547
   1.529
   0.603
  -0.796
   0.235
   3.989
  -0.770
  -0.599
   4.423
  -0.117
  -1.378
  16.728
  -1.744
   6.207
  -0.324
   1.621
  -2.996
   1.100
  -2.206
   0.218
  -2.348
  26.766
  26.480
  25.942
  25.138
   0.374
  -0.588
  26.103
  -3.009
  -1.771
  -2.517
  -1.074
  -0.880
  25.946
  26.057
  26.513
  25.078
  26.485
   9.129
  -2.884
  25.918
  -1.385
  -3.134
  25.969
   1.285
  -1.481
  -1.027
  24.355
  25.938
  26.094
  25.210
  26.534
  26.477
  26.562
   7.192
  25.100
  -2.155
  26.562
  25.853
  -0.822
  25.152
  26.068
  -2.083
  23.188
  25.102
  22.138
  25.092
  26.542
  16.144
  15.462
  17.934
  17.539
  16.134
  14.720
  14.227
  18.883
  21.450
  15.710
  15.191
  -3.173
   7.856
   2.031
   1.388
   5.292
  -0.267
   2.060
   1.446
  -1.814
   0.586
  -1.214
   0.900
   2.458
  -0.662
  -2.679
  -0.017
   3.521
  -3.220
  -1.120
  -1.096
  -0.728
   3.092
  -2.460
  -0.695
  -2.906
  -0.297
  -2.382
   1.403
   0.906
  -1.724
  -1.298
  -1.387
  -2.075
   5.907
  -1.544
  -0.849
  -2.728
   0.430
  -3.035
  -1.187
  -1.633
  22.501
  20.304
   0.750
  -2.914
  -0.765
  -0.031
  -3.319
  26.766
  26.480
  25.942
  25.138
  -0.851
  -3.166
  -0.396
  -2.939
  -1.636
  -1.741
  -1.981
  -1.617
  -1.725
   1.656
  -1.606
  17.443
  25.964
  -3.295
  10.943
  25.875
  25.941
  26.495
  25.967
  -0.087
  26.017
  25.951
  26.560
  26.591
  24.374
  -0.938
  25.028
   5.835
  14.217
  25.862
  26.030
  -2.828
  22.215
  25.953
  25.948
  26.076
  25.063
   0.203
   3.565
  25.058
  25.910
  23.044
  21.002
  25.636
  26.123
  16.144
  17.934
  17.539
  16.134
  18.883
  22.501
  21.450
  20.304
  15.710
  15.191
   0.289
  12.233
  -2.576
  -3.052
   7.197
  -0.876
   0.848
  -0.428
  -2.986
  -0.963
   7.016
   3.386
   1.465
   2.574
  -1.918
   0.697
   1.509
   0.076
  -1.573
  -1.403
  -0.238
   6.256
   1.458
   3.115
  -2.339
   0.844
  -2.020
  -1.738
  -1.277
   1.830
   0.382
   2.451
   3.056
   1.807
  -1.618
   0.030
   4.934
   1.274
   3.061
   1.830
  -3.291
   0.722
   0.158
   0.478
  -2.579
   4.386
  -0.653
   1.122
  26.766
  26.480
  25.942
  25.138
   3.650
  21.002
   0.776
  -2.805
  -1.569
  -0.865
   1.120
   6.293
   0.667
  25.989
  -2.740
  -2.859
   5.052
   1.025
  -3.346
  -2.586
  26.029
  25.935
  24.275
  25.930
  25.943
  25.964
  26.050
  25.961
  25.948
  25.906
  17.676
  26.049
  25.107
  24.322
   3.053
  24.982
  26.541
  22.127
  22.275
   4.432
  24.994
  26.218
  26.527
  26.507
  26.559
  26.575
  23.162
  26.302
  26.568
  25.040
  26.485
  26.543
  16.144
  17.934
  17.539
  16.134
  18.883
  22.501
  21.450
  20.304
  15.710
  -2.100
   1.970
  -2.617
  -1.293
   8.400
  -0.949
  -0.965
   7.986
   1.112
   0.997
  -2.819
   1.399
  -0.281
  -1.923
  -1.530
  -2.585
   1.521
   1.441
  -2.867
  -3.278
   2.986
  11.917
  25.041
   1.163
  -1.987
   7.370
  22.875
  -0.216
  -2.212
   0.209
  -0.428
   1.542
  -2.416
   0.277
   4.942
   2.229
  -1.611
  -2.905
   3.439
  -1.986
   1.140
  -2.075
  -2.412
   2.200
  -0.793
  -1.049
  26.766
  26.480
  -2.611
  25.942
  25.138
  21.002
  17.676
   3.442
  -0.160
  -2.692
  25.942
  26.368
  25.951
  -1.555
  -2.940
  -2.853
  -2.731
  -2.144
  -2.572
  -0.940
   0.360
  26.466
  26.485
  -0.008
  24.940
  25.846
  -0.732
  15.303
   3.120
  -3.343
  25.931
  -1.765
  25.967
  25.945
  25.900
  25.956
  25.957
  25.111
  24.431
  26.042
  26.410
  25.679
  26.390
  26.495
  26.529
  25.829
  22.313
  26.520
  25.048
  26.571
  26.589
   5.750
