2.558
2.792
2.597
2.569
2.319
2.578
2.375
2.538
2.596
2.769
2.582
2.602
2.548
2.174
2.346
2.555
2.548
2.597
2.683
2.497
2.274
2.398
2.332
2.456
2.710
2.157
2.377
2.511
2.464
2.753
2.499
2.462
2.579
2.644
2.618
2.585
2.495
2.649
2.325
2.535
2.426
2.637
2.605
2.559
2.631
2.571
2.546
2.624
2.554
2.460
1.714
2.585
2.339
2.756
2.451
2.721
2.488
2.687
2.290
2.545
2.375
2.210
2.621
2.480
2.390
2.622
2.248
2.557
2.465
2.539
2.628
2.346
2.419
2.505
2.662
2.382
2.520
2.400
2.401
2.366
2.616
2.538
2.587
2.471
2.030
2.547
2.646
2.250
2.694
2.640
2.391
2.359
2.670
2.516
2.733
2.699
2.349
2.538
2.175
2.398
2.540
2.403
2.681
2.325
2.644
2.608
2.366
2.701
2.399
2.641
2.391
2.485
2.467
2.548
1.775
2.594
2.341
2.565
2.501
2.651
2.445
2.175
2.307
2.352
2.368
2.369
2.321
2.637
2.478
2.643
2.400
2.446
2.646
2.126
2.453
2.476
2.330
2.646
2.519
2.548
2.564
2.752
2.501
2.375
2.168
2.647
2.504
2.626
2.479
2.403
2.463
2.599
2.483
2.358
2.606
2.408
2.674
2.599
2.635
2.364
2.586
2.586
2.380
2.610
2.640
2.585
2.398
2.366
1.897
2.585
2.583
2.458
2.359
2.458
2.404
2.733
2.485
2.672
2.098
2.398
2.688
2.590
2.454
2.408
2.427
2.476
2.543
2.610
2.428
2.581
2.604
2.689
2.691
3.149
2.646
2.756
2.622
2.733
1.820
2.495
2.526
2.595
2.584
2.564
1.615
2.557
2.271
2.571
2.577
2.116
2.218
2.735
2.504
2.578
2.394
2.250
2.567
2.478
2.674
2.483
2.482
2.359
2.363
2.543
2.630
2.691
2.647
2.561
2.542
2.510
2.284
2.586
2.526
2.429
2.576
2.570
2.595
2.730
2.731
2.542
2.485
2.628
2.106
2.651
2.490
2.665
2.307
2.635
2.250
2.555
1.777
2.635
2.590
2.637
2.581
2.427
0.219
2.689
3.149
2.646
2.611
2.707
2.502
2.368
2.665
2.639
2.482
2.417
2.697
2.450
2.594
2.376
2.648
2.599
2.586
2.016
2.539
2.599
2.070
2.788
2.631
2.676
2.387
2.586
2.585
2.615
2.663
2.397
2.414
2.427
1.229
2.604
2.426
2.681
2.541
2.585
2.578
2.532
2.603
2.220
2.585
2.507
2.823
2.686
2.693
2.657
2.658
2.656
1.928
2.756
2.674
2.586
2.630
2.585
1.851
2.385
2.503
2.603
2.227
2.293
2.236
2.552
2.133
2.600
2.249
2.473
2.556
2.788
2.676
2.668
1.848
2.733
2.352
2.456
2.459
2.521
2.414
2.619
2.467
2.625
2.588
2.370
2.560
2.569
2.195
2.503
2.516
2.288
2.448
2.406
2.672
2.599
2.195
2.594
2.295
2.327
2.601
2.594
2.613
2.562
2.590
2.578
2.603
2.427
2.541
2.399
2.585
2.585
2.662
2.732
2.658
2.689
3.149
2.646
2.398
2.397
2.566
2.429
2.679
2.733
2.675
2.451
2.095
2.401
2.345
2.451
2.604
2.603
2.603
2.437
2.613
2.367
2.604
2.605
2.484
2.611
2.604
2.582
2.648
2.604
2.400
2.598
2.571
2.658
2.658
2.615
2.626
1.055
2.692
2.692
2.372
2.751
2.747
2.715
2.575
2.802
2.659
2.442
2.756
2.733
2.674
2.586
2.428
2.674
2.544
2.734
2.732
2.732
2.733
2.432
2.589
2.636
2.489
2.559
2.647
2.427
2.122
2.487
2.696
2.595
2.251
2.216
2.032
2.788
2.676
2.491
2.441
2.336
2.145
2.642
2.677
2.408
2.585
2.535
2.445
2.594
2.551
2.595
2.585
2.594
2.541
2.404
2.567
2.514
1.682
2.202
2.510
2.449
2.373
2.659
2.374
2.590
2.578
2.611
2.648
2.427
2.541
2.658
2.689
2.256
2.536
2.802
2.685
2.606
2.604
2.433
2.603
2.604
2.557
2.529
2.391
1.368
2.571
2.573
2.605
2.604
2.604
2.308
2.399
2.645
2.453
2.306
2.789
2.604
2.659
2.315
2.604
2.426
2.478
2.439
2.385
2.655
2.054
2.628
2.702
2.577
2.571
2.693
2.572
2.653
2.575
2.577
2.844
2.657
1.921
2.592
2.456
2.655
2.654
2.756
2.733
2.674
2.586
2.536
2.413
2.434
2.479
2.494
2.368
2.119
2.182
2.165
2.696
2.427
2.520
2.539
2.666
2.094
1.862
2.408
2.733
2.501
2.634
2.353
2.446
2.459
2.681
2.509
2.167
2.594
1.587
2.435
2.598
2.645
2.585
2.604
2.621
2.684
2.398
2.399
2.374
2.622
2.660
2.700
2.373
2.498
2.788
2.676
2.398
2.590
2.578
2.611
2.593
2.648
2.427
2.464
2.341
2.731
2.398
2.659
2.702
2.670
2.683
2.802
2.694
2.656
2.683
2.439
2.670
2.681
2.655
2.645
2.604
2.604
2.694
2.604
2.645
2.438
2.144
2.008
2.610
2.387
2.554
2.604
2.562
2.564
2.604
2.310
2.604
2.592
2.604
2.689
2.692
0.822
2.428
2.442
2.383
2.693
2.404
2.689
2.432
2.656
2.512
2.078
2.581
2.574
2.691
2.534
2.756
2.674
2.586
2.536
2.731
2.788
2.546
2.295
2.659
2.732
2.469
2.605
2.057
2.311
2.710
2.327
2.583
2.587
2.494
2.685
2.675
2.405
2.583
2.543
2.585
2.585
2.323
2.586
2.585
2.295
2.585
2.585
2.584
2.537
2.593
2.525
2.555
2.604
2.605
2.652
2.429
2.586
2.382
2.597
2.590
2.578
2.610
2.648
2.427
2.585
2.585
2.730
2.434
2.583
2.249
2.416
2.092
2.684
2.396
2.400
2.659
2.694
2.574
2.512
2.635
2.522
2.604
2.606
2.399
2.696
2.606
2.604
2.605
2.644
2.605
2.409
2.302
2.438
2.604
2.586
2.564
2.596
2.604
2.607
2.658
2.603
2.418
2.687
2.690
2.711
2.655
2.575
2.659
2.592
2.695
2.635
2.606
2.112
2.613
2.687
2.425
2.654
2.696
2.303
2.432
2.236
1.757
2.360
2.470
2.710
2.756
2.675
2.585
2.536
2.731
2.788
2.517
2.449
2.347
2.732
2.352
2.256
2.397
1.588
2.657
2.604
2.687
2.601
2.489
2.743
2.672
2.411
1.488
2.640
2.585
2.585
2.594
2.585
2.585
2.566
2.414
2.682
2.312
2.684
2.438
2.731
2.677
2.085
2.547
2.581
2.377
2.580
2.442
2.611
2.590
2.578
2.610
2.648
2.482
2.682
2.586
2.679
2.733
2.733
2.731
2.686
2.705
2.411
2.681
2.551
2.659
2.694
2.574
2.512
2.604
2.431
2.633
2.521
2.373
2.477
2.574
2.604
2.564
2.365
2.604
2.604
2.604
2.604
2.604
2.540
2.643
2.604
2.604
2.513
2.657
2.606
2.626
2.656
2.686
2.656
2.605
2.580
2.680
2.828
2.601
2.600
2.657
2.658
2.695
2.114
2.580
2.434
2.432
2.002
2.639
1.797
2.710
2.756
2.585
2.731
2.684
2.788
2.172
2.574
2.701
2.489
2.582
2.341
2.508
2.519
2.646
2.164
2.579
2.585
2.732
2.733
2.646
2.502
2.419
2.456
1.856
2.477
2.561
2.548
2.409
2.369
2.599
2.451
2.716
2.674
2.676
2.675
2.545
2.585
2.585
2.414
2.586
2.506
2.399
2.543
2.528
2.270
2.733
2.658
2.732
2.675
2.686
2.732
2.732
2.732
2.731
2.590
2.574
2.610
2.648
2.659
2.601
2.694
2.574
2.605
2.626
2.534
2.528
2.408
2.482
2.368
2.645
2.605
2.471
2.641
2.603
2.611
2.604
2.661
2.582
2.441
2.558
2.383
2.574
2.494
2.315
2.604
1.777
2.529
2.603
2.634
2.656
2.694
2.653
2.574
2.579
2.180
2.656
2.655
2.657
2.655
2.683
2.577
2.656
2.603
2.414
2.638
2.701
2.695
2.637
2.570
2.423
2.722
2.444
2.710
2.756
2.676
2.585
2.691
2.327
2.733
2.615
2.448
2.544
2.602
2.547
2.549
2.675
2.673
2.675
2.675
2.676
2.673
2.713
2.296
2.259
2.585
2.300
2.330
2.519
2.680
2.702
2.257
2.731
2.686
2.788
2.586
2.510
2.598
2.533
2.586
2.684
2.677
2.514
2.442
2.673
2.383
2.567
2.238
2.126
2.598
2.585
2.568
2.292
2.590
2.574
2.610
2.648
2.659
2.447
2.652
2.670
2.555
2.587
2.481
2.659
2.634
2.603
2.579
2.732
2.732
2.492
2.378
2.021
2.408
2.556
2.602
2.603
2.616
2.612
2.733
2.693
2.731
2.604
2.657
2.637
2.605
2.302
2.539
2.586
2.605
2.554
2.069
2.581
2.609
2.555
2.513
2.421
2.604
2.319
2.706
2.622
2.588
2.655
2.658
2.600
2.687
2.590
2.689
2.659
2.658
2.691
2.656
2.589
2.696
1.635
2.710
2.756
2.676
2.585
2.756
2.528
2.366
2.368
2.598
2.541
2.672
2.516
2.616
2.731
2.691
2.561
2.602
2.659
2.732
2.731
2.788
2.734
2.411
2.567
2.242
2.541
2.499
2.378
2.705
2.731
2.145
2.328
2.584
2.423
2.662
2.693
2.411
2.439
2.399
2.399
2.398
2.732
2.400
2.252
2.600
2.383
2.602
2.590
2.574
2.648
2.546
2.395
2.417
2.668
2.658
2.732
2.431
2.685
2.687
2.733
2.731
2.659
2.634
2.732
2.706
2.265
2.589
2.602
2.713
2.417
2.604
2.673
2.557
2.690
2.707
2.427
2.732
2.610
2.605
2.628
2.599
2.605
2.605
2.571
2.604
2.426
2.605
2.657
2.605
2.511
2.557
2.612
2.577
2.325
2.691
2.610
2.656
2.567
2.618
2.006
2.656
2.654
2.686
1.865
2.655
2.655
2.657
2.688
2.588
2.696
2.369
2.703
2.463
2.683
2.710
2.756
2.585
2.659
2.537
2.573
2.588
2.461
2.292
2.119
2.467
2.536
2.733
2.466
2.464
2.584
2.630
2.554
2.446
2.522
2.583
2.675
2.673
2.501
2.673
2.672
2.697
2.585
2.434
2.585
2.585
2.306
2.324
2.248
2.577
2.121
2.626
2.273
2.731
2.691
2.668
2.713
2.506
2.641
2.552
2.594
2.734
2.393
2.400
2.662
2.719
2.399
1.491
2.683
2.303
2.669
2.602
2.590
2.574
2.597
2.648
2.686
2.659
2.634
2.706
2.698
2.731
2.663
2.733
2.685
2.668
2.674
2.661
2.698
2.654
2.692
2.090
2.336
2.615
1.657
2.604
2.432
2.284
2.540
2.604
2.604
2.603
2.606
2.603
2.603
2.555
2.451
2.556
2.571
2.604
2.513
2.657
2.690
2.575
2.678
2.657
2.631
2.660
2.656
2.687
2.657
2.697
2.592
2.726
2.283
2.710
2.756
2.585
2.063
2.342
2.756
2.710
2.451
2.256
2.346
2.733
2.416
2.351
2.606
2.449
2.544
2.201
2.675
2.696
2.546
2.462
2.379
2.259
2.281
2.532
2.548
2.476
2.731
2.329
2.691
2.668
2.713
2.583
2.149
2.433
2.522
2.595
2.585
2.585
2.610
2.503
2.657
2.567
2.057
2.602
2.590
2.574
2.648
2.584
2.526
2.396
2.678
2.272
2.534
2.442
2.661
2.730
2.730
1.986
2.686
2.659
2.678
2.389
2.570
2.706
2.400
2.422
2.437
2.684
2.399
2.731
2.667
2.668
2.404
2.603
2.572
2.604
2.604
2.656
2.687
2.657
2.604
2.602
2.732
2.664
2.395
2.604
2.573
2.610
2.605
2.418
2.512
2.687
2.658
2.688
2.686
2.652
2.695
2.654
2.655
2.695
2.118
2.604
2.659
2.096
2.604
2.686
2.654
2.406
2.451
2.782
2.714
2.710
2.756
2.585
1.983
2.493
2.756
2.399
1.808
2.464
2.710
2.435
2.550
2.348
2.644
2.074
2.559
2.279
2.393
2.732
2.334
2.539
2.612
2.450
2.405
2.478
2.504
2.673
2.675
2.642
2.523
2.544
2.542
2.586
2.455
2.599
2.585
2.595
2.598
2.145
2.585
2.553
2.671
2.733
2.398
2.439
2.732
2.669
2.343
1.744
2.422
2.731
2.691
2.668
2.713
2.532
2.604
2.590
2.574
2.648
2.659
2.435
2.686
2.664
2.688
2.706
2.612
2.661
2.674
2.686
2.686
2.694
2.694
2.642
2.600
2.694
2.600
2.658
2.658
2.573
2.604
2.414
2.612
2.419
2.373
2.403
2.557
2.604
2.597
2.613
2.655
2.573
2.426
2.443
2.549
2.686
2.687
2.660
2.395
2.685
2.681
2.437
2.612
2.671
2.605
2.604
2.636
2.310
2.604
2.272
2.688
2.657
2.710
2.585
2.048
2.418
2.460
2.559
2.457
2.514
2.363
2.403
2.344
2.326
2.638
2.518
2.388
2.611
2.515
2.628
2.675
2.447
2.501
2.632
2.448
2.585
2.604
2.585
2.585
2.584
2.585
2.395
2.683
2.261
2.440
2.619
2.416
2.473
2.600
2.579
2.714
2.402
2.731
2.612
2.691
2.669
2.713
2.240
2.429
2.674
2.656
2.403
2.733
2.713
2.731
2.731
2.430
2.339
2.604
2.590
2.574
2.648
1.983
2.686
2.664
2.688
2.706
2.398
2.604
2.510
2.604
2.401
2.570
2.310
2.613
2.733
2.668
2.603
2.310
2.700
2.687
2.729
2.643
2.640
2.446
2.683
2.451
2.705
2.550
2.581
2.471
2.603
2.610
2.611
2.407
2.654
2.657
2.519
2.584
2.605
2.653
2.602
2.568
2.621
2.655
2.655
2.658
2.604
2.697
2.644
2.657
2.692
2.710
2.585
2.514
2.534
2.541
2.758
2.467
2.668
2.449
2.675
2.145
2.310
2.675
2.650
2.717
2.350
2.728
2.594
2.585
2.585
2.501
2.560
2.731
2.612
2.691
2.669
2.713
2.107
2.542
2.679
2.544
2.585
2.401
2.338
2.625
2.342
2.566
2.450
2.677
2.400
2.374
2.433
2.430
2.301
2.203
2.658
2.646
2.733
2.406
2.665
2.281
2.604
2.590
2.574
2.648
1.998
2.430
2.657
2.659
2.662
2.730
2.686
2.664
2.688
2.706
2.685
2.733
2.689
2.698
2.687
2.669
2.670
2.665
2.568
2.665
2.543
2.654
2.603
2.638
2.609
2.579
2.266
2.604
2.415
2.553
2.604
2.605
2.604
2.640
2.604
2.295
2.604
2.433
2.602
2.604
2.497
2.604
2.605
2.463
2.659
2.658
2.659
2.687
2.569
2.819
2.689
2.690
2.096
2.655
2.721
2.652
1.659
2.710
2.710
2.585
2.410
2.695
2.388
2.046
2.270
2.451
2.472
2.501
2.639
2.641
2.496
2.526
2.446
2.585
2.234
2.005
2.383
2.454
2.472
2.710
2.579
2.731
2.686
2.612
2.691
2.669
2.646
2.620
2.331
2.586
2.586
2.585
2.295
2.493
2.549
2.685
2.398
2.719
2.174
2.374
2.567
2.731
2.598
2.604
2.590
2.574
2.648
2.396
2.671
2.564
2.672
2.669
2.667
2.731
2.700
2.688
2.436
2.731
2.502
2.686
2.664
2.688
2.706
2.732
2.562
2.585
2.604
2.602
2.415
2.604
1.981
2.694
2.584
2.571
2.562
2.370
2.605
2.656
2.604
2.603
2.604
2.610
2.541
2.562
2.397
2.237
2.604
2.424
2.612
2.531
2.530
2.660
2.599
2.656
2.647
1.880
2.655
2.656
1.788
2.235
2.656
2.690
2.087
2.078
2.734
2.688
2.733
2.443
2.584
2.441
2.710
2.586
2.624
2.756
2.535
2.611
2.684
2.351
2.062
2.625
2.569
2.411
2.604
2.416
2.366
2.586
2.379
2.733
2.273
2.448
2.731
2.383
2.612
2.691
2.669
2.646
2.592
2.365
2.498
2.001
2.570
2.675
2.471
2.523
2.411
2.541
2.585
2.336
2.594
2.127
2.389
2.585
1.973
2.471
2.685
2.256
2.443
2.684
2.399
2.671
2.430
2.735
2.488
2.398
2.612
2.446
2.604
2.590
2.574
2.648
2.731
2.686
2.664
2.688
2.706
2.604
2.314
2.810
2.605
2.411
2.604
2.605
2.667
2.314
2.610
2.604
2.733
2.605
2.730
2.422
2.439
2.327
2.704
2.733
2.371
2.604
2.605
2.476
2.603
2.606
2.604
2.604
2.778
2.604
2.602
2.605
2.604
2.604
2.570
2.656
2.656
2.607
2.600
2.610
2.641
2.594
2.659
2.655
2.579
2.655
2.658
2.687
2.570
2.710
2.586
2.533
2.664
2.570
2.678
2.595
2.245
2.665
2.216
2.249
2.521
2.733
2.377
2.715
2.671
2.430
2.657
2.382
2.379
2.515
2.488
2.450
2.519
2.606
2.342
2.731
2.612
2.691
2.669
1.795
2.408
2.733
2.646
2.672
2.672
2.672
2.688
2.501
2.569
2.387
2.585
2.585
2.584
2.374
2.440
2.281
2.660
2.350
2.281
2.730
2.513
2.682
2.755
2.667
2.666
2.669
2.604
2.590
2.574
2.648
2.686
2.664
2.688
2.706
2.576
2.665
2.688
2.731
2.731
2.439
2.070
2.663
2.580
2.731
2.729
2.605
2.538
2.486
2.645
2.604
2.605
2.473
2.605
2.432
2.604
2.486
2.409
2.607
2.603
2.574
2.605
2.600
2.618
2.050
2.427
2.566
2.641
2.690
2.694
2.582
2.655
2.575
2.688
2.654
2.577
2.656
2.655
2.602
2.619
2.710
2.586
2.407
2.420
2.732
2.732
2.343
2.734
2.465
2.544
1.949
2.580
2.355
2.732
2.638
2.583
2.484
2.392
2.446
2.522
2.492
2.438
2.642
2.673
2.675
2.675
2.643
2.675
2.550
2.697
2.491
2.143
2.236
2.584
2.586
2.660
2.730
2.372
2.428
2.670
2.667
2.661
2.660
2.413
2.518
2.765
2.530
2.474
2.281
2.731
2.612
2.691
2.669
2.646
2.604
2.590
2.574
2.648
2.669
2.686
2.664
2.688
2.436
2.697
2.706
2.658
2.573
2.687
2.582
2.696
2.655
2.688
2.694
2.701
2.732
2.667
2.729
2.644
2.658
2.668
2.732
2.701
2.060
2.338
2.371
2.566
2.689
2.656
2.604
2.462
2.622
2.604
2.669
2.605
2.604
2.610
2.408
2.604
2.602
2.342
2.489
2.564
2.604
2.605
2.605
2.605
2.653
2.545
2.571
2.275
2.714
2.508
2.710
2.402
2.472
2.356
2.244
2.542
1.890
2.420
2.710
2.645
2.515
2.638
2.523
2.465
2.511
2.232
2.746
2.675
2.368
2.530
2.471
2.677
2.412
2.673
2.675
2.676
2.676
2.675
2.676
2.674
2.531
2.559
2.353
2.585
2.586
2.585
2.585
2.585
2.665
2.399
2.632
2.363
2.588
2.731
2.612
2.691
2.669
2.574
2.697
2.427
2.604
2.590
2.574
2.622
2.698
2.582
2.430
2.023
1.881
2.686
2.664
2.688
2.706
2.714
2.274
2.697
2.671
2.733
2.669
2.637
2.733
2.439
2.604
2.670
2.700
2.682
2.685
2.442
2.569
2.435
2.262
2.603
2.308
2.606
2.420
2.611
2.565
2.604
2.616
2.646
2.605
2.607
2.656
2.420
2.658
2.567
2.373
2.618
2.654
2.655
2.658
2.658
2.655
2.416
2.694
2.847
2.841
2.710
2.756
2.412
2.732
2.591
2.469
2.481
2.628
2.431
2.598
2.426
2.733
2.535
2.566
2.476
2.600
2.572
2.541
2.450
2.599
2.414
2.504
2.606
2.557
2.673
2.673
2.673
2.675
2.675
2.674
2.673
2.675
2.675
2.672
2.673
2.675
2.497
2.664
2.592
2.543
2.585
2.585
2.585
2.585
2.567
2.252
2.731
2.612
2.691
2.671
2.697
2.604
2.267
2.521
2.590
2.574
2.318
2.374
2.686
2.664
2.688
2.847
2.713
2.706
2.714
2.399
2.725
2.520
2.670
1.701
2.682
2.401
2.659
2.732
2.732
2.662
2.688
2.733
2.645
2.664
2.669
2.711
2.388
1.843
2.674
2.656
2.687
2.655
2.605
2.317
2.603
2.409
2.458
2.519
2.611
2.612
2.464
2.602
2.603
2.586
2.606
2.161
2.685
2.687
2.689
2.729
2.358
2.656
2.125
2.656
2.580
2.594
2.710
2.697
2.594
2.548
2.143
2.673
2.522
2.483
2.265
2.666
2.512
2.382
2.640
2.143
2.604
2.458
2.675
2.672
2.674
2.673
2.673
2.633
2.673
2.520
2.606
2.283
2.731
2.612
2.691
2.671
2.697
2.677
2.143
2.549
2.414
2.617
2.601
2.383
2.585
2.441
2.585
2.421
2.585
2.464
2.585
2.585
2.633
2.264
2.480
2.682
2.681
2.450
2.643
2.604
2.590
2.574
2.686
2.664
2.688
2.374
2.585
2.399
2.847
2.706
2.714
2.515
2.403
2.571
2.669
2.733
2.653
2.614
2.682
2.733
2.400
2.732
2.687
2.731
2.464
2.638
2.729
2.730
2.693
2.735
2.438
2.452
2.453
2.604
2.428
2.604
2.410
2.606
2.606
2.556
2.618
2.415
2.727
2.596
2.630
1.663
2.655
2.612
2.270
2.641
2.578
2.669
2.697
2.655
2.695
2.659
2.125
2.740
2.844
2.526
2.641
2.162
1.971
2.710
2.328
2.457
2.694
2.656
2.573
2.587
2.675
2.488
2.638
2.407
2.449
2.672
2.612
2.496
2.675
2.673
2.673
2.673
2.675
2.643
2.671
2.733
2.677
2.585
2.586
2.733
2.614
2.691
2.671
2.697
2.144
2.586
2.586
2.585
2.523
2.367
2.439
2.632
2.436
2.518
2.093
2.439
2.682
2.494
2.394
2.430
2.684
2.373
2.399
2.606
2.590
2.574
2.686
2.664
2.517
2.612
2.688
2.847
2.706
2.714
2.409
1.924
2.729
2.421
2.668
2.732
2.732
2.691
2.632
2.668
2.696
2.684
2.202
2.690
2.421
2.604
2.608
2.604
2.584
2.479
2.609
2.434
2.604
2.604
2.562
2.321
2.607
2.553
2.605
2.605
2.482
2.625
2.614
2.571
2.196
2.238
2.640
2.658
2.659
2.649
2.687
2.712
2.656
2.693
2.792
2.642
2.557
2.372
2.411
2.595
2.638
2.145
2.673
2.673
2.675
2.672
2.575
2.733
2.614
2.691
2.671
2.678
2.673
2.682
2.571
2.692
2.633
2.585
2.585
2.682
2.679
2.430
2.658
2.400
2.697
2.400
2.534
2.681
2.682
2.637
2.518
2.440
2.397
2.397
2.452
2.426
1.094
2.395
2.685
2.691
2.399
2.636
2.634
2.643
2.688
2.640
2.668
2.606
2.590
2.574
2.686
2.664
2.612
2.688
2.593
2.847
2.706
2.714
2.203
2.245
2.681
2.602
2.645
2.731
2.677
2.731
2.492
2.604
2.604
2.604
2.409
2.480
2.480
2.610
2.154
2.605
2.618
2.604
2.602
2.604
2.558
2.575
2.688
2.667
2.552
2.517
2.421
2.779
2.749
2.458
2.338
2.579
2.659
2.621
2.695
2.425
2.657
2.685
2.580
2.654
2.655
2.693
2.574
