hardness
 (GPa)  
  31.781
  37.768
  29.660
  25.422
  31.108
  31.642
  33.104
  32.053
  29.007
  34.832
  32.172
  34.391
  33.397
  26.224
  23.087
  32.872
  28.246
  37.552
  27.603
  27.060
  23.796
  31.302
  25.625
  27.799
  37.118
  29.034
  25.408
  29.119
  34.369
  30.611
  27.001
  29.321
  30.977
  32.428
  29.500
  36.875
  30.973
  29.469
  24.853
  36.290
  30.991
  25.548
  34.828
  31.385
  31.706
  33.195
  34.315
  31.347
  33.088
  31.289
  26.773
  33.245
  30.364
  44.928
  30.341
  37.800
  31.082
  35.895
  30.312
  34.626
  34.149
  36.390
  27.461
  29.936
  32.791
  38.250
  28.149
  30.445
  34.674
  35.553
  33.062
  31.855
  34.668
  33.096
  31.043
  31.779
  27.152
  37.894
  34.779
  37.199
  33.684
  26.688
  30.954
  31.511
  21.338
  23.899
  36.260
  38.071
  31.885
  34.981
  17.115
  30.694
  29.496
  36.346
  41.874
  34.335
  35.738
  37.236
  26.909
  28.542
  33.855
  32.851
  36.126
  33.753
  33.141
  35.901
  34.473
  29.542
  24.383
  36.665
  25.692
  25.754
  28.149
  35.558
  14.706
  35.064
  36.164
  36.736
  30.687
  30.359
  32.682
  26.536
  26.728
  23.925
  30.519
  29.172
  33.109
  38.854
  28.344
  30.610
  29.633
  30.868
  40.483
  30.234
  33.262
  28.406
  29.835
  35.896
  29.267
  32.929
  35.168
  36.473
  35.004
  33.866
  32.262
  34.420
  42.140
  33.326
  34.831
  28.812
  35.563
  35.509
  39.729
  31.217
  36.633
  30.172
  43.891
  38.268
  35.678
  30.880
  43.110
  43.162
  30.192
  38.350
  36.850
  37.470
  32.584
  34.902
  13.854
  43.137
  27.077
  35.086
  32.273
  33.608
  36.066
  39.441
  38.309
  28.483
   6.983
  31.897
  38.912
  45.719
  24.125
  22.380
  43.633
  28.975
  35.640
  42.982
  12.756
  44.169
  38.940
  44.605
  35.758
  43.039
  42.583
  44.928
  38.250
  41.874
  28.092
  35.253
  29.989
  30.955
  36.053
  38.198
   9.829
  26.096
  32.478
  35.293
  38.202
  19.810
  26.784
  34.177
  42.140
  35.151
  26.388
  38.071
  27.580
  27.853
  43.891
  39.729
  32.049
  37.132
  30.125
  34.032
  34.943
  34.016
  32.359
  24.600
  36.576
  32.961
  33.437
  43.162
  35.255
  34.090
  34.920
  34.143
  32.822
  37.751
  41.855
  36.720
  38.309
  25.403
  21.201
  39.543
  42.728
  37.784
  30.097
  36.887
  27.897
  38.049
  21.067
  31.976
  45.719
  37.822
  44.169
  43.633
  -3.165
  44.605
  43.039
  42.583
  30.149
  38.168
  39.513
  32.075
  37.027
  37.090
  32.320
  41.624
  38.816
  33.830
  40.332
  37.762
  36.924
  35.052
  43.829
  32.161
  29.671
  36.306
  18.671
  44.829
  27.991
  43.291
  32.306
  45.142
  45.114
  40.577
  38.651
  39.148
  42.878
  38.474
  -2.112
  38.977
  42.293
  44.409
  43.213
  32.009
  45.643
  34.158
  45.101
  28.514
  31.746
  35.995
  30.965
  44.269
  41.125
  48.371
  48.379
  48.344
  15.837
  44.928
  43.891
  45.142
  32.768
  45.122
  20.460
  32.470
  29.271
  33.450
  33.188
  21.693
  28.915
  33.192
  26.228
  40.300
  25.631
  32.181
  38.026
  44.829
  43.291
  40.601
   2.132
  46.175
  28.826
  21.599
  33.931
  26.790
  42.878
  34.259
  33.342
  32.375
  33.906
  32.673
  31.070
  37.456
  25.520
  40.985
  29.578
   1.317
  33.342
  35.629
  37.470
  40.754
  30.236
  35.880
  28.818
  35.372
  42.049
  42.724
  38.962
  24.466
  45.719
  45.643
  45.101
  43.633
  43.213
  36.707
  43.993
  41.543
  42.811
  39.412
  48.379
  44.605
  43.039
  42.583
  41.562
  42.620
  35.564
  33.758
  32.332
  45.172
  43.654
  37.397
  17.280
  41.981
  39.077
  37.194
  45.138
  41.671
  39.364
  31.627
  36.446
  36.107
  39.695
  44.253
  34.116
  45.255
  38.762
  41.651
  45.243
  42.635
  25.702
  44.718
  32.216
  48.387
  48.384
  34.155
  41.621
  -2.682
  40.087
  40.926
  11.197
  37.641
  40.083
  41.634
  31.595
  43.561
  40.818
  25.556
  44.928
  46.175
  43.891
  45.142
  26.223
  21.625
  32.822
  43.644
  39.555
  39.553
  36.137
  38.327
  33.039
  40.965
  42.729
  29.411
  30.309
  36.582
  26.009
  37.736
  34.357
  36.748
  28.971
  29.710
  26.580
  44.829
  43.291
  37.203
  24.221
  29.262
  34.305
  32.236
  37.930
  35.672
  43.038
  41.680
  36.599
  35.124
  27.643
  39.851
  45.026
  39.824
  34.119
  37.326
  38.778
  37.503
   6.090
  11.019
  34.205
  39.673
  37.924
  41.447
  32.263
  45.719
  45.643
  45.255
  45.243
  43.633
  43.213
  48.387
  44.605
  33.663
  43.841
  43.561
  38.298
  42.168
  42.319
  31.387
  44.913
  42.894
  35.383
  33.971
  39.300
  -1.019
  45.590
  42.801
  45.203
  43.043
  41.198
  40.483
  40.049
  42.013
  37.007
  40.031
  42.888
  41.431
  48.396
  40.361
  38.961
  28.881
  36.361
  22.198
  22.825
  48.329
  10.649
  39.683
  44.674
  40.670
  36.734
  40.797
  34.842
  48.289
  25.528
  35.910
  41.681
  48.329
   9.527
  37.278
  36.983
  40.000
  48.304
  44.928
  46.175
  43.891
  45.142
  43.841
  28.760
  34.939
  21.559
  23.599
  18.914
  19.031
  31.419
  38.159
  32.851
  28.948
  36.472
  40.502
  25.661
  -1.442
  31.331
  37.430
  42.313
  32.814
  38.465
  35.237
  32.128
  33.685
  36.100
  42.332
  32.180
  40.207
   4.736
  33.715
  43.523
  39.606
  39.958
  31.114
  26.473
  37.434
  35.784
  31.467
  38.223
  36.101
  38.318
  37.663
  38.415
  34.188
  44.829
  43.291
  42.597
  45.719
  45.643
  45.255
  37.650
  45.243
  43.633
  38.394
  31.273
  47.628
  42.731
  48.396
  44.674
  41.343
  41.601
  43.561
  41.860
  39.949
  37.842
  30.081
  40.594
  30.361
  48.315
  33.350
  45.132
  41.369
  44.994
  42.438
  41.741
  41.349
  18.096
  19.994
  45.440
  38.129
  34.247
  44.228
  30.435
  41.749
  45.136
  35.525
  44.502
  37.515
  39.408
  44.729
  39.456
  12.363
  25.209
  25.611
  36.650
  41.167
  23.066
  41.186
  38.587
  48.346
  43.981
   7.157
  33.905
  44.733
  29.154
  41.217
  44.928
  43.891
  45.142
  43.841
  47.628
  44.829
  35.509
  27.877
  29.633
  38.466
  40.596
  38.853
  28.757
  26.590
  45.484
  26.842
  35.394
  36.687
  37.469
  33.446
  45.853
  40.814
  36.409
  32.505
  41.630
  41.793
  32.940
  43.987
  43.031
  24.060
  45.005
  45.115
  39.998
  34.867
  34.850
  31.819
  32.946
  44.882
  44.588
  22.647
  33.846
  28.959
  28.748
  34.996
  45.719
  45.643
  45.440
  45.243
  43.633
  45.146
  44.009
  47.625
  43.006
  36.060
  33.929
  36.596
   7.256
  36.167
  39.275
  40.677
  48.396
  44.994
  44.733
  43.981
  34.480
  34.805
  40.037
  39.097
  24.308
  41.261
  41.721
  38.849
  41.920
  45.118
  41.952
  37.072
  40.120
  35.982
  38.777
  42.324
  36.291
  43.935
  41.473
  45.234
  48.365
  38.330
  37.214
  40.552
  36.207
  39.555
  48.297
  36.263
  48.417
  27.331
  33.528
  35.623
  38.321
  10.387
  39.601
  40.505
  40.622
  48.305
  41.594
  27.365
  29.019
  20.104
  -2.280
  21.728
  28.943
  45.484
  44.928
  45.853
  45.146
  43.841
  47.628
  44.829
  39.272
  33.705
  30.275
  41.730
  32.550
  35.480
  28.982
  25.346
  36.626
  38.120
  37.996
  42.194
  35.106
  36.915
  45.755
  39.963
   7.636
  35.196
  43.999
  41.656
  34.760
  40.015
  43.846
  39.502
  39.890
  34.251
  30.928
  45.646
  24.194
  43.952
  33.991
  34.484
  27.505
  39.091
  19.410
  32.832
  33.784
  21.282
  45.719
  45.643
  45.440
  45.243
  35.909
  38.382
  38.108
  28.102
  46.329
  40.231
  46.201
  25.014
  33.655
  30.554
  38.739
  38.149
  48.417
  44.994
  44.733
  43.981
  44.849
  35.561
  43.722
  37.817
  34.827
  39.989
  45.646
  38.881
  37.381
  40.060
  37.790
  41.926
  41.151
  45.210
  41.709
  41.663
  44.806
  42.733
  39.899
  31.794
  48.304
  41.536
  44.679
  48.338
  44.286
  48.339
  41.323
  41.549
  39.571
  42.139
  47.232
  37.223
  48.375
  48.367
  40.112
  12.873
  38.020
  28.960
  21.940
  10.324
  31.166
   6.830
  45.484
  44.928
  45.146
  47.628
  45.646
  44.829
  33.871
  32.234
  38.437
  25.836
  34.111
  33.798
  28.552
  32.504
  25.975
  27.168
  23.999
  32.938
  38.415
  38.509
  31.909
  32.152
  33.533
  23.226
  11.311
  30.688
  40.938
  30.155
  28.700
  28.643
  36.397
  35.922
  42.444
  37.343
  48.783
  38.254
  30.859
  40.140
  45.049
  39.134
  41.542
  32.603
  36.639
  31.776
  43.172
  38.578
  44.572
  37.990
  44.025
  31.166
  46.073
  44.992
  39.500
  45.025
  47.624
  45.719
  45.646
  45.440
  45.243
  48.417
  47.232
  44.994
  44.733
  45.319
  44.679
  34.536
  33.259
  33.022
  35.884
  37.977
  45.008
  44.179
  36.559
  45.006
  41.706
  41.678
  45.289
  36.961
  40.930
  34.635
  38.746
  40.278
  41.516
  33.416
  35.028
  43.914
   0.386
  36.165
  41.646
  45.100
  48.334
  33.439
  48.291
  35.689
  41.001
  38.499
  48.332
  48.262
  48.353
  48.323
  31.487
  26.358
  39.935
  47.270
  24.494
  33.213
  34.137
  41.773
  34.475
  35.014
  27.240
  36.953
  27.862
  45.484
  44.928
  48.783
  45.146
  46.446
  31.130
  38.026
  32.637
  28.132
  44.832
  42.766
  22.630
  26.222
  48.781
  48.759
  45.807
  45.789
  37.235
  48.766
  36.187
  34.832
  32.342
  41.788
  23.187
  26.726
  34.789
  28.313
  35.450
  37.991
  47.628
  46.073
  44.829
  44.314
  35.130
  35.917
  37.254
  41.658
  45.288
  43.309
  36.555
  31.020
  37.386
  29.820
  34.746
  37.123
  18.566
  36.039
  45.057
  38.288
  31.018
  45.719
  45.646
  45.440
  45.243
  45.319
  37.532
  19.388
  44.365
  31.442
  30.364
  35.932
  48.417
  45.100
  41.646
  41.001
  41.445
  44.195
  37.011
  34.428
  19.362
  39.689
  37.607
  46.157
  39.119
  39.947
  45.514
  46.194
  42.007
  39.282
  45.110
  43.795
  45.061
  41.665
  38.215
  35.420
  43.553
  40.699
  41.060
   2.272
  43.709
  43.489
  35.075
  32.874
  40.072
  45.329
  24.845
  46.207
  35.323
  44.002
  48.291
  48.381
  44.116
  40.254
  39.857
  44.302
  48.391
  48.396
  40.169
  40.008
  35.387
  44.972
  -2.664
  45.484
  44.928
  48.783
  45.146
  30.458
  26.090
  41.383
  33.889
  33.816
  37.869
  37.125
  33.740
  36.448
  47.628
  46.446
  28.849
  31.381
  45.319
  46.234
  43.095
  44.829
  36.442
  25.312
  23.271
  30.965
  27.440
  34.371
  38.964
  30.623
  44.932
  28.408
  31.584
  43.824
  34.410
  42.275
  38.458
  39.630
  22.912
  42.808
  40.892
  42.781
  44.219
  42.658
  31.963
  34.601
  36.424
  46.157
  45.719
  45.646
  45.243
  30.182
  42.783
  37.759
  45.626
  42.700
  46.236
  31.727
  45.477
  46.001
  45.603
  47.642
  48.417
  45.100
  44.180
  46.207
  22.668
  38.129
  41.520
  45.133
  36.490
  45.294
  39.310
  38.655
  25.840
  42.540
  21.859
  39.333
  26.298
  44.733
  36.939
  44.648
  38.912
  40.715
  40.029
  45.355
  35.348
  45.894
  48.355
  44.657
  40.890
  34.674
  45.390
  35.293
  28.792
  41.987
  36.365
  48.299
  31.550
  44.688
  10.216
  48.337
  48.303
  48.951
   3.693
  40.286
  48.310
  48.349
  44.703
  44.671
  42.104
  21.935
  39.270
  23.225
  44.835
  45.484
  44.928
  45.146
  45.208
  39.124
  34.759
  40.997
  24.896
  29.792
  27.022
  38.069
  35.230
  38.522
  27.592
  31.476
  37.258
  40.785
  31.898
  33.880
  32.548
  36.023
  45.869
  45.839
  40.546
  45.801
  48.740
  37.027
  40.039
  32.295
  45.083
  41.686
  36.591
  31.826
  25.564
  30.030
  34.621
  38.201
  24.897
  47.642
  46.446
  45.626
  45.133
  36.105
  31.308
  31.615
  35.996
  45.632
  29.977
  42.064
  40.096
  37.502
  42.635
   4.501
  31.875
  33.398
  44.374
  46.157
  45.719
  45.646
  44.521
  45.243
  48.951
  48.417
  45.100
  46.207
  43.732
  43.716
  40.143
  45.067
  45.658
  45.772
  43.191
  45.276
  34.454
  48.313
  40.381
  14.736
  27.212
  41.632
   5.556
  38.628
  39.010
  30.504
  34.971
  45.291
  41.724
  41.661
  42.650
  40.501
  38.915
  30.906
  28.760
  35.679
  33.980
  38.537
  32.992
  36.628
  35.591
  35.616
  45.257
  48.358
  35.576
  48.399
  48.335
  44.794
  48.337
  33.710
  29.804
  42.418
  21.283
  45.484
  44.928
  45.146
  25.626
  29.391
  44.920
  24.726
  29.301
  21.460
  30.461
  43.064
  35.329
  28.518
  40.366
  40.762
  32.471
  11.779
  43.924
  40.623
  39.746
  35.257
  36.733
  33.785
  36.931
  32.919
  35.008
  38.401
  47.642
  31.629
  46.446
  45.772
  45.133
  42.558
  28.960
  30.728
  43.117
  34.769
  41.745
  43.853
  22.862
  33.802
  33.098
  24.791
  26.989
  46.157
  45.719
  45.646
  45.243
  40.089
  38.424
  37.883
  33.952
  32.037
  38.859
  31.327
  39.980
  42.736
  43.727
  25.865
  48.951
  48.417
  45.257
  28.261
  26.546
  46.207
  27.607
  40.178
  24.075
  40.959
  41.503
  40.265
  42.792
  40.243
  26.892
  41.682
  34.706
  45.297
  42.560
  48.311
  40.287
  48.325
  46.282
  41.371
  45.050
  48.516
  37.410
  44.899
  42.947
  30.858
  45.306
  28.024
  23.512
  40.856
  48.336
  45.499
  44.593
  48.169
  41.998
  39.777
  48.299
  34.580
   9.362
  40.492
  48.414
  14.649
  40.805
  41.375
  48.314
  23.137
  22.976
  40.168
  44.476
  45.484
  44.928
  45.146
  21.286
  43.254
  38.991
  42.833
   9.360
  32.901
  26.997
  32.880
  42.798
  25.199
  37.232
  35.191
  33.060
  30.929
  28.126
  46.155
  25.588
  34.648
  26.347
  37.986
  41.343
  35.375
  30.147
  45.798
  43.920
  21.435
  35.737
  33.289
  40.613
  41.744
  32.658
  38.212
  43.050
  43.610
  34.908
  21.063
  45.044
  35.522
  36.930
  46.136
  40.880
  24.252
  39.422
  45.777
  34.967
  27.066
  35.946
  47.642
  46.446
  45.772
  45.133
  36.372
  46.282
  45.719
  45.646
  45.243
  41.517
  23.229
  48.951
  48.516
  45.499
  46.207
  47.464
  43.793
  39.921
  45.694
  45.479
  33.230
  41.479
  33.198
  31.582
  41.932
  47.230
  48.331
  48.392
  45.639
  41.744
  39.986
  45.362
  38.198
  38.558
  40.837
  37.681
  41.645
  43.127
  45.316
  48.330
  37.941
  28.478
  31.711
  26.713
  45.497
  43.930
  42.734
  40.529
  45.665
  28.696
  31.593
  31.702
  40.347
  45.319
  41.289
  20.719
  34.745
  39.930
  18.113
  40.077
  48.354
  45.484
  45.146
   3.665
  38.744
  28.408
  33.772
  32.369
  29.602
  34.259
  28.846
  33.870
  31.121
  38.872
  34.376
  36.645
  35.131
  34.418
  20.176
  45.813
  35.893
  38.368
  36.392
  26.154
  40.070
  39.392
  43.120
  43.932
  39.839
  43.979
  41.552
  34.391
  32.685
  33.563
  32.031
  29.939
  24.695
  38.409
  32.143
  44.515
  31.351
  47.642
  47.464
  46.446
  45.777
  45.133
  33.053
  31.772
  38.162
  35.458
  39.401
  46.360
  40.589
  42.115
  44.397
  38.321
  34.744
  46.282
  45.719
  45.646
  45.243
  27.183
  48.951
  48.516
  45.499
  46.207
  40.705
  38.967
  25.390
  46.185
  38.079
  34.230
  35.546
  40.927
  44.992
  36.688
  38.792
  39.832
  42.075
  45.472
  45.012
  30.540
  23.398
  24.728
  32.430
  40.325
  40.949
  40.713
  32.711
  44.674
  45.274
  45.283
  33.118
  36.723
  48.306
  48.304
  32.695
  41.938
  41.578
  25.802
  45.260
  36.764
  43.149
  48.310
  39.952
  48.392
  46.278
  39.379
  30.619
  48.362
  41.506
  45.484
  45.146
  28.868
  40.912
  23.393
  27.997
  31.831
  38.738
  35.379
  45.805
  34.038
  23.519
  45.893
  24.712
  32.615
  28.158
  40.220
  36.213
  45.053
  40.091
  35.357
  37.146
  47.642
  47.464
  46.446
  45.777
  45.133
  12.727
  35.731
  31.484
  26.538
  43.941
  34.273
  28.832
  38.632
  24.927
  41.356
  31.929
  33.741
  36.755
  32.341
  32.183
  40.224
  40.627
  31.612
  37.981
  45.388
  46.352
  30.141
  40.257
  40.404
  46.282
  45.719
  45.646
  45.243
  18.067
  31.165
  37.725
  40.170
  45.448
  37.542
  48.951
  48.516
  45.499
  46.207
  44.394
  45.032
  42.370
  44.925
  36.181
  41.180
  41.919
  45.691
  27.825
  45.543
  36.943
  34.595
  40.730
  31.147
  31.056
  34.142
  22.555
  42.786
  39.950
  41.630
  40.493
  41.952
  42.816
  29.939
  46.299
  34.755
  44.732
  39.146
  44.546
  41.683
  39.768
  46.209
  39.882
  31.200
  48.395
  48.390
  48.394
  44.800
  36.932
  42.597
  41.143
  44.306
  20.594
  48.315
  41.599
  38.019
  -2.626
  36.607
  45.484
  45.146
  41.527
  36.679
  25.051
  -1.014
  33.170
  28.011
  33.504
  38.338
  35.803
  19.027
  26.297
  38.696
  34.508
  41.840
  28.333
  11.255
  39.689
  28.622
  30.159
  41.554
  22.933
  47.642
  44.067
  47.464
  46.446
  45.777
  45.388
  31.020
  27.566
  40.145
  45.190
  41.841
  36.994
  38.641
  33.660
  38.765
  42.653
  37.912
  19.634
  38.544
  38.507
  42.898
  30.030
  46.299
  45.719
  45.646
  45.243
  32.051
  41.195
  34.042
  29.790
  36.341
  44.254
  43.553
  43.882
  44.645
  23.891
  42.202
  37.948
  48.951
  48.516
  45.499
  46.207
  39.714
  35.889
  35.582
  38.962
  38.653
  39.345
  41.295
  16.283
  41.323
  31.852
  45.534
  43.406
  34.171
  41.281
  48.334
  44.914
  45.275
  40.503
  45.172
  39.756
  40.096
  24.290
  12.689
  45.902
  39.142
  45.423
  38.299
  34.078
  43.754
  39.420
  48.272
  39.415
   7.833
  48.320
  48.343
   6.942
  14.182
  48.333
  44.434
  13.086
   7.360
  37.956
  40.837
  41.905
  25.485
  22.783
  25.462
  45.484
  45.190
  32.429
  39.092
  26.110
  31.146
  35.714
  28.495
  29.997
  37.033
  38.306
  25.145
  31.681
  31.423
  31.326
  32.273
  31.786
  46.359
  33.568
  37.716
  47.642
  29.999
  47.464
  46.446
  45.777
  45.388
  35.037
  29.118
  30.518
  25.574
  32.984
  37.162
  42.605
  28.026
  36.883
  32.737
  43.966
  28.686
  34.889
  23.207
  31.849
  43.847
  34.504
  42.520
  42.228
  34.491
  26.891
  32.601
  42.799
  33.586
  40.116
  46.451
  33.192
  27.664
  47.440
  23.121
  46.299
  45.719
  45.646
  45.243
  43.780
  48.951
  48.516
  45.499
  46.207
  44.870
  35.104
  37.708
  38.334
  37.297
  41.881
  41.992
  45.712
  34.859
  47.401
  41.464
  45.037
  38.426
  43.901
  31.444
  31.655
  37.876
  36.466
  44.441
  37.877
  42.822
  41.611
  44.895
  41.844
  45.423
  41.733
  41.860
  36.834
  41.765
  45.256
  42.727
  38.822
  41.160
  40.680
  48.312
  39.950
  39.158
  43.430
  32.315
  31.642
  37.069
  48.409
  48.304
  34.986
  48.284
  48.383
  40.713
  37.456
  45.484
  45.190
  34.133
  32.849
  34.932
  34.270
  44.458
  33.456
  35.872
  29.561
  29.473
  30.366
  45.662
  39.030
  39.792
  37.589
  29.063
  39.096
  31.098
  36.338
  30.670
  34.819
  43.344
  33.143
  37.238
  29.299
  47.642
  47.464
  46.446
  45.777
   4.885
  39.669
  40.794
  45.388
  37.054
  45.743
  48.737
  36.053
  25.690
  38.227
  33.876
  45.135
  43.219
  43.100
  38.619
  30.115
  40.447
  41.346
  38.987
  40.425
  43.507
  32.767
  43.509
  38.907
  41.894
  40.578
  42.771
  46.299
  45.719
  45.646
  45.243
  48.951
  48.516
  45.499
  46.207
  39.409
  41.670
  46.093
  43.502
  40.299
  24.991
  16.488
  36.640
  31.703
  39.200
  46.061
  45.328
  39.972
  38.707
  36.926
  39.025
  41.612
  41.943
  37.947
  32.433
  44.463
  28.816
  39.690
  39.079
  44.586
  35.015
  45.315
  36.330
  42.512
   9.644
  28.867
  40.709
  22.894
  40.947
  41.824
  44.976
  48.244
  26.837
  41.075
  48.232
  37.390
  48.309
  39.934
  47.285
  31.242
  45.484
  45.190
  37.974
  27.201
  38.414
  44.451
  35.516
  39.463
  29.318
  25.786
  22.771
  33.052
  33.716
  46.156
  37.395
  35.753
  22.777
  34.680
  40.776
  35.140
  33.994
  24.784
  23.694
  45.775
  45.759
  45.779
  27.110
  45.793
  33.503
  44.332
  35.012
  34.388
  32.161
  41.736
  43.850
  38.309
  43.499
  37.427
  43.046
  42.901
  44.105
  45.412
  37.295
  39.032
  32.674
  32.077
  30.773
  31.862
  24.519
  47.642
  47.464
  46.446
  45.777
  45.388
  46.299
  45.719
  45.646
  45.243
  38.742
  48.951
  48.516
  45.499
  29.084
  45.638
  46.207
  48.374
  25.057
  41.206
  35.987
  45.081
  48.282
  45.555
  36.880
  44.277
  42.915
  37.252
  40.294
  22.899
  45.286
  45.761
  43.636
  36.526
   4.925
  22.024
  33.153
  34.787
  41.395
  48.273
  42.397
  39.310
  45.429
  39.049
  41.530
  40.496
  46.203
  21.317
  39.645
  41.519
  46.239
  21.714
  33.163
  35.307
  41.901
  39.844
  43.254
  44.896
  31.176
  43.245
  33.249
  20.637
  45.515
  29.767
  45.484
  42.738
  25.914
  34.342
  23.504
  30.611
  25.658
  18.535
  25.230
  23.709
  28.101
  38.710
  38.444
  32.559
  28.755
  32.885
  42.763
  45.767
  36.320
  38.116
  33.504
  35.578
  32.784
  45.767
  45.787
  45.832
  48.784
  45.752
  43.900
  45.803
  26.794
  20.738
  29.339
  43.963
  43.896
  45.003
  45.128
  43.825
  41.186
  36.770
  35.241
  22.466
  39.557
  47.642
  47.464
  46.446
  45.777
  39.573
  45.638
  36.022
  46.299
  45.719
  45.646
  45.429
  41.861
  39.173
  40.425
  31.707
  -0.732
  48.951
  48.516
  45.499
  46.207
  45.515
  31.982
  43.102
  45.849
  45.372
  45.418
  30.359
  45.579
  33.398
  38.915
  46.239
  41.824
  35.942
  44.660
  29.160
  34.129
  23.997
  22.953
  41.541
  38.317
  44.985
  38.291
  45.443
  40.250
  41.960
  43.047
  45.024
  38.707
  40.768
  48.302
  13.516
  48.397
  35.038
  37.195
  38.907
  48.272
  48.334
  48.382
  48.397
  40.164
  32.088
  41.810
  47.722
  47.627
  45.484
  40.874
  30.226
  38.397
  34.323
  33.435
  25.619
  29.054
  24.455
  31.771
  24.521
  44.139
  35.309
  33.622
  36.495
  32.691
  29.667
  25.564
  38.605
  43.547
  32.170
  34.918
  32.903
  30.176
  45.768
  48.758
  45.825
  45.796
  48.775
  48.770
  45.801
  48.781
  45.812
  37.285
  48.759
  38.491
  26.968
  31.789
  26.706
  23.181
  42.832
  45.037
  45.013
  45.139
  34.395
  31.319
  47.642
  47.464
  46.446
  45.849
  45.638
  46.299
  19.695
  43.842
  45.719
  45.646
  36.161
  37.018
  48.951
  48.516
  45.499
  47.722
  40.450
  46.207
  45.515
  28.262
  42.206
  32.701
  41.002
   4.055
  36.104
  42.897
  38.321
  43.969
  44.055
  38.356
  45.137
  46.373
  33.467
  45.637
  45.752
  37.537
  31.022
   2.962
  41.926
  48.355
  40.628
  48.243
  44.429
  34.842
  45.385
  39.675
  44.474
  35.517
  42.078
  31.220
  41.864
  41.449
  42.955
  42.374
  40.021
  12.132
  44.661
  44.553
  41.760
  41.743
  21.656
  40.095
   9.303
  48.318
  32.966
  31.390
  45.484
  27.679
  39.237
  27.038
  36.794
  45.712
  33.902
  31.024
  27.004
  31.906
  34.673
  34.697
  30.621
  32.973
  32.564
  34.458
  43.932
  45.704
  45.731
  45.759
  45.847
  28.551
  45.803
  34.987
  33.321
  28.699
  47.642
  47.464
  46.446
  45.849
  45.638
  45.803
  35.683
  35.300
  39.656
  33.410
  34.236
  33.826
  45.044
  36.140
  43.891
  32.839
  43.957
  34.630
  42.946
  40.133
  31.467
  39.841
  32.884
  41.068
  34.083
  41.193
  30.735
  46.299
  45.719
  45.646
  48.951
  48.516
  45.499
  33.216
  44.999
  42.814
  47.722
  46.207
  45.515
  32.786
  35.720
  34.783
  45.682
  46.008
  29.444
  47.512
  35.123
  47.738
  42.679
  45.992
  45.005
  45.083
  34.640
  31.224
  40.293
  47.738
  43.917
  46.552
  29.950
  42.968
  42.258
  44.874
  33.870
  39.787
  39.671
  41.858
  46.355
  27.358
  33.181
  25.229
  41.693
  39.409
  40.148
   2.946
  48.277
  45.619
  32.200
  22.841
  32.456
  38.166
  41.602
  48.322
  45.219
  48.380
  10.484
  38.033
  47.648
  33.158
  32.190
  13.389
  24.548
  35.479
  27.251
  39.107
  44.025
  36.563
  30.819
  36.489
  45.811
  35.805
  35.685
  39.843
  28.003
  45.750
  29.854
  28.295
  45.829
  48.764
  48.761
  48.754
  45.789
  23.375
  35.620
  36.517
  30.276
  33.746
  41.855
  47.738
  47.512
  46.446
  45.849
  45.638
  36.236
  40.135
  39.892
  42.936
  29.787
  41.470
  30.988
  33.249
  23.947
  31.047
  15.133
  32.800
  32.433
  36.114
  40.761
  40.395
  43.555
  38.331
  41.356
  46.355
  45.719
  45.646
  48.951
  48.516
  30.098
  45.619
  45.499
  47.722
  46.207
  45.515
  27.698
   3.890
  42.659
  32.078
  45.627
  38.604
  46.162
  40.466
  21.945
  43.082
  39.730
  32.967
   6.282
  30.998
  37.360
  45.128
  40.261
  40.413
  33.133
  34.396
  21.397
  41.101
  38.983
  39.156
  35.549
  41.176
  45.302
  37.635
  42.494
  39.754
  29.715
  44.596
  33.278
  34.925
  18.567
  23.044
  22.826
  48.347
  48.366
  39.654
  40.596
  36.379
  48.311
  43.639
  40.033
  34.865
  38.630
  34.258
  32.415
  38.408
  41.109
  34.430
  45.752
  45.781
  45.813
  45.759
  33.869
  47.738
  47.512
  46.446
  45.849
  31.086
  48.760
  29.104
  28.436
  29.216
  28.500
  39.831
  41.683
  32.289
  38.361
  38.082
  45.282
  42.888
  45.638
  35.939
  35.270
  32.388
  32.927
  32.872
  29.129
  33.839
  36.673
  39.020
  40.309
  41.957
  -0.569
  38.247
  33.169
  39.579
  42.866
  31.046
  31.067
  30.699
  41.878
  24.981
  41.888
  46.355
  45.719
  45.646
  48.951
  48.516
  45.619
  45.499
  28.331
  47.722
  46.207
  45.515
  29.733
  24.518
  33.318
  38.507
  22.959
  44.909
  34.146
  46.341
  30.612
  44.691
  40.850
  44.270
  36.901
  36.766
  40.649
  39.870
  38.770
  41.832
  43.159
  40.423
  39.859
  46.227
  35.485
  40.951
  40.715
  45.578
  34.044
  40.557
  38.162
  41.243
  38.585
  23.029
  21.887
  44.868
  48.391
  36.534
  36.303
  23.221
  40.132
  35.852
  32.598
  48.298
  48.329
  44.820
  25.464
