1.474
1.500
1.413
1.564
1.418
1.149
1.517
1.533
1.506
1.392
1.512
1.526
1.486
1.494
1.558
1.478
1.565
1.524
1.561
1.458
1.532
1.507
1.452
1.453
1.506
1.559
1.528
1.557
1.503
1.518
1.561
1.507
1.388
1.526
1.237
1.394
1.577
1.491
1.534
1.568
1.496
1.468
1.553
1.473
0.393
1.387
1.538
1.570
0.503
1.428
1.485
1.277
1.384
1.502
0.792
1.540
1.420
1.504
1.567
1.509
1.512
1.446
1.531
0.334
1.490
1.464
1.501
1.488
1.377
1.148
1.552
1.551
1.580
1.525
1.456
1.487
1.519
1.470
1.426
1.433
0.341
1.502
1.569
1.472
1.501
1.485
1.537
1.408
1.434
1.455
1.559
1.472
1.203
1.564
1.566
1.566
1.562
1.561
1.517
1.538
0.301
1.432
1.471
1.462
1.490
1.475
1.054
1.588
1.442
1.529
1.623
1.567
1.553
1.519
1.566
1.584
1.564
1.486
1.560
1.549
1.558
1.535
1.599
1.426
0.974
1.501
1.518
1.556
1.582
1.211
1.429
1.528
1.445
1.431
1.616
1.576
1.561
1.574
1.525
1.476
1.465
1.398
1.575
1.408
1.489
1.546
1.403
1.518
1.343
1.573
1.583
1.402
1.572
1.586
1.573
1.291
1.269
1.556
1.574
1.565
1.589
1.565
1.586
1.582
1.563
1.446
1.471
1.568
1.241
1.561
1.473
1.573
1.583
1.591
1.590
1.569
1.538
1.288
1.313
1.564
1.616
1.065
1.206
1.595
1.563
1.581
1.566
1.572
1.569
1.252
1.269
1.565
1.601
1.598
1.237
1.468
1.517
1.518
1.616
1.549
1.482
1.565
1.525
1.565
1.518
1.566
1.478
1.572
1.579
1.512
1.510
1.322
1.589
1.528
1.571
1.612
1.284
1.569
1.517
1.513
1.591
1.504
1.566
1.527
1.580
0.995
1.484
1.553
1.556
1.569
1.562
1.494
1.485
1.418
1.616
1.601
1.590
1.591
1.480
1.554
1.582
1.469
1.558
1.508
1.562
1.563
1.569
1.490
1.597
0.367
1.507
1.581
1.598
1.565
1.624
1.575
1.480
1.581
1.572
1.557
1.456
1.581
1.570
1.553
1.583
1.571
1.581
1.482
1.609
1.593
1.578
1.554
1.583
1.572
1.441
1.578
1.560
1.581
1.595
1.300
1.476
1.604
1.576
1.560
1.579
1.565
1.581
1.601
1.568
1.554
1.573
1.593
0.517
1.729
1.579
1.577
1.574
1.558
1.568
1.519
1.589
1.567
1.593
1.468
1.597
1.616
1.525
1.494
1.591
1.567
1.310
1.508
1.552
1.590
1.561
1.523
1.658
1.562
1.573
1.582
1.579
1.568
1.441
1.562
1.476
1.588
1.519
1.585
1.469
1.583
1.576
1.570
1.465
1.509
1.564
1.527
1.556
1.556
1.510
1.526
1.599
1.568
1.508
1.592
1.527
1.482
1.558
1.581
1.527
1.616
1.601
1.445
1.612
1.496
1.576
1.585
1.537
1.530
1.569
1.608
1.558
1.300
1.554
1.519
1.581
1.598
1.565
1.583
1.579
1.575
1.591
1.591
1.575
1.570
1.589
1.565
1.541
1.578
1.553
1.573
1.490
1.624
1.567
1.597
1.586
1.587
1.591
1.592
1.584
0.277
1.560
1.081
1.561
1.545
1.577
1.567
1.593
1.569
1.581
1.571
1.559
0.503
1.592
1.590
0.766
1.592
1.582
1.149
1.560
1.557
1.522
1.606
0.580
1.296
1.468
1.597
1.552
1.616
1.567
1.525
1.576
1.518
1.585
1.605
1.587
1.510
1.592
1.604
1.576
1.571
1.489
1.577
1.544
1.580
1.614
1.567
1.471
1.531
1.561
1.551
1.584
1.555
1.441
1.553
1.576
1.473
1.577
1.560
1.519
1.273
1.562
1.611
1.518
1.560
1.586
1.581
1.616
1.529
1.519
1.465
1.490
1.579
1.576
1.477
1.408
1.579
1.569
1.585
1.573
1.566
1.487
1.581
1.564
1.494
1.598
1.565
1.504
1.565
1.552
1.579
1.556
1.574
1.582
0.537
1.575
1.447
1.574
1.573
1.468
1.599
1.561
1.570
1.595
1.585
1.565
1.561
1.565
1.591
1.587
1.443
1.568
1.607
1.578
1.587
1.580
1.296
1.586
1.612
1.594
1.576
1.563
1.585
1.562
1.614
1.576
1.576
1.585
1.586
1.599
1.597
1.568
1.582
1.468
1.552
1.616
1.561
1.611
1.553
1.555
1.510
1.592
1.562
1.569
1.584
1.560
1.579
1.441
1.598
1.579
1.577
1.562
1.579
1.513
1.491
1.594
1.557
1.531
1.578
1.578
1.571
1.447
1.586
1.461
1.476
1.588
1.584
1.595
1.582
1.581
1.616
1.479
1.555
1.582
1.584
1.603
1.566
1.499
1.483
1.580
1.268
1.591
1.569
1.439
1.552
1.524
1.297
1.569
1.578
1.474
1.612
1.586
1.576
1.598
1.565
1.582
1.565
1.569
1.581
1.595
1.596
1.563
1.593
1.595
1.565
1.553
1.564
1.439
1.559
1.498
1.567
1.595
1.584
1.570
1.599
1.608
1.582
1.602
1.578
1.245
1.573
1.596
1.591
1.577
1.598
1.585
1.608
1.564
1.566
1.579
1.563
1.572
1.582
1.560
1.563
1.575
1.563
1.571
1.588
1.571
1.577
1.602
1.468
1.552
1.616
1.561
1.611
1.441
1.594
1.556
1.580
1.476
1.581
1.455
1.569
1.593
1.568
1.594
1.560
1.592
1.595
1.597
1.582
1.581
1.576
1.590
1.609
1.564
1.561
1.561
1.595
1.563
1.565
1.572
1.573
1.569
1.510
1.474
1.544
1.592
1.594
1.590
1.577
1.527
1.472
1.571
1.555
1.594
1.580
1.612
1.568
1.575
1.572
1.586
1.598
1.565
1.571
1.577
0.933
1.299
1.522
1.547
1.578
1.612
1.588
1.575
1.391
1.574
1.568
1.314
1.321
1.609
1.311
1.586
1.325
1.292
1.574
1.574
1.304
1.565
1.577
1.575
1.572
1.601
1.575
1.562
1.578
1.592
1.582
1.576
1.580
1.601
1.609
1.575
1.570
1.595
1.550
1.574
1.593
1.559
1.595
1.322
1.589
1.574
1.568
1.577
1.552
1.616
1.561
1.611
1.544
1.579
1.585
1.622
1.552
1.584
1.589
1.588
1.425
1.570
1.583
1.449
1.574
1.552
1.583
1.565
1.595
1.582
1.584
1.592
1.195
1.611
1.607
1.569
1.585
1.569
1.321
1.518
1.556
1.203
1.517
1.538
1.511
1.481
1.579
1.556
1.622
1.558
1.588
1.532
1.594
1.560
1.583
1.560
1.577
1.576
1.612
1.578
1.575
1.572
1.580
1.598
1.586
1.528
1.576
1.586
1.566
1.572
1.589
1.575
1.571
1.581
1.558
1.592
1.592
1.597
1.570
1.308
1.564
0.454
1.594
1.584
1.551
1.576
1.553
1.567
1.592
0.681
1.584
1.576
1.596
1.570
1.568
1.565
1.578
1.716
1.594
1.574
1.595
1.571
1.575
1.607
1.611
1.560
1.582
1.586
1.528
1.569
1.572
0.371
1.613
1.570
1.555
1.554
1.577
1.561
1.611
1.575
1.586
1.555
1.606
1.592
1.594
1.570
1.580
1.575
1.595
1.582
1.575
1.589
1.592
1.563
1.551
1.613
1.595
1.587
1.055
1.576
1.576
1.571
1.579
1.586
1.533
1.551
1.570
1.569
1.597
1.577
1.560
1.580
1.558
1.588
1.603
1.410
1.585
1.595
1.614
1.555
1.561
1.582
1.573
1.568
1.580
1.576
1.576
1.595
1.578
1.575
1.580
1.598
1.500
1.610
1.432
1.555
1.591
1.579
1.469
1.583
1.589
1.299
1.718
1.582
1.570
1.576
1.577
1.588
1.583
1.605
1.579
1.548
1.567
1.584
1.566
1.585
1.610
1.589
1.613
1.593
1.618
1.294
1.566
1.586
1.564
1.558
1.579
1.577
1.577
1.589
1.608
1.584
1.557
1.561
0.647
1.569
1.562
1.720
1.543
1.598
1.594
1.554
1.561
1.611
1.572
1.578
1.588
1.582
1.587
1.578
1.576
1.595
1.582
1.419
1.561
1.575
1.586
1.613
1.550
1.592
1.594
1.559
1.491
1.593
1.592
1.597
1.595
1.580
1.576
1.479
1.572
1.597
1.461
1.451
1.587
1.551
1.530
1.569
1.453
1.442
1.565
1.572
1.586
1.600
1.601
1.565
1.435
1.464
1.576
1.572
1.576
1.595
1.543
1.578
1.598
1.575
1.558
1.568
1.580
1.597
1.613
1.555
1.320
1.554
1.240
1.316
1.570
1.587
1.316
1.557
1.303
1.302
1.563
1.571
1.582
1.570
1.696
1.570
1.730
1.574
1.613
1.584
1.568
1.550
1.576
1.586
1.579
1.590
1.559
1.597
1.622
1.587
1.584
1.309
1.614
1.585
1.615
1.561
1.595
1.585
1.572
1.562
1.547
1.549
1.526
1.588
1.358
1.556
1.578
1.562
1.566
1.561
1.611
1.595
1.582
1.567
1.585
1.569
1.593
1.592
1.577
1.550
1.582
1.471
1.596
1.594
1.595
1.584
1.555
1.597
1.559
1.593
1.562
1.563
1.551
1.575
1.575
1.583
1.581
1.526
1.551
1.570
1.589
1.567
1.547
1.497
1.575
1.465
1.234
1.405
1.567
1.592
1.580
1.568
1.093
1.586
1.576
1.576
1.576
1.595
1.201
1.543
1.588
1.526
1.575
1.558
1.580
1.597
1.579
1.569
1.594
1.594
1.574
1.555
1.552
1.592
1.592
1.561
1.309
1.569
1.583
1.576
1.574
1.497
1.650
1.583
1.611
1.587
1.587
1.584
1.576
1.588
1.561
1.570
1.609
1.612
1.572
1.570
1.591
1.574
1.580
1.721
1.567
1.569
1.550
1.595
1.605
1.569
1.580
1.597
1.610
1.601
1.569
1.581
1.575
1.563
1.571
1.556
1.610
1.561
1.573
1.551
1.561
1.595
1.582
1.570
1.566
1.579
1.562
1.535
1.561
1.596
1.576
1.298
1.539
1.600
1.507
1.581
1.465
1.551
1.573
1.581
1.575
1.279
1.532
1.355
1.564
1.566
1.552
1.563
1.570
1.574
1.575
1.592
1.564
1.561
1.306
1.312
1.592
1.565
1.299
1.568
1.568
1.561
1.447
1.560
1.562
1.586
1.267
1.576
1.576
1.595
1.543
1.588
1.610
1.609
1.526
1.575
1.558
1.413
1.629
1.298
1.581
1.597
1.587
1.556
1.565
1.572
1.583
1.565
1.612
1.587
1.583
1.572
1.605
1.559
1.515
1.592
1.588
1.598
1.605
1.579
1.622
1.585
1.585
1.606
1.593
1.578
1.589
1.562
1.572
1.583
1.600
1.594
1.614
1.610
1.582
1.325
1.569
1.572
1.549
1.559
1.603
1.601
1.601
1.569
1.570
1.572
1.563
1.561
1.595
1.582
1.595
1.271
1.279
1.578
1.564
1.599
1.583
1.591
1.593
1.590
1.590
1.558
1.592
1.599
1.629
1.560
1.586
1.593
1.590
1.300
1.586
1.307
1.300
1.568
1.559
1.721
1.565
1.563
1.548
1.521
1.531
1.590
1.579
1.593
1.594
1.593
1.263
1.592
1.592
1.595
1.304
1.557
1.580
1.600
1.576
1.576
1.543
1.588
1.588
1.579
1.571
1.610
1.609
1.526
1.575
1.568
1.583
1.583
1.566
1.591
1.568
1.571
1.587
1.564
1.568
1.585
1.708
1.593
1.576
1.609
1.584
1.602
1.568
1.605
1.606
1.584
1.569
1.618
1.616
1.615
1.616
1.577
0.295
1.342
1.571
1.596
1.597
1.589
1.606
1.609
1.581
1.576
1.607
1.607
1.669
1.606
1.597
1.560
1.583
1.558
1.595
1.619
1.554
1.586
1.599
1.567
1.564
1.575
1.561
1.595
1.582
1.575
1.582
1.589
1.597
1.594
1.593
1.588
1.559
1.496
1.585
1.590
1.579
1.329
1.598
1.579
1.611
1.629
1.297
1.588
1.562
1.582
1.298
1.562
1.454
1.561
1.566
1.590
1.597
1.550
1.538
1.579
1.593
1.567
1.286
1.565
1.595
1.501
1.146
1.474
1.567
1.563
1.472
1.198
1.600
1.592
1.558
1.575
1.457
1.576
1.576
1.543
1.582
1.588
1.588
1.579
1.610
1.609
1.526
1.575
1.568
1.537
1.581
1.612
1.571
1.573
1.595
1.590
1.568
1.574
1.622
1.603
1.560
1.569
1.338
1.596
1.617
1.583
1.597
1.572
1.320
1.615
1.701
1.574
1.586
1.590
1.602
1.610
1.606
1.608
1.573
1.580
1.584
1.615
1.604
1.604
1.624
1.194
1.617
1.568
1.597
1.569
1.580
1.603
1.615
1.557
1.567
1.593
1.568
1.561
1.582
1.463
1.476
1.591
1.583
1.587
1.579
1.591
1.288
1.589
1.594
1.318
1.308
1.305
1.313
1.582
1.254
1.311
1.567
1.614
1.629
1.306
1.564
1.465
1.557
1.593
1.582
1.582
1.303
1.374
1.487
1.593
1.587
1.593
1.593
1.584
1.492
1.592
1.567
0.495
1.207
1.572
1.568
1.598
1.592
1.600
1.603
1.576
1.570
1.014
1.576
1.543
1.588
1.588
1.564
1.579
1.610
1.609
1.526
1.567
1.566
1.303
1.612
1.567
1.579
1.577
1.608
1.587
1.557
1.587
1.624
1.613
1.589
1.537
1.569
1.583
1.598
1.303
1.598
1.574
1.599
1.580
1.727
1.575
1.590
1.573
1.605
1.577
1.600
1.581
1.565
1.576
1.576
1.571
1.571
1.582
1.584
1.612
1.609
1.591
1.605
1.611
1.559
1.576
1.569
1.549
1.557
1.557
1.577
1.561
1.629
1.578
1.574
1.569
1.593
1.600
1.538
1.593
1.594
1.593
1.593
1.587
1.310
1.729
1.569
1.592
1.567
1.571
1.303
1.304
1.306
1.667
1.566
1.594
1.580
1.548
1.213
1.574
1.565
1.510
1.513
1.467
1.588
1.594
1.586
1.573
1.572
1.606
1.221
1.554
1.566
1.600
1.603
1.605
1.571
1.576
1.575
1.593
1.576
1.310
1.593
1.535
1.590
1.543
1.588
1.579
1.610
1.609
1.526
1.565
1.492
1.592
1.590
1.576
1.593
1.628
1.559
1.581
1.599
1.599
1.579
1.594
1.566
1.587
1.605
1.564
1.407
1.511
1.606
1.610
1.588
1.596
1.603
1.616
1.575
1.576
1.598
1.616
1.593
1.563
1.607
1.591
1.588
1.577
1.609
1.574
1.627
1.677
1.177
1.626
1.555
1.570
1.557
1.559
1.601
1.555
1.597
1.572
1.597
1.560
1.568
1.556
1.568
1.561
1.629
1.449
1.567
1.595
1.576
1.590
1.576
1.584
1.309
1.299
1.284
1.590
1.570
1.309
1.295
1.577
1.573
1.568
1.594
1.589
1.569
1.578
1.580
1.569
1.555
1.567
1.583
1.562
1.588
1.582
1.661
1.579
1.589
1.576
1.446
1.578
1.504
1.599
1.448
1.690
1.583
1.600
1.627
1.603
1.576
1.616
1.590
1.543
1.588
1.579
1.526
1.579
1.582
1.677
1.565
1.578
1.557
1.532
0.300
1.560
1.477
1.039
1.587
1.558
1.595
1.584
1.595
0.204
1.583
1.614
1.615
1.591
1.590
1.616
1.589
1.598
1.614
1.604
1.622
1.588
1.608
1.602
1.611
1.590
1.609
1.589
1.608
1.582
1.600
0.928
1.565
1.611
1.547
1.593
1.559
1.611
1.607
1.575
1.576
1.581
1.554
1.586
1.553
1.567
1.567
1.610
1.570
1.588
1.561
1.594
1.593
1.593
1.586
1.592
1.560
0.973
1.577
1.590
1.457
1.579
1.584
1.617
1.629
1.569
1.584
1.568
1.530
1.594
1.498
1.446
1.593
1.566
1.596
1.551
1.584
1.557
1.559
1.583
1.647
1.562
1.585
1.294
1.526
1.550
1.592
1.304
1.603
1.586
1.561
1.291
1.284
1.553
1.600
1.627
1.588
1.468
1.603
1.576
1.590
1.543
1.595
1.588
1.579
1.526
1.677
1.470
1.546
1.472
1.504
1.560
1.178
1.731
1.583
1.565
1.603
1.614
1.580
1.599
1.562
1.589
1.309
1.616
1.589
1.568
1.599
1.574
1.610
1.596
1.596
1.590
1.598
1.591
1.606
1.499
1.611
1.611
1.593
1.601
1.580
1.593
1.599
1.567
1.584
1.587
1.589
1.593
1.574
1.561
1.576
1.561
1.629
1.569
1.588
1.591
1.593
1.560
1.716
1.306
1.316
1.309
1.406
1.593
1.589
1.713
1.566
1.561
1.578
1.586
1.582
1.578
1.594
1.595
1.570
1.586
1.309
1.573
1.585
1.577
1.595
1.585
1.595
1.573
1.586
1.542
1.573
1.524
1.595
1.591
1.585
1.567
1.569
1.590
1.600
1.627
1.599
1.588
1.603
1.576
1.590
1.543
1.595
1.588
1.579
1.526
1.677
1.515
1.438
1.306
1.564
1.485
1.498
1.561
1.604
1.552
1.612
1.583
1.581
1.614
1.588
1.507
1.583
1.586
1.592
1.602
1.590
1.578
1.610
1.597
1.606
1.582
1.580
1.610
1.626
1.562
1.569
1.587
1.604
1.608
1.615
1.607
1.602
1.593
1.585
1.596
1.586
1.593
1.579
1.618
1.558
1.575
1.615
1.570
1.558
1.561
1.546
1.596
1.548
1.571
1.552
1.587
1.561
1.629
1.580
1.571
1.567
1.593
1.573
1.289
1.590
1.592
1.595
1.594
1.305
1.313
1.295
1.558
1.714
1.574
1.368
1.313
1.577
1.577
1.570
1.693
1.573
1.593
1.346
1.199
1.560
0.629
0.980
1.455
1.597
1.595
1.592
1.315
1.469
1.547
1.588
1.600
1.591
1.627
1.588
1.574
1.603
1.576
1.615
1.590
1.543
1.595
1.588
1.579
1.526
1.677
1.553
1.453
1.724
1.578
1.573
1.560
1.427
1.627
1.578
1.597
1.596
1.613
1.602
1.610
1.613
1.599
1.577
1.583
1.540
1.572
1.592
1.597
1.603
1.582
1.586
1.604
1.596
1.584
1.596
1.610
1.611
1.608
1.476
1.554
1.591
1.596
1.546
1.569
1.567
1.565
1.577
1.583
1.571
1.592
1.586
1.567
1.570
1.560
1.561
1.629
1.594
1.577
1.570
1.579
1.574
1.448
1.561
1.587
1.594
1.594
1.591
1.588
1.594
1.590
1.572
1.308
1.299
1.585
1.313
1.588
1.571
1.542
1.580
1.597
1.591
1.651
1.580
1.454
1.549
1.589
1.560
1.572
1.593
1.302
1.453
1.600
1.317
1.584
1.583
1.600
1.627
1.588
1.580
1.603
1.576
1.615
1.611
1.590
1.543
1.595
1.588
1.579
1.476
1.118
1.565
1.567
1.512
1.551
1.606
1.587
1.557
1.573
1.557
1.581
1.615
1.611
1.600
1.590
1.599
1.616
1.613
1.595
1.577
1.605
1.593
1.605
1.610
1.594
1.616
1.618
1.611
1.578
1.588
1.596
1.597
1.582
1.588
1.617
1.592
1.601
1.578
1.546
1.586
1.595
1.559
1.488
1.577
1.612
1.577
1.614
1.562
1.613
1.561
1.629
1.591
1.595
1.594
1.594
1.577
1.599
1.593
1.580
1.321
1.587
1.304
1.310
1.308
1.700
1.308
1.717
1.568
1.595
1.498
1.473
1.481
1.562
1.576
1.595
1.589
1.593
1.596
1.589
1.586
1.302
1.311
1.300
1.586
1.571
1.294
1.591
1.584
1.597
1.458
1.557
1.398
1.600
1.487
1.627
1.452
1.304
1.307
1.588
1.603
1.576
1.615
1.590
1.543
1.595
1.588
1.579
1.552
1.578
1.259
1.583
1.585
1.605
1.592
1.606
1.488
1.614
1.588
1.565
1.583
1.617
1.578
1.566
1.587
1.567
1.589
1.603
1.533
1.566
1.610
1.597
1.613
1.620
1.604
1.606
1.615
1.605
1.617
1.579
1.544
1.620
1.617
1.611
1.577
1.574
1.614
1.581
1.597
1.616
1.629
1.483
1.558
1.501
1.484
1.542
1.558
1.562
1.563
1.587
1.577
1.474
1.558
1.578
1.561
1.581
1.450
1.598
1.595
1.591
1.591
1.578
1.591
1.591
1.593
1.590
1.595
1.589
1.564
1.306
1.593
1.584
1.319
1.298
1.588
1.316
1.569
1.576
1.299
1.739
1.580
1.568
1.580
1.306
1.581
1.447
1.590
1.571
1.467
1.571
1.709
1.309
1.570
1.293
1.592
1.600
1.627
1.588
1.603
1.576
1.615
1.590
1.543
1.595
1.588
1.579
1.567
1.452
1.457
1.552
1.195
1.568
1.478
1.518
1.542
1.501
1.558
1.462
1.258
1.593
1.557
1.602
1.614
1.570
1.607
1.580
1.591
1.602
1.604
1.574
1.587
1.607
1.594
1.602
1.581
1.585
1.596
1.671
1.594
1.561
1.593
1.602
1.587
1.604
1.615
1.323
1.586
1.609
1.615
1.582
1.597
1.602
1.592
1.549
1.466
1.562
1.484
1.592
1.538
1.516
1.494
1.571
1.674
1.500
1.509
1.447
1.588
1.591
1.590
1.594
1.595
1.590
1.595
1.592
1.590
1.599
1.590
1.590
1.652
1.310
1.573
1.295
1.307
1.326
1.580
1.580
1.581
1.562
1.453
1.473
1.584
1.705
1.293
1.582
1.571
1.586
1.560
1.577
1.595
1.607
1.615
1.602
1.579
1.383
1.600
1.627
1.588
1.603
1.576
1.615
1.590
1.543
1.595
1.476
1.547
1.578
1.579
1.570
0.396
1.501
1.674
1.521
1.542
1.516
1.501
1.466
1.562
1.544
1.484
1.549
1.600
1.616
1.586
1.621
1.565
1.608
1.605
1.590
1.616
1.614
1.595
1.609
1.591
1.595
1.607
1.607
1.588
1.620
1.610
1.616
1.609
1.590
1.602
1.609
1.607
1.587
1.605
1.594
1.615
1.568
1.483
1.555
1.578
1.587
1.575
1.544
1.509
1.567
1.484
1.552
1.574
1.475
1.560
1.570
1.607
1.585
1.593
1.587
1.552
1.595
1.595
1.593
1.594
1.560
1.560
1.565
1.306
1.309
1.570
1.567
1.337
1.370
1.580
1.483
1.580
1.594
1.593
1.561
1.731
1.585
1.316
1.571
1.574
1.571
1.294
1.586
1.604
1.611
1.587
1.597
1.609
1.581
1.540
1.546
1.587
1.302
1.600
1.627
1.588
1.603
1.588
1.615
1.590
1.543
1.595
1.584
1.259
1.593
1.656
1.595
1.586
1.610
1.613
1.610
1.583
1.562
1.587
1.618
1.604
1.595
1.605
1.594
1.593
1.613
1.587
1.471
1.580
1.571
1.603
1.580
1.607
1.585
1.674
1.542
1.516
1.605
1.501
1.466
1.608
1.475
1.611
1.586
1.569
1.607
1.617
1.536
1.582
1.556
1.526
1.461
1.579
1.556
1.568
1.491
1.622
1.495
1.472
1.493
1.465
1.558
1.519
1.494
1.543
1.491
1.581
1.569
1.418
1.516
