1.255 -13.100 -21.433 -21.655 -21.539
-13.035 -20.704 -21.635 -21.638 -21.637
-13.301 -19.041 -19.729 -19.730 -19.730
-14.754 -22.348 -23.744 -23.218 -23.218
-14.013 -19.881 -20.846 -19.804 -19.310
-6.394 -13.503 -16.967 -16.971 -16.971
-11.299 -17.148 -22.436 -22.070 -22.071
13.794 -7.147 -22.945 -22.490 -21.999
-13.560 -18.958 -19.306 -19.312 -18.775
-10.615 -16.820 -17.492 -17.495 -17.497
-9.079 -17.434 -22.064 -21.746 -20.448
-10.933 -17.943 -21.981 -21.894 -21.894
-14.986 -20.266 -21.656 -21.665 -21.664
1.442 -7.592 -20.203 -20.039 -19.279
-7.358 -16.647 -23.632 -22.960 -22.959
-9.717 -18.947 -20.633 -20.073 -20.073
-2.974 -11.226 -23.551 -23.014 -23.015
0.514 -7.736 -21.689 -22.143 -21.675
-9.517 -17.043 -23.059 -22.741 -22.452
-5.288 -14.916 -21.091 -20.714 -20.713
-2.434 -10.468 -20.238 -20.701 -20.205
-9.991 -16.457 -21.110 -21.625 -21.623
14.962 -7.537 -20.808 -20.813 -20.784
1.024 -7.530 -20.274 -20.328 -20.328
1.198 -4.356 -18.609 -18.950 -18.788
1.040 -5.410 -20.407 -20.979 -20.980
-7.199 -16.816 -20.419 -20.452 -20.451
-6.980 -15.877 -21.434 -22.692 -22.693
-7.946 -13.793 -19.608 -19.740 -19.739
4.165 -5.999 -19.444 -19.925 -19.926
63.262 56.731 -19.635 -22.854 -22.849
-12.743 -18.580 -19.449 -19.842 -19.842
-9.860 -15.626 -16.598 -16.601 -16.600
-13.468 -18.832 -20.030 -19.593 -19.590
-8.326 -14.420 -15.957 -15.964 -15.966
24.923 7.224 -17.755 -18.262 -18.161
-6.700 -13.173 -22.208 -23.040 -23.040
-6.671 -11.973 -20.207 -19.531 -19.530
-13.102 -20.560 -23.051 -22.248 -22.247
-13.234 -19.908 -23.844 -23.154 -23.152
-12.966 -18.590 -20.010 -20.013 -20.012
-13.067 -19.033 -19.704 -19.069 -19.070
-14.109 -20.843 -22.145 -22.376 -22.376
0.136 -7.420 -22.033 -21.068 -21.065
42.899 34.519 -9.438 -9.165 -9.161
-9.857 -15.266 -16.590 -16.594 -16.592
-12.137 -21.149 -22.410 -21.827 -21.827
-7.400 -19.798 -23.337 -23.421 -23.419
42.900 33.878 -8.813 -9.620 -9.631
-11.826 -18.884 -17.368 -17.435 -17.435
-13.701 -18.284 -18.850 -18.857 -18.857
-7.883 -13.956 -17.329 -17.185 -17.437
-9.852 -15.701 -16.575 -16.591 -16.591
-8.033 -14.910 -19.524 -19.639 -19.636
11.333 5.260 -12.222 -12.391 -12.390
32.254 1.927 -17.518 -18.150 -18.149
-8.201 -15.706 -17.245 -16.893 -16.892
-11.117 -16.051 -18.926 -17.539 -17.540
-9.718 -14.966 -19.079 -19.139 -19.140
-2.378 -12.235 -20.292 -20.314 -20.313
-10.995 -18.396 -20.521 -20.034 -20.036
3.875 -4.064 -17.243 -17.322 -17.320
19.799 13.898 -14.130 -18.073 -18.072
29.580 20.407 -6.754 -6.865 -6.871
-10.829 -16.284 -17.416 -17.537 -16.758
-6.873 -15.745 -18.767 -19.233 -19.235
-12.054 -17.356 -19.816 -19.822 -19.821
15.227 8.809 -17.388 -17.863 -17.861
-10.065 -15.132 -16.101 -16.159 -15.757
-8.222 -14.247 -16.424 -16.483 -16.484
-11.983 -17.937 -18.857 -18.463 -18.464
-9.962 -16.463 -18.693 -18.712 -18.712
9.496 -2.792 -20.720 -19.579 -19.244
-11.439 -16.798 -18.888 -18.546 -18.546
-9.616 -13.825 -17.290 -17.503 -17.503
-11.505 -17.758 -19.737 -19.787 -19.787
-10.191 -16.821 -18.968 -18.429 -18.429
10.912 -2.023 -17.556 -17.599 -17.598
-10.019 -16.616 -18.751 -17.969 -17.536
-1.396 -6.710 -18.528 -18.734 -18.735
29.640 18.880 -6.790 -6.906 -6.911
-7.448 -14.782 -18.457 -18.124 -18.122
-10.026 -15.781 -19.747 -19.156 -19.156
-8.564 -16.625 -18.094 -17.712 -17.712
-5.898 -13.857 -19.931 -19.257 -19.257
-9.842 -17.001 -19.788 -19.789 -19.788
-7.151 -13.471 -18.282 -17.726 -17.724
8.570 2.478 -15.232 -17.825 -17.510
4.395 -11.321 -17.800 -17.350 -17.347
-9.544 -16.020 -16.879 -17.201 -17.198
-3.172 -11.514 -18.056 -18.742 -18.743
15.192 9.703 -16.846 -17.580 -17.573
-7.026 -12.930 -14.370 -14.385 -14.384
-11.445 -16.933 -19.227 -19.228 -19.227
-11.271 -16.504 -19.180 -19.202 -19.200
-12.730 -18.640 -19.669 -19.074 -19.073
-10.862 -16.188 -18.899 -18.935 -18.935
-9.552 -14.902 -19.323 -19.325 -19.324
-10.323 -17.656 -17.970 -17.998 -17.997
62.304 17.149 -17.405 -18.030 -17.622
30.938 27.094 -6.703 -6.830 -6.835
42.013 11.934 -17.131 -17.300 -16.911
-10.888 -14.985 -15.476 -15.485 -15.484
8.156 -0.305 -17.545 -17.743 -17.743
-9.586 -13.901 -16.541 -16.291 -16.290
0.247 -7.835 -17.158 -17.279 -17.279
20.159 8.930 -14.551 -14.384 -14.388
-9.454 -13.654 -15.707 -15.620 -15.413
-10.785 -15.725 -17.539 -17.556 -17.554
-7.930 -13.445 -14.404 -14.417 -13.545
-9.236 -14.440 -15.789 -15.795 -15.212
-11.141 -15.033 -15.869 -15.871 -15.488
-7.781 -12.999 -15.474 -15.488 -15.487
2.122 -2.605 -13.669 -14.721 -14.720
-5.082 -10.968 -15.445 -15.471 -15.472
-9.877 -15.739 -16.349 -16.352 -16.045
6.893 0.791 -15.361 -15.296 -15.063
-9.077 -15.673 -17.590 -17.621 -17.620
-11.365 -14.686 -15.007 -14.982 -14.983
-4.795 -10.178 -17.685 -18.705 -18.704
-10.693 -14.899 -15.378 -15.409 -15.409
-9.551 -15.077 -19.125 -18.807 -18.807
1.835 -1.900 -15.468 -14.792 -14.548
-8.558 -11.848 -12.381 -12.383 -12.384
15.682 8.451 -6.653 -9.222 -9.221
-5.497 -9.958 -12.828 -12.554 -12.556
-10.224 -14.650 -16.202 -16.210 -16.209
-7.195 -11.834 -16.123 -17.062 -17.063
7.362 1.907 -17.298 -17.190 -17.189
-5.052 -10.222 -11.891 -11.872 -11.403
-6.845 -11.470 -12.528 -12.529 -12.488
-10.644 -16.166 -18.698 -18.529 -18.527
-8.102 -11.875 -12.537 -12.578 -12.576
-8.553 -12.124 -12.381 -12.364 -12.365
-5.272 -9.677 -14.562 -14.717 -14.321
-11.390 -14.873 -15.173 -15.386 -15.384
9.449 -5.247 -13.539 -13.750 -13.325
-6.901 -12.066 -13.747 -13.468 -13.290
19.101 4.765 -12.060 -12.839 -12.560
-8.167 -12.022 -12.671 -12.682 -12.495
15.679 9.078 -12.009 -13.909 -13.907
-6.049 -10.684 -11.602 -11.605 -11.604
-2.697 -6.143 -12.449 -13.740 -13.328
-8.553 -11.850 -12.609 -12.625 -12.431
1.218 -4.264 -12.282 -12.000 -12.001
-9.054 -12.549 -13.255 -13.256 -13.256
-5.230 -8.830 -12.634 -12.637 -12.444
-9.073 -12.425 -12.773 -12.793 -12.791
-4.056 -9.268 -11.861 -11.604 -11.527
-7.610 -10.458 -11.325 -11.327 -11.327
-3.584 -7.493 -9.755 -9.646 -9.507
-4.736 -7.858 -8.953 -8.695 -8.502
-5.474 -8.782 -11.334 -11.340 -11.338
-7.210 -9.430 -9.744 -9.650 -9.511
-7.543 -10.836 -11.409 -11.412 -11.368
-4.869 -7.781 -8.567 -8.578 -8.579
-3.233 -6.703 -9.769 -9.757 -9.758
-5.031 -8.204 -9.132 -9.334 -9.257
-1.721 -7.582 -13.745 -13.466 -13.290
-5.466 -9.127 -11.395 -11.397 -11.396
23.805 1.994 -11.615 -11.273 -11.273
-5.219 -6.914 -7.973 -7.754 -7.705
18.896 1.628 -7.570 -7.493 -7.275
-3.639 -6.220 -7.783 -7.731 -7.595
-4.892 -7.592 -7.958 -7.752 -7.703
-3.442 -6.023 -6.384 -6.390 -6.390
-4.084 -8.158 -8.777 -8.614 -8.234
3.623 -5.072 -7.671 -7.513 -7.443
-4.193 -8.070 -8.973 -8.967 -8.966
-5.153 -7.199 -7.616 -7.523 -7.369
-0.048 -5.597 -8.943 -8.989 -8.957
34.152 7.658 -13.722 -13.453 -13.323
-1.843 -5.595 -7.732 -7.559 -7.559
7.268 -4.673 -7.612 -7.579 -7.599
-5.639 -7.841 -8.002 -8.004 -7.699
-2.564 -5.107 -5.679 -5.796 -5.765
7.053 2.294 -12.888 -12.981 -12.606
-3.114 -4.627 -5.074 -5.076 -4.746
0.600 -2.561 -4.754 -5.076 -4.742
-1.691 -3.806 -5.257 -5.730 -5.605
-5.214 -6.899 -7.225 -7.540 -7.473
-1.634 -5.632 -7.166 -7.167 -7.165
-2.401 -4.420 -5.600 -5.614 -5.297
-2.421 -4.205 -5.581 -5.429 -5.333
-2.458 -3.516 -3.668 -3.668 -3.824
-0.678 -3.091 -3.744 -3.606 -3.796
-1.317 -3.743 -5.710 -5.674 -5.674
-3.801 -6.756 -6.968 -7.414 -7.236
-5.764 -10.223 -11.597 -11.639 -11.532
-0.774 -3.754 -4.836 -4.812 -4.693
6.547 -0.732 -4.749 -4.760 -4.532
-2.439 -3.679 -3.554 -3.801 -3.754
-5.894 -7.731 -7.847 -7.271 -7.270
-2.390 -3.689 -3.828 -3.651 -3.651
-8.326 -14.420 -15.957 -15.964 -15.966
-13.067 -19.033 -19.704 -19.069 -19.070
-10.323 -17.656 -17.970 -17.998 -17.997
-10.224 -14.650 -16.202 -16.210 -16.209
-5.272 -9.677 -14.562 -14.717 -14.321
-7.812 -14.105 -14.518 -14.573 -14.574
-12.199 -18.145 -19.745 -19.787 -19.786
-13.950 -19.315 -19.205 -19.219 -19.217
19.101 4.765 -12.060 -12.839 -12.560
-9.881 -14.465 -15.354 -15.378 -15.377
-14.345 -20.156 -20.846 -20.377 -20.376
10.499 -9.194 -15.868 -15.871 -15.486
-8.069 -11.799 -13.103 -13.104 -12.423
-13.813 -19.428 -19.809 -19.322 -19.321
-10.528 -14.616 -15.811 -15.431 -15.367
-8.908 -12.428 -12.728 -12.730 -12.730
-14.329 -19.667 -19.659 -19.697 -19.697
-7.651 -11.795 -12.175 -12.121 -12.121
23.805 1.994 -11.615 -11.273 -11.273
-8.210 -12.371 -12.800 -12.818 -12.817
0.407 -4.311 -13.732 -13.467 -13.293
-10.001 -14.060 -16.336 -15.153 -15.152
-7.910 -14.468 -19.302 -19.459 -19.458
-15.094 -20.542 -21.728 -21.110 -21.110
-10.434 -15.867 -16.216 -16.229 -16.229
-8.743 -13.867 -16.374 -16.230 -16.230
-8.997 -13.501 -15.700 -15.616 -15.409
-11.815 -15.801 -16.796 -16.473 -16.471
-13.504 -20.757 -23.753 -23.058 -23.057
-14.474 -19.427 -20.035 -19.599 -19.596
-10.308 -14.268 -15.808 -15.434 -15.370
52.062 2.325 -12.490 -12.512 -12.323
-7.893 -13.035 -14.287 -14.328 -14.211
-9.870 -18.357 -23.192 -23.196 -22.860
-13.291 -18.693 -23.430 -22.842 -22.841
-15.481 -22.339 -23.806 -22.856 -22.857
-10.569 -14.515 -14.979 -15.089 -15.078
-8.739 -12.492 -13.002 -12.574 -12.565
-7.450 -11.407 -12.053 -12.447 -12.443
-3.910 -8.962 -15.493 -17.036 -17.032
-5.214 -6.899 -7.225 -7.540 -7.473
-5.894 -7.731 -7.847 -7.271 -7.270
-5.639 -7.841 -8.002 -8.004 -7.699
7.268 -4.673 -7.612 -7.579 -7.599
-10.988 -16.095 -20.727 -21.235 -21.234
-10.567 -15.022 -15.706 -15.482 -15.480
-11.350 -18.993 -23.861 -22.562 -22.560
-15.964 -20.903 -20.908 -21.128 -21.127
-10.548 -16.884 -19.777 -19.184 -19.183
-10.147 -14.757 -17.995 -17.996 -17.995
-8.232 -13.293 -15.008 -15.010 -15.010
-13.879 -18.697 -19.772 -19.190 -19.189
-2.564 -5.107 -5.679 -5.796 -5.765
-12.370 -19.628 -20.825 -20.267 -20.267
-9.360 -13.042 -16.337 -15.330 -15.538
17.173 11.415 -7.471 -7.620 -7.078
-7.150 -11.937 -17.588 -16.009 -16.008
-0.678 -3.091 -3.744 -3.606 -3.796
-2.390 -3.689 -3.828 -3.651 -3.651
-2.439 -3.679 -3.554 -3.801 -3.754
13.612 7.431 -15.265 -14.617 -14.367
-8.938 -12.902 -13.679 -13.085 -12.989
-8.299 -12.154 -12.808 -12.835 -12.268
-8.243 -10.887 -11.451 -11.455 -11.321
-6.178 -9.026 -9.739 -9.573 -9.489
-5.909 -9.158 -9.885 -9.432 -9.400
-7.496 -11.830 -12.458 -12.487 -12.088
-3.007 -6.879 -11.246 -11.929 -11.483
-8.309 -11.119 -11.364 -11.385 -11.312
-5.504 -8.842 -9.880 -9.427 -9.393
-7.312 -10.904 -12.094 -11.955 -11.468
-5.732 -8.135 -9.840 -9.438 -9.437
-3.807 -6.178 -7.656 -7.657 -7.626
-3.578 -6.412 -8.621 -8.468 -8.467
-7.808 -11.069 -11.664 -11.653 -11.488
-3.399 -6.248 -7.538 -7.666 -7.600
-5.379 -7.514 -7.922 -7.561 -7.559
-7.434 -10.811 -11.022 -10.874 -10.976
-5.424 -7.548 -7.789 -7.554 -7.475
-5.194 -7.401 -7.724 -7.725 -7.609
-4.576 -7.292 -8.824 -8.836 -8.436
-6.724 -9.709 -11.711 -11.650 -11.579
-5.914 -7.764 -7.961 -7.752 -7.700
-3.715 -6.072 -9.757 -9.652 -9.511
-4.969 -7.599 -7.994 -8.004 -7.703
-2.409 -3.775 -5.073 -5.074 -4.741
-5.953 -8.268 -8.930 -8.916 -8.913
-2.716 -3.670 -3.686 -3.715 -3.663
-6.816 -9.209 -9.728 -9.524 -9.499
-4.716 -6.718 -7.972 -7.753 -7.703
-7.185 -9.517 -9.753 -9.648 -9.506
-2.585 -3.503 -3.700 -3.751 -3.797
-4.220 -5.729 -5.932 -5.736 -5.598
-4.463 -6.347 -7.256 -7.525 -7.483
-8.157 -10.975 -11.413 -11.416 -11.383
-6.626 -9.800 -11.413 -11.413 -11.400
-1.038 -1.673 -1.809 -1.920 -1.920
-5.666 -7.825 -7.996 -8.005 -7.703
-2.418 -4.357 -4.505 -4.500 -4.499
-2.665 -5.100 -5.731 -5.391 -5.496
-3.206 -4.761 -5.729 -5.640 -5.640
-3.751 -5.272 -5.966 -5.795 -5.767
-3.751 -5.100 -5.968 -5.797 -5.767
-2.465 -3.472 -3.652 -3.832 -3.776
-4.404 -5.789 -5.893 -5.620 -5.794
-3.360 -4.647 -5.270 -5.392 -5.329
-2.280 -3.686 -3.841 -3.755 -3.755
-5.184 -7.029 -7.969 -7.752 -7.701
-5.698 -7.830 -8.005 -8.007 -7.702
-13.067 -19.033 -19.704 -19.069 -19.070
-9.360 -13.042 -16.337 -15.330 -15.538
-5.272 -9.677 -14.562 -14.717 -14.321
19.101 4.765 -12.060 -12.839 -12.560
-8.739 -12.492 -13.002 -12.574 -12.565
-7.971 -10.409 -11.684 -11.651 -11.568
-7.783 -13.771 -15.588 -15.595 -15.432
-5.781 -9.357 -9.669 -9.282 -9.284
-9.269 -12.273 -12.677 -12.728 -12.728
-11.007 -14.879 -15.711 -15.485 -15.484
-8.756 -11.809 -13.824 -13.423 -13.345
-10.999 -14.653 -15.498 -15.498 -15.498
-6.303 -13.034 -18.560 -18.083 -17.553
-7.578 -10.341 -11.472 -11.163 -11.135
-6.874 -10.365 -11.706 -11.597 -11.491
-8.538 -12.012 -13.947 -13.469 -13.292
-8.289 -11.201 -11.399 -11.393 -11.393
-7.271 -10.095 -12.296 -11.354 -11.367
-13.263 -18.984 -19.369 -18.936 -18.936
-4.576 -7.292 -8.824 -8.836 -8.436
-6.230 -9.575 -11.419 -11.488 -11.349
-8.701 -12.113 -12.481 -12.306 -11.979
-7.734 -11.146 -12.180 -11.803 -11.263
-12.674 -18.056 -18.717 -18.347 -18.346
-7.707 -11.637 -14.132 -13.227 -13.227
-8.213 -12.707 -13.954 -13.983 -13.984
-11.562 -14.761 -15.797 -15.435 -15.370
-8.079 -10.649 -11.999 -11.200 -11.200
-5.552 -8.056 -11.457 -11.449 -11.444
-10.574 -16.254 -17.920 -17.614 -17.615
-11.215 -15.799 -16.622 -16.220 -16.221
-10.513 -15.226 -17.388 -16.930 -16.930
-10.543 -19.492 -21.081 -20.502 -20.502
-5.941 -12.483 -18.861 -18.996 -18.995
-16.698 -22.193 -23.188 -23.199 -22.859
-10.850 -15.945 -20.958 -21.984 -21.984
-13.358 -17.975 -18.673 -18.392 -18.392
-7.761 -10.717 -11.681 -10.945 -10.946
-10.168 -14.702 -15.848 -15.858 -15.474
-10.333 -15.577 -16.362 -16.349 -16.348
-9.152 -12.537 -12.952 -13.542 -13.148
-8.536 -12.352 -12.956 -13.005 -12.685
-16.791 -22.160 -21.842 -21.844 -21.844
-7.938 -11.755 -15.481 -15.482 -15.482
-3.807 -6.178 -7.656 -7.657 -7.626
-6.190 -10.774 -12.776 -12.802 -12.804
-5.214 -6.899 -7.225 -7.540 -7.473
-5.894 -7.731 -7.847 -7.271 -7.270
5.887 0.080 -5.498 -15.123 -14.883
-7.956 -10.897 -11.881 -11.886 -11.169
-12.576 -18.597 -19.573 -19.906 -19.752
-12.523 -18.182 -18.970 -19.339 -19.085
14.353 4.585 -19.846 -20.021 -20.019
-9.834 -15.579 -23.361 -22.221 -22.220
-12.765 -18.253 -20.677 -20.683 -20.194
-2.564 -5.107 -5.679 -5.796 -5.765
-8.809 -12.341 -12.793 -13.657 -13.193
-7.468 -10.941 -11.326 -11.301 -11.190
-2.409 -3.775 -5.073 -5.074 -4.741
-10.075 -13.871 -14.984 -14.990 -14.472
-3.360 -4.647 -5.270 -5.392 -5.329
-0.678 -3.091 -3.744 -3.606 -3.796
-2.390 -3.689 -3.828 -3.651 -3.651
-2.439 -3.679 -3.554 -3.801 -3.754
-6.975 -9.368 -9.718 -9.652 -9.510
-5.005 -8.025 -9.757 -9.651 -9.508
-6.024 -8.573 -9.753 -9.650 -9.508
-5.411 -7.241 -8.005 -8.006 -7.702
-5.747 -7.656 -8.006 -8.007 -7.703
-5.149 -8.229 -9.559 -9.570 -9.393
-3.755 -8.436 -9.665 -9.482 -9.482
-7.027 -9.367 -9.770 -9.589 -9.573
-4.689 -7.004 -7.655 -7.674 -7.616
-1.290 -3.384 -8.256 -7.465 -7.463
-0.329 -2.450 -8.442 -7.665 -7.665
-5.841 -8.560 -9.850 -9.442 -9.439
-6.077 -9.230 -9.811 -9.579 -9.367
-4.625 -6.676 -7.193 -6.948 -6.947
-4.365 -7.009 -7.786 -7.402 -7.490
-5.928 -7.787 -7.971 -7.753 -7.701
-5.560 -8.620 -9.777 -9.588 -9.570
-7.120 -9.486 -9.750 -9.647 -9.509
-5.270 -7.092 -7.563 -7.498 -7.349
-4.247 -6.692 -7.993 -8.007 -7.704
-3.192 -5.123 -5.998 -5.751 -5.600
4.211 -2.905 -9.780 -9.589 -9.570
1.120 -0.583 -8.861 -2.439 -2.527
-5.802 -7.746 -7.968 -7.753 -7.703
3.257 -2.771 -6.001 -5.991 -5.780
-5.766 -7.638 -7.970 -7.753 -7.702
-4.044 -6.927 -7.823 -7.509 -7.509
-4.228 -5.721 -5.933 -5.735 -5.604
-3.613 -5.052 -5.463 -5.796 -5.765
-5.950 -7.810 -7.999 -8.006 -7.703
-3.143 -6.538 -7.730 -7.731 -7.591
-3.234 -5.063 -5.693 -5.696 -5.695
-3.461 -5.206 -5.662 -5.593 -5.533
-5.563 -7.533 -7.377 -7.402 -7.402
0.105 -0.708 -1.933 -1.943 -1.697
-4.296 -7.022 -7.745 -7.679 -7.678
-5.558 -7.610 -8.006 -8.006 -7.702
13.750 -1.395 -13.165 -12.903 -12.903
-5.710 -7.675 -8.000 -8.006 -7.703
-4.331 -7.257 -7.767 -7.867 -7.635
-0.513 -2.235 -6.290 -5.577 -5.294
-3.379 -6.738 -7.740 -7.505 -7.505
-4.870 -7.003 -7.656 -7.499 -7.499
-5.151 -7.837 -9.069 -9.242 -9.242
-3.541 -5.284 -5.451 -5.478 -5.430
-0.702 -1.505 -1.859 -1.766 -1.737
-3.644 -4.917 -5.073 -5.074 -4.742
-13.067 -19.033 -19.704 -19.069 -19.070
-9.360 -13.042 -16.337 -15.330 -15.538
-11.007 -14.879 -15.711 -15.485 -15.484
-5.272 -9.677 -14.562 -14.717 -14.321
-7.783 -13.771 -15.588 -15.595 -15.432
19.101 4.765 -12.060 -12.839 -12.560
-8.079 -10.649 -11.999 -11.200 -11.200
-9.871 -13.969 -14.736 -14.744 -14.743
-9.827 -15.116 -15.814 -15.311 -15.310
-8.397 -11.247 -11.678 -11.499 -11.653
-11.607 -15.427 -15.731 -15.620 -15.409
-3.604 -6.543 -10.879 -10.883 -10.909
-8.349 -11.417 -12.007 -10.999 -11.000
-11.491 -16.075 -17.725 -17.270 -17.269
14.103 -4.464 -15.360 -15.332 -14.957
-11.406 -15.209 -15.472 -15.502 -15.502
-7.747 -11.792 -13.003 -12.550 -12.467
-8.104 -10.929 -11.713 -11.652 -11.576
-9.219 -13.796 -14.548 -14.548 -14.547
-8.273 -11.111 -11.444 -11.452 -11.314
-7.396 -11.134 -11.867 -11.878 -11.190
-7.941 -11.931 -13.746 -13.467 -13.293
-3.332 -7.189 -12.497 -12.507 -12.471
-4.735 -8.048 -10.767 -11.143 -10.768
26.606 2.696 -10.026 -10.297 -10.020
-9.839 -13.862 -14.650 -14.493 -14.493
-8.158 -11.370 -11.615 -11.645 -11.565
-8.080 -11.177 -11.391 -11.469 -11.373
-4.576 -7.292 -8.824 -8.836 -8.436
-5.841 -8.560 -9.850 -9.442 -9.439
-10.907 -17.971 -19.554 -19.125 -19.125
-10.036 -15.258 -15.606 -15.900 -15.900
-5.223 -9.884 -11.721 -11.652 -11.577
-3.748 -7.528 -14.776 -15.056 -14.716
-11.957 -17.246 -18.449 -17.769 -17.769
14.503 3.512 -14.499 -14.560 -14.557
-12.664 -19.351 -24.403 -22.783 -22.782
-7.131 -10.059 -11.809 -11.863 -11.199
-9.148 -13.368 -14.497 -14.503 -14.501
0.693 -7.407 -14.368 -14.961 -14.961
-7.661 -10.993 -12.178 -11.965 -11.461
-3.807 -6.178 -7.656 -7.657 -7.626
-5.214 -6.899 -7.225 -7.540 -7.473
-7.347 -11.858 -12.866 -12.944 -12.664
-11.537 -16.562 -21.421 -22.098 -22.100
-7.842 -11.356 -12.645 -12.647 -12.463
-9.379 -13.799 -14.625 -14.360 -13.791
-7.982 -10.601 -11.717 -11.652 -11.575
-13.654 -19.375 -19.794 -19.319 -19.317
0.704 -5.759 -12.352 -12.478 -12.527
-8.598 -12.420 -12.621 -12.631 -12.438
-8.103 -11.694 -14.536 -13.358 -13.245
-2.564 -5.107 -5.679 -5.796 -5.765
-7.320 -11.037 -11.315 -11.457 -11.310
-9.884 -17.102 -20.084 -18.853 -18.854
-8.764 -16.185 -23.459 -23.237 -23.237
-8.160 -11.298 -11.621 -12.274 -12.273
-0.678 -3.091 -3.744 -3.606 -3.796
-9.302 -13.047 -15.293 -15.301 -15.300
-8.803 -12.203 -12.725 -12.727 -12.727
-2.390 -3.689 -3.828 -3.651 -3.651
-2.439 -3.679 -3.554 -3.801 -3.754
-11.767 -20.311 -22.416 -21.983 -21.982
-14.320 -19.735 -23.468 -23.256 -23.256
-7.184 -9.554 -9.881 -9.432 -9.405
-7.132 -9.506 -9.717 -9.648 -9.509
-5.947 -8.595 -9.885 -9.432 -9.409
-6.576 -9.090 -9.653 -9.605 -9.552
-3.088 -6.383 -8.110 -7.761 -7.590
-1.677 -3.819 -5.023 -5.335 -5.333
-7.001 -9.447 -9.752 -9.649 -9.506
-5.389 -8.620 -8.825 -8.824 -8.825
-5.738 -7.676 -7.957 -7.753 -7.704
-0.252 -5.346 -9.217 -9.471 -9.470
-4.355 -6.603 -7.538 -6.897 -6.936
-4.419 -6.722 -7.638 -7.425 -7.425
-4.646 -6.795 -7.971 -7.753 -7.703
-5.184 -7.279 -7.675 -7.681 -7.613
-5.811 -7.820 -7.999 -8.009 -7.707
-1.076 -3.279 -12.747 -7.647 -7.613
-4.413 -6.962 -7.516 -7.545 -7.405
-5.192 -7.481 -7.967 -7.752 -7.701
-3.953 -5.411 -5.685 -5.796 -5.765
-3.528 -5.380 -5.940 -5.734 -5.604
-6.142 -8.272 -9.770 -9.587 -9.569
-3.954 -6.209 -6.382 -6.388 -6.387
-6.107 -9.024 -9.844 -9.437 -9.436
-6.140 -8.485 -9.738 -9.334 -9.334
-3.292 -4.974 -5.698 -5.701 -5.701
-3.632 -5.193 -5.970 -5.701 -5.596
-6.911 -9.362 -9.749 -9.652 -9.511
-3.428 -6.203 -6.320 -6.075 -6.075
-2.689 -3.354 -3.649 -3.862 -3.813
-2.663 -3.606 -3.815 -3.708 -3.707
-2.713 -3.669 -3.837 -3.754 -3.753
-5.429 -7.872 -9.399 -9.520 -9.367
-5.302 -7.023 -7.603 -7.608 -7.603
-7.004 -9.200 -9.759 -9.531 -9.503
-5.094 -7.122 -7.645 -7.688 -7.606
-5.013 -6.802 -7.216 -7.525 -7.475
-2.623 -3.550 -3.740 -3.745 -3.716
-3.732 -5.186 -5.905 -5.793 -5.761
-3.121 -4.801 -5.699 -5.702 -5.701
-4.649 -7.462 -7.998 -8.002 -7.698
-2.673 -3.729 -3.840 -3.709 -3.709
-2.689 -3.377 -3.713 -3.716 -3.666
-4.137 -5.686 -5.813 -5.754 -5.745
-2.919 -5.020 -5.914 -5.667 -5.693
-13.067 -19.033 -19.704 -19.069 -19.070
-11.007 -14.879 -15.711 -15.485 -15.484
-5.272 -9.677 -14.562 -14.717 -14.321
26.606 2.696 -10.026 -10.297 -10.020
-7.131 -10.059 -11.809 -11.863 -11.199
-9.704 -15.346 -15.695 -15.697 -15.242
-9.903 -15.239 -15.687 -15.697 -15.250
-9.602 -13.614 -14.605 -14.613 -14.611
-5.013 -8.955 -15.804 -15.069 -14.833
-9.697 -15.167 -15.814 -15.699 -15.223
-9.704 -15.249 -15.816 -15.700 -15.225
-9.904 -13.672 -15.804 -15.430 -15.367
-3.669 -11.222 -14.011 -15.195 -15.193
-7.257 -10.313 -11.616 -11.651 -11.575
-4.576 -7.292 -8.824 -8.836 -8.436
-0.577 -9.985 -15.389 -15.464 -15.465
-7.237 -11.159 -11.988 -11.445 -11.533
-7.393 -11.095 -11.611 -11.649 -11.572
-8.019 -14.389 -15.867 -15.869 -15.870
-6.495 -9.610 -11.687 -11.650 -11.572
-7.297 -10.166 -10.952 -11.281 -10.876
-7.452 -10.380 -11.133 -10.661 -10.657
-8.181 -11.237 -12.177 -11.805 -11.292
-10.339 -14.273 -14.816 -14.838 -15.405
-9.185 -14.084 -14.655 -14.690 -14.690
-8.049 -10.843 -11.716 -11.651 -11.577
-7.993 -10.717 -11.543 -11.649 -11.573
-7.533 -10.335 -11.955 -11.443 -11.442
-5.571 -9.471 -10.218 -9.940 -9.942
-4.017 -8.432 -9.737 -9.589 -9.572
-12.484 -19.215 -19.626 -19.051 -19.051
-11.151 -19.247 -19.696 -19.063 -19.065
-9.119 -13.669 -15.620 -14.886 -15.079
-12.983 -17.700 -22.909 -22.638 -22.637
-5.811 -7.820 -7.999 -8.009 -7.707
-3.088 -6.383 -8.110 -7.761 -7.590
-3.807 -6.178 -7.656 -7.657 -7.626
-5.214 -6.899 -7.225 -7.540 -7.473
-8.445 -12.229 -12.527 -12.051 -12.022
-11.195 -14.780 -15.708 -15.483 -15.482
-10.880 -14.975 -15.362 -15.001 -15.000
-8.188 -12.078 -13.821 -13.178 -13.176
-7.580 -11.034 -12.176 -11.716 -11.428
-11.502 -15.560 -15.855 -15.863 -15.478
-8.768 -13.746 -15.058 -14.729 -14.176
-8.456 -11.724 -12.230 -12.024 -12.026
-5.733 -9.907 -11.958 -11.961 -11.464
-3.758 -7.235 -9.734 -9.742 -9.743
-8.407 -11.414 -11.659 -10.997 -10.996
-2.564 -5.107 -5.679 -5.796 -5.765
-9.513 -14.569 -15.089 -16.324 -16.324
-6.642 -9.414 -9.887 -9.432 -9.401
-15.059 -19.918 -20.449 -20.025 -20.024
-4.444 -14.915 -19.295 -19.346 -19.346
-11.309 -16.262 -19.191 -18.956 -19.111
-6.911 -9.152 -9.593 -9.603 -9.543
-6.045 -8.339 -8.733 -8.619 -8.620
-2.663 -3.606 -3.815 -3.708 -3.707
-2.689 -3.354 -3.649 -3.862 -3.813
-7.554 -11.240 -14.037 -13.199 -13.198
-2.390 -3.689 -3.828 -3.651 -3.651
-2.439 -3.679 -3.554 -3.801 -3.754
-6.957 -18.189 -23.981 -22.478 -22.478
-13.949 -19.008 -19.591 -19.168 -19.167
-5.846 -7.610 -7.971 -7.753 -7.702
-5.458 -7.518 -7.720 -7.722 -7.580
-5.915 -7.719 -7.994 -8.005 -7.701
-5.746 -7.455 -7.902 -8.007 -7.703
-7.222 -9.452 -9.845 -9.431 -9.429
-2.552 -4.578 -8.001 -8.007 -7.704
-4.073 -7.123 -7.739 -7.679 -7.679
-5.857 -7.728 -7.969 -7.753 -7.704
-4.704 -7.012 -7.210 -7.269 -6.988
-4.970 -7.395 -7.972 -7.753 -7.703
-6.032 -8.492 -8.771 -8.507 -8.388
-6.313 -9.483 -9.855 -9.424 -9.389
-4.223 -6.255 -7.353 -7.348 -7.090
-5.915 -7.787 -7.963 -7.751 -7.699
-4.958 -7.698 -7.998 -8.006 -7.704
-5.986 -9.202 -9.635 -9.688 -9.440
-4.107 -5.557 -5.715 -5.735 -5.675
-4.946 -6.806 -7.731 -7.334 -7.407
-3.711 -5.489 -5.628 -5.639 -5.639
-3.328 -5.102 -5.964 -5.796 -5.764
-5.014 -8.688 -9.867 -9.821 -9.559
-4.239 -5.552 -5.901 -5.666 -5.700
-2.482 -4.014 -4.842 -4.859 -4.566
-3.380 -5.166 -5.675 -5.584 -5.507
-5.806 -7.584 -8.004 -8.006 -7.703
-6.282 -7.758 -8.005 -8.005 -7.702
-3.512 -5.216 -5.968 -5.795 -5.767
-2.703 -3.718 -3.838 -3.709 -3.708
-2.315 -3.595 -3.891 -3.667 -3.667
-2.461 -3.516 -3.829 -3.962 -3.726
-5.893 -7.797 -7.957 -7.752 -7.703
-4.486 -7.254 -7.763 -7.765 -7.579
-1.877 -3.479 -3.894 -3.664 -3.663
-5.323 -7.235 -7.712 -7.713 -7.563
-4.881 -6.908 -7.227 -7.637 -7.489
-2.525 -3.452 -3.695 -3.859 -3.823
-2.870 -3.512 -3.719 -3.882 -3.881
-4.156 -5.643 -5.769 -5.552 -5.734
-4.220 -5.616 -5.675 -5.678 -5.678
-2.621 -3.582 -3.687 -3.840 -3.772
-1.277 -1.765 -1.811 -1.984 -1.984
-5.358 -7.420 -7.996 -8.007 -7.703
-2.623 -3.544 -3.797 -3.739 -3.785
-0.850 -1.467 -1.823 -1.984 -1.984
-2.725 -3.733 -3.842 -3.712 -3.711
-13.067 -19.033 -19.704 -19.069 -19.070
-11.007 -14.879 -15.711 -15.485 -15.484
-5.272 -9.677 -14.562 -14.717 -14.321
26.606 2.696 -10.026 -10.297 -10.020
-7.131 -10.059 -11.809 -11.863 -11.199
-4.576 -7.292 -8.824 -8.836 -8.436
-8.095 -12.524 -16.006 -16.010 -15.443
-10.867 -15.305 -15.462 -15.468 -15.467
-7.981 -10.755 -11.712 -11.652 -11.575
-5.129 -8.374 -8.742 -8.611 -8.610
-10.891 -14.793 -15.814 -15.434 -15.373
-8.442 -11.900 -12.378 -12.387 -12.388
-6.778 -10.599 -11.160 -11.397 -11.294
-5.024 -8.571 -9.773 -9.589 -9.571
-7.264 -9.695 -9.847 -9.443 -9.443
-4.430 -7.301 -7.994 -8.006 -7.704
-5.787 -7.532 -7.968 -7.753 -7.703
-5.872 -7.702 -8.006 -8.007 -7.702
-5.811 -7.820 -7.999 -8.009 -7.707
-5.946 -7.650 -8.000 -8.008 -7.706
-3.088 -6.383 -8.110 -7.761 -7.590
-3.807 -6.178 -7.656 -7.657 -7.626
-5.032 -7.232 -7.667 -7.678 -7.538
-4.936 -7.273 -7.754 -7.678 -7.678
-5.594 -7.394 -7.607 -7.368 -7.368
-6.177 -13.275 -19.842 -19.259 -19.259
-9.451 -14.361 -15.519 -15.521 -15.521
-9.750 -14.541 -15.589 -15.591 -15.591
-5.634 -7.245 -7.687 -7.677 -7.676
-6.693 -10.054 -11.243 -11.276 -11.253
-3.227 -6.243 -9.286 -11.699 -11.497
0.968 -3.588 -15.192 -15.104 -15.102
-14.829 -21.415 -23.161 -23.163 -23.163
-2.564 -5.107 -5.679 -5.796 -5.765
-10.570 -14.664 -16.258 -16.116 -16.116
-5.632 -8.493 -8.753 -8.662 -8.345
-5.988 -8.585 -9.610 -9.339 -9.117
-6.214 -7.798 -8.004 -8.005 -7.701
-6.079 -7.709 -7.993 -8.007 -7.705
-5.942 -7.677 -8.005 -8.005 -7.700
-7.577 -10.618 -11.720 -11.651 -11.582
-3.342 -5.264 -7.736 -7.327 -7.192
-8.311 -11.889 -12.706 -12.708 -12.491
-4.595 -8.913 -11.387 -10.955 -10.954
-6.062 -9.210 -9.597 -9.394 -9.141
-5.633 -7.512 -8.005 -8.007 -7.703
-5.414 -7.463 -7.633 -7.732 -7.586
-2.663 -3.606 -3.815 -3.708 -3.707
44.161 14.323 -23.626 -23.303 -23.303
-9.287 -14.233 -16.060 -15.451 -15.061
-7.220 -11.671 -13.739 -13.464 -13.285
-2.689 -3.354 -3.649 -3.862 -3.813
-2.390 -3.689 -3.828 -3.651 -3.651
-2.439 -3.679 -3.554 -3.801 -3.754
-2.623 -3.544 -3.797 -3.739 -3.785
-15.834 -22.053 -25.315 -23.331 -22.628
-6.717 -11.658 -13.005 -12.627 -12.627
21.624 4.078 -12.407 -12.319 -12.322
-12.367 -18.118 -19.729 -20.377 -20.378
-0.418 -9.003 -19.609 -19.098 -19.097
-15.122 -21.426 -23.697 -23.136 -23.134
13.089 0.072 -7.273 -7.521 -7.468
-4.558 -6.804 -7.085 -7.472 -7.441
-5.513 -7.596 -7.761 -7.762 -7.581
3.603 -3.975 -20.131 -20.895 -20.350
-3.684 -5.213 -5.967 -5.796 -5.768
-5.922 -7.774 -7.968 -7.753 -7.704
-3.193 -4.970 -5.075 -5.076 -4.741
-3.193 -4.910 -5.074 -5.076 -4.738
-5.238 -7.585 -7.756 -7.923 -7.518
-3.296 -4.799 -5.057 -5.068 -4.733
-3.305 -5.372 -5.682 -5.694 -5.694
-3.032 -4.407 -4.573 -4.583 -4.383
-2.658 -4.635 -5.073 -5.074 -4.744
-3.684 -5.799 -5.968 -5.796 -5.767
-4.176 -5.778 -5.968 -5.795 -5.770
-3.335 -4.980 -5.067 -5.077 -4.744
-5.029 -7.321 -7.504 -7.598 -7.335
-3.343 -4.978 -5.686 -5.794 -5.751
-2.249 -4.362 -5.968 -5.795 -5.762
-3.261 -4.986 -5.958 -5.800 -5.699
-2.703 -3.641 -3.840 -3.713 -3.712
-2.754 -3.627 -3.785 -3.733 -3.780
-1.380 -1.767 -1.881 -1.984 -1.984
-2.794 -3.757 -3.817 -3.693 -3.693
-2.716 -3.723 -3.825 -3.725 -3.725
-2.764 -3.715 -3.795 -3.740 -3.794
-2.746 -3.579 -3.792 -3.859 -3.827
-2.719 -3.532 -3.684 -3.819 -3.766
-2.614 -3.620 -3.839 -3.710 -3.709
-2.725 -3.763 -3.874 -3.722 -3.721
-4.105 -5.802 -5.967 -5.796 -5.766
-3.684 -5.252 -5.969 -5.796 -5.766
-2.627 -3.634 -3.883 -3.638 -3.676
-3.958 -6.807 -7.321 -7.544 -7.220
-1.279 -1.678 -1.807 -1.983 -1.984
-5.886 -7.864 -7.998 -8.009 -7.706
-3.965 -6.277 -7.544 -7.487 -7.278
-2.767 -3.725 -3.824 -3.712 -3.711
-3.223 -4.731 -4.874 -4.607 -4.511
-2.913 -3.652 -3.733 -3.863 -3.805
-3.095 -4.787 -5.742 -5.794 -5.755
-0.913 -1.595 -1.820 -1.984 -1.984
-15.834 -22.053 -25.315 -23.331 -22.628
-11.007 -14.879 -15.711 -15.485 -15.484
-5.272 -9.677 -14.562 -14.717 -14.321
26.606 2.696 -10.026 -10.297 -10.020
-7.131 -10.059 -11.809 -11.863 -11.199
-4.470 -6.208 -7.258 -7.422 -7.422
-3.833 -5.950 -7.559 -7.730 -7.605
-5.257 -6.986 -7.467 -7.844 -7.646
-9.344 -14.152 -15.781 -15.787 -15.209
-5.907 -8.988 -11.075 -11.080 -10.951
-7.894 -10.642 -11.708 -11.652 -11.575
-8.427 -11.178 -11.677 -11.889 -11.067
-6.353 -7.854 -7.987 -8.008 -7.703
-5.171 -7.794 -8.225 -8.236 -8.236
-9.982 -13.957 -15.945 -15.543 -15.356
-8.122 -11.329 -11.713 -11.651 -11.572
-5.803 -9.524 -10.261 -10.282 -10.282
-5.526 -7.985 -9.460 -9.450 -9.362
-7.291 -9.619 -9.890 -9.433 -9.402
-7.131 -9.563 -9.685 -9.649 -9.508
4.402 -3.989 -7.970 -7.754 -7.702
-5.811 -7.820 -7.999 -8.009 -7.707
-3.088 -6.383 -8.110 -7.761 -7.590
-4.460 -6.926 -7.510 -7.870 -7.647
-4.359 -6.601 -7.777 -7.676 -7.675
-8.459 -13.358 -14.362 -14.363 -14.363
-4.747 -6.764 -7.921 -7.923 -7.526
-7.037 -10.439 -10.943 -11.016 -11.254
-13.859 -18.452 -19.814 -19.326 -19.324
-4.240 -9.762 -12.069 -11.416 -11.432
-2.564 -5.107 -5.679 -5.796 -5.765
-3.193 -4.910 -5.074 -5.076 -4.738
-12.892 -18.282 -19.809 -19.815 -19.385
-7.928 -13.324 -15.487 -15.530 -15.531
-6.741 -13.441 -14.335 -14.360 -14.359
-12.791 -19.953 -20.791 -21.717 -20.912
-9.898 -15.825 -18.648 -18.332 -17.923
-5.418 -9.549 -12.252 -12.733 -12.731
-1.318 -8.080 -15.968 -16.073 -16.072
-4.627 -13.640 -19.617 -19.156 -19.156
-11.729 -15.212 -15.703 -15.485 -15.484
-9.279 -13.603 -15.786 -15.790 -15.213
-9.652 -15.441 -15.689 -15.695 -15.246
-4.896 -7.847 -9.479 -9.597 -9.573
-8.193 -13.756 -14.600 -14.601 -14.601
-6.034 -7.707 -8.003 -8.007 -7.705
-7.078 -9.169 -9.750 -9.547 -9.497
-9.840 -15.423 -15.791 -15.304 -15.303
-11.857 -15.243 -15.576 -15.592 -15.592
-8.173 -11.910 -13.802 -13.425 -13.289
-2.746 -3.579 -3.792 -3.859 -3.827
-2.663 -3.606 -3.815 -3.708 -3.707
-2.794 -3.757 -3.817 -3.693 -3.693
-2.754 -3.627 -3.785 -3.733 -3.780
-5.933 -9.406 -10.969 -11.371 -11.145
-2.719 -3.532 -3.684 -3.819 -3.766
-2.390 -3.689 -3.828 -3.651 -3.651
-11.772 -18.296 -23.344 -22.690 -22.689
-5.955 -14.860 -22.698 -22.130 -22.129
-7.066 -10.771 -11.715 -11.652 -11.574
-7.553 -11.178 -12.003 -11.199 -11.198
-7.270 -10.649 -11.283 -11.546 -11.389
-7.620 -10.701 -11.274 -11.419 -11.351
-6.319 -7.770 -8.005 -8.006 -7.701
-3.133 -4.921 -5.964 -5.795 -5.766
-4.139 -5.709 -5.966 -5.796 -5.764
-5.474 -7.426 -7.750 -7.762 -7.584
-3.681 -5.843 -5.970 -5.794 -5.766
-6.183 -7.764 -8.000 -8.003 -7.701
-6.286 -7.701 -7.993 -8.008 -7.704
-5.822 -7.766 -8.002 -8.005 -7.701
-3.253 -5.106 -5.377 -5.261 -4.983
-3.030 -4.969 -5.059 -5.075 -4.741
-3.683 -5.781 -5.936 -5.795 -5.766
22.696 15.782 -7.378 -7.621 -7.452
-5.788 -7.882 -7.996 -8.007 -7.705
-4.958 -7.095 -7.735 -7.663 -7.583
-2.223 -4.168 -5.322 -5.539 -5.440
-2.263 -3.611 -3.715 -3.727 -3.673
-2.605 -3.672 -3.652 -3.838 -3.769
-2.030 -3.516 -3.699 -3.818 -3.754
-2.809 -3.581 -3.844 -3.757 -3.756
-0.649 -1.943 -2.906 -2.899 -2.924
-2.745 -3.594 -3.674 -3.824 -3.824
-2.745 -3.624 -3.737 -3.779 -3.830
-2.679 -3.732 -3.826 -3.670 -3.669
-2.705 -3.581 -3.658 -3.750 -3.797
-3.653 -5.667 -5.969 -5.793 -5.766
-4.868 -7.273 -7.581 -7.633 -7.631
-2.650 -3.612 -3.713 -3.723 -3.677
-3.302 -5.084 -5.647 -5.390 -5.505
-2.122 -3.445 -3.892 -3.638 -3.677
-3.483 -5.026 -5.968 -5.796 -5.767
-2.725 -3.757 -3.882 -3.711 -3.710
-3.785 -5.409 -5.925 -5.795 -5.764
-3.516 -5.170 -5.930 -5.794 -5.762
-2.551 -3.585 -3.801 -3.648 -3.648
-2.473 -3.606 -3.956 -3.958 -3.738
-1.363 -1.794 -1.881 -1.983 -1.984
-0.643 -2.802 -4.003 -3.748 -3.710
-2.746 -3.676 -3.795 -3.734 -3.801
-1.543 -3.270 -3.662 -3.469 -3.367
-0.838 -1.424 -1.808 -1.984 -1.984
-4.314 -6.278 -7.763 -7.871 -7.630
0.042 -0.469 -0.804 -1.086 -0.845
-2.523 -3.651 -3.870 -3.958 -3.746
-2.689 -3.497 -3.587 -3.820 -3.720
-0.916 -1.428 -1.876 -1.984 -1.985
-1.370 -1.828 -1.882 -1.984 -1.984
-15.834 -22.053 -25.315 -23.331 -22.628
26.606 2.696 -10.026 -10.297 -10.020
-7.131 -10.059 -11.809 -11.863 -11.199
-6.501 -9.087 -9.755 -9.530 -9.502
-4.868 -8.313 -9.775 -9.588 -9.571
-2.775 -7.044 -7.898 -7.949 -7.642
-3.136 -6.987 -7.851 -7.283 -7.283
-6.051 -7.794 -8.004 -8.005 -7.700
-6.136 -7.685 -7.968 -8.002 -7.697
-5.847 -7.675 -7.942 -7.751 -7.700
-6.074 -10.950 -12.175 -11.802 -11.258
-6.285 -8.752 -9.147 -9.497 -9.361
-5.811 -7.820 -7.999 -8.009 -7.707
-3.088 -6.383 -8.110 -7.761 -7.590
-11.740 -15.067 -15.812 -15.434 -15.372
-5.090 -7.926 -9.778 -9.589 -9.571
-4.929 -7.230 -7.799 -8.008 -7.704
-11.296 -14.983 -15.693 -15.695 -15.217
-4.969 -7.195 -7.806 -7.505 -7.504
-5.494 -7.409 -7.619 -7.908 -7.686
-5.804 -7.605 -7.997 -8.007 -7.704
-4.170 -6.651 -7.731 -7.625 -7.551
-2.804 -4.529 -6.965 -6.719 -6.877
-5.332 -7.590 -7.822 -7.500 -7.500
-5.144 -8.698 -11.960 -11.961 -11.473
-5.598 -14.466 -18.920 -18.896 -18.895
-17.126 -22.650 -23.075 -23.124 -23.123
-2.446 -5.717 -8.001 -8.003 -7.698
-9.512 -13.728 -14.435 -13.637 -13.493
-2.223 -4.168 -5.322 -5.539 -5.440
-3.253 -5.106 -5.377 -5.261 -4.983
-12.243 -15.601 -15.841 -15.863 -15.481
-8.525 -11.346 -11.678 -11.181 -11.179
-7.567 -10.540 -11.387 -11.391 -11.046
-5.841 -7.724 -7.961 -7.752 -7.698
-7.622 -11.034 -11.107 -11.099 -11.610
-5.590 -7.306 -7.968 -7.753 -7.705
10.242 1.168 -11.472 -11.883 -11.108
-5.445 -7.211 -7.732 -7.490 -7.489
-4.823 -7.643 -8.949 -8.682 -8.493
-5.391 -7.519 -7.745 -7.782 -7.536
-5.856 -7.810 -7.982 -8.005 -7.702
-4.796 -6.954 -7.273 -7.524 -7.473
-10.083 -14.058 -14.541 -14.550 -14.549
-8.523 -13.783 -15.563 -15.565 -15.566
-4.562 -7.607 -11.154 -11.280 -11.278
-14.990 -20.462 -21.411 -20.556 -20.122
-13.956 -19.341 -19.823 -19.325 -19.323
-14.275 -20.646 -23.163 -23.216 -22.113
-2.746 -3.579 -3.792 -3.859 -3.827
-2.745 -3.624 -3.737 -3.779 -3.830
-2.725 -3.757 -3.882 -3.711 -3.710
-2.794 -3.757 -3.817 -3.693 -3.693
-2.754 -3.627 -3.785 -3.733 -3.780
-2.719 -3.532 -3.684 -3.819 -3.766
-2.390 -3.689 -3.828 -3.651 -3.651
-1.344 -10.868 -17.127 -17.592 -17.450
-8.014 -10.483 -11.383 -11.884 -11.207
-6.339 -8.580 -8.785 -8.895 -8.738
-0.916 -1.428 -1.876 -1.984 -1.985
-6.053 -7.829 -8.000 -8.007 -7.703
-4.623 -7.124 -7.995 -8.007 -7.701
-12.396 -18.445 -19.572 -20.632 -20.634
-3.946 -6.899 -11.512 -11.347 -11.343
-4.187 -5.360 -5.692 -5.699 -5.698
-3.146 -4.959 -5.074 -5.076 -4.744
-2.993 -5.098 -5.735 -5.393 -5.503
-3.977 -7.039 -7.492 -7.549 -7.426
-3.765 -5.186 -5.596 -5.795 -5.761
-3.838 -5.220 -5.966 -5.794 -5.769
-3.629 -5.271 -5.699 -5.643 -5.643
-3.783 -5.305 -5.731 -5.641 -5.641
-3.764 -5.652 -5.919 -5.796 -5.767
-3.630 -5.170 -5.683 -5.593 -5.602
-3.034 -5.165 -5.968 -5.796 -5.768
-4.201 -5.636 -5.752 -5.375 -5.558
-3.742 -5.644 -5.678 -5.681 -5.676
-3.060 -5.437 -5.843 -5.665 -5.595
-2.802 -6.630 -7.962 -7.751 -7.700
-1.928 -3.360 -3.785 -3.734 -3.698
-2.349 -3.618 -3.790 -3.595 -3.661
-2.567 -3.650 -3.843 -3.860 -3.804
-1.341 -2.977 -4.027 -3.961 -3.734
-2.688 -3.728 -3.839 -3.711 -3.709
-1.657 -3.157 -4.054 -3.958 -3.756
-3.371 -4.854 -5.070 -5.073 -4.743
-3.649 -5.760 -5.961 -5.796 -5.765
-1.973 -3.067 -3.753 -3.718 -3.680
-2.733 -3.642 -3.736 -3.846 -3.855
-2.675 -3.597 -3.723 -3.816 -3.770
-2.773 -3.674 -3.765 -3.841 -3.808
-2.668 -3.654 -3.778 -3.796 -3.800
-2.804 -3.613 -3.715 -3.770 -3.823
-2.594 -3.638 -3.825 -3.699 -3.699
-2.789 -3.602 -3.871 -3.706 -3.707
-2.509 -3.490 -3.737 -3.753 -3.783
-1.279 -1.745 -1.813 -1.983 -1.983
-1.254 -1.826 -1.881 -1.984 -1.984
-0.685 -1.591 -2.823 -3.063 -3.033
-1.410 -1.839 -1.878 -1.984 -1.984
-3.298 -5.259 -5.691 -5.734 -5.627
-3.443 -5.156 -5.737 -5.394 -5.506
-1.990 -3.070 -3.606 -3.455 -3.369
-2.723 -3.737 -3.858 -3.960 -3.725
-2.789 -3.750 -3.841 -3.756 -3.755
-1.342 -1.782 -1.800 -1.945 -1.920
26.606 2.696 -10.026 -10.297 -10.020
-7.131 -10.059 -11.809 -11.863 -11.199
-6.010 -8.757 -11.370 -11.371 -11.373
-8.201 -11.169 -11.500 -11.268 -11.270
-5.748 -8.149 -9.754 -9.646 -9.508
-5.382 -8.589 -9.767 -9.588 -9.571
-7.120 -9.590 -9.578 -9.579 -9.571
-6.356 -9.099 -9.742 -9.651 -9.510
-5.398 -9.474 -11.718 -11.652 -11.575
-5.811 -7.820 -7.999 -8.009 -7.707
-3.088 -6.383 -8.110 -7.761 -7.590
-6.114 -8.477 -8.651 -8.715 -8.353
-4.154 -6.829 -7.964 -7.753 -7.704
-5.404 -7.557 -7.770 -7.873 -7.636
-4.643 -7.173 -7.633 -7.445 -7.444
-4.623 -7.071 -7.271 -7.520 -7.470
-5.365 -7.250 -7.822 -7.509 -7.509
-3.585 -6.259 -7.997 -8.007 -7.703
-6.218 -7.702 -7.999 -8.008 -7.706
-5.735 -8.476 -9.450 -9.435 -9.114
-3.734 -6.210 -6.740 -7.032 -6.778
-6.328 -7.788 -8.004 -8.006 -7.703
-6.227 -7.851 -8.001 -8.007 -7.703
-6.777 -9.830 -11.420 -11.302 -11.076
-6.275 -7.888 -8.001 -8.009 -7.706
-7.607 -10.735 -12.181 -11.730 -11.292
-3.663 -9.165 -13.803 -13.225 -13.226
2.303 -6.306 -12.403 -12.408 -12.337
-7.464 -10.776 -11.704 -11.650 -11.572
-5.710 -7.785 -8.007 -8.008 -7.706
-4.525 -7.026 -8.559 -8.587 -8.586
-5.055 -8.489 -8.860 -8.866 -8.459
-5.964 -7.660 -8.003 -8.004 -7.700
-2.223 -4.168 -5.322 -5.539 -5.440
-5.167 -9.137 -10.829 -11.120 -10.732
-7.594 -10.396 -11.113 -11.234 -11.086
-3.875 -7.076 -8.949 -8.559 -8.546
-5.438 -8.063 -8.227 -8.232 -8.131
-6.741 -9.557 -9.641 -9.441 -9.440
-4.584 -6.673 -7.869 -7.546 -7.623
-5.562 -7.406 -7.692 -7.676 -7.676
-5.462 -7.420 -7.669 -7.675 -7.674
-5.426 -7.229 -7.752 -7.682 -7.683
-12.018 -15.461 -15.853 -15.870 -15.486
-12.516 -15.931 -16.319 -16.325 -16.325
-14.677 -18.218 -20.914 -20.965 -20.963
-2.746 -3.579 -3.792 -3.859 -3.827
-10.773 -14.932 -17.250 -17.024 -17.023
-2.745 -3.624 -3.737 -3.779 -3.830
-2.725 -3.757 -3.882 -3.711 -3.710
-1.990 -3.070 -3.606 -3.455 -3.369
-2.794 -3.757 -3.817 -3.693 -3.693
-5.502 -7.572 -7.768 -7.680 -7.679
-2.754 -3.627 -3.785 -3.733 -3.780
-2.675 -3.597 -3.723 -3.816 -3.770
-6.434 -9.818 -11.924 -11.437 -11.386
-2.719 -3.532 -3.684 -3.819 -3.766
-0.284 -5.886 -7.849 -7.192 -7.192
-4.825 -7.407 -7.781 -7.361 -7.398
-0.916 -1.428 -1.876 -1.984 -1.985
-8.890 -14.399 -15.284 -15.584 -15.586
-1.342 -1.782 -1.800 -1.945 -1.920
-7.785 -15.417 -15.925 -15.931 -15.932
-3.287 -4.762 -5.068 -5.074 -4.738
-3.445 -5.480 -5.964 -5.691 -5.691
-3.299 -5.130 -5.954 -5.697 -5.696
-3.223 -4.856 -5.073 -5.075 -4.739
-4.180 -5.795 -5.964 -5.793 -5.765
-3.418 -4.719 -5.065 -5.070 -4.739
-3.346 -4.873 -5.062 -5.074 -4.741
-3.844 -5.495 -5.679 -5.680 -5.679
-4.175 -5.830 -5.970 -5.793 -5.770
-4.332 -5.556 -5.808 -5.622 -5.647
-3.830 -5.494 -5.679 -5.794 -5.757
-2.589 -5.077 -5.722 -5.379 -5.495
-3.785 -5.274 -5.963 -5.797 -5.766
-3.382 -5.376 -5.733 -5.393 -5.498
-3.834 -5.594 -5.961 -5.794 -5.764
-2.742 -3.472 -3.846 -3.958 -3.725
-2.722 -5.616 -5.942 -5.603 -5.729
-3.232 -5.388 -5.852 -5.579 -5.726
-2.559 -3.516 -3.645 -3.644 -3.699
-2.305 -3.573 -3.750 -3.750 -3.685
-3.569 -5.372 -5.734 -5.640 -5.640
-3.492 -5.134 -5.696 -5.741 -5.608
-2.703 -3.758 -3.800 -3.688 -3.689
-5.369 -7.568 -7.973 -7.753 -7.703
-2.769 -3.522 -3.790 -3.862 -3.804
-2.742 -3.756 -3.856 -3.961 -3.722
-2.808 -3.652 -3.813 -3.707 -3.707
-2.771 -3.604 -3.796 -3.747 -3.706
-3.416 -4.919 -5.069 -5.076 -4.741
-2.645 -3.756 -3.875 -3.960 -3.750
-3.844 -5.540 -5.695 -5.641 -5.641
-2.629 -3.726 -3.881 -3.962 -3.725
-1.806 -3.322 -3.988 -3.793 -3.820
-3.745 -5.524 -5.970 -5.736 -5.714
-2.797 -3.527 -3.735 -3.747 -3.668
-2.772 -3.629 -3.734 -3.856 -3.822
-1.466 -1.816 -1.878 -1.984 -1.984
-1.375 -1.819 -1.881 -1.984 -1.984
-1.291 -1.784 -1.870 -1.983 -1.934
-2.272 -3.420 -3.619 -3.644 -3.644
-2.393 -3.577 -3.743 -3.748 -3.692
-2.878 -4.430 -4.850 -4.874 -4.874
-1.426 -1.810 -1.873 -1.984 -1.984
-2.733 -3.674 -3.765 -3.823 -3.781
-1.404 -1.799 -1.880 -1.983 -1.983
-3.265 -5.151 -5.496 -5.512 -5.435
26.606 2.696 -10.026 -10.297 -10.020
-7.131 -10.059 -11.809 -11.863 -11.199
-5.811 -7.820 -7.999 -8.009 -7.707
-3.088 -6.383 -8.110 -7.761 -7.590
-7.418 -10.655 -11.412 -11.417 -11.381
-5.068 -8.026 -9.774 -9.589 -9.572
-8.248 -11.352 -11.764 -11.480 -11.401
10.568 -7.488 -11.109 -11.156 -11.043
-4.512 -7.166 -7.807 -7.193 -7.194
-7.956 -13.026 -15.701 -15.140 -15.123
-9.853 -13.705 -15.556 -15.588 -15.459
-7.103 -10.939 -11.226 -11.239 -10.935
-5.099 -7.976 -8.773 -8.794 -8.771
-5.537 -6.993 -7.687 -7.679 -7.678
-6.213 -7.637 -7.997 -8.008 -7.705
-5.179 -7.248 -7.761 -7.424 -7.422
-4.844 -7.336 -7.747 -7.560 -7.559
-11.677 -14.243 -16.819 -14.953 -14.950
-5.280 -8.200 -9.577 -9.424 -9.347
-5.326 -7.231 -7.414 -7.546 -7.548
-6.254 -7.638 -7.992 -8.008 -7.704
-3.944 -6.585 -7.973 -7.754 -7.705
-5.094 -7.050 -7.677 -7.752 -7.703
2.185 -3.065 -7.394 -7.483 -7.305
-10.370 -16.667 -19.715 -19.135 -19.134
-7.690 -11.130 -11.603 -11.414 -11.283
-3.838 -5.437 -5.723 -5.641 -5.640
-1.819 -4.556 -5.971 -5.693 -5.693
-4.140 -6.642 -7.481 -7.451 -7.205
-2.223 -4.168 -5.322 -5.539 -5.440
-3.825 -5.557 -5.971 -5.796 -5.762
-3.885 -5.529 -5.734 -5.640 -5.639
6.823 -1.531 -14.532 -15.102 -14.828
-9.910 -14.341 -14.710 -14.745 -14.744
-6.779 -11.098 -12.336 -12.341 -12.341
-14.048 -19.167 -19.821 -19.325 -19.324
-5.243 -7.946 -8.426 -8.573 -8.356
1.414 -1.731 -5.663 -8.670 -8.610
-5.521 -9.133 -10.266 -9.874 -9.875
-7.288 -9.678 -9.855 -9.445 -9.444
-6.274 -7.593 -8.006 -8.007 -7.702
-0.366 -8.536 -15.661 -15.420 -15.292
-7.672 -10.641 -10.874 -11.163 -11.453
5.978 -1.174 -6.348 -6.362 -6.362
0.290 -3.970 -15.561 -15.042 -15.042
-10.068 -14.176 -15.723 -15.218 -14.878
-2.746 -3.579 -3.792 -3.859 -3.827
-2.745 -3.624 -3.737 -3.779 -3.830
-2.725 -3.757 -3.882 -3.711 -3.710
-7.884 -13.303 -14.356 -14.365 -14.365
-1.990 -3.070 -3.606 -3.455 -3.369
-2.393 -3.577 -3.743 -3.748 -3.692
-2.272 -3.420 -3.619 -3.644 -3.644
-2.754 -3.627 -3.785 -3.733 -3.780
-2.675 -3.597 -3.723 -3.816 -3.770
-2.719 -3.532 -3.684 -3.819 -3.766
-4.381 -6.786 -7.781 -7.681 -7.681
-7.697 -10.739 -11.963 -11.964 -11.459
-5.234 -8.188 -9.626 -9.545 -9.378
-5.788 -7.759 -7.994 -8.005 -7.703
-5.085 -7.701 -12.023 -11.093 -11.092
-7.882 -11.339 -11.902 -11.367 -11.317
-0.916 -1.428 -1.876 -1.984 -1.985
-11.192 -17.838 -22.896 -22.925 -22.924
-1.749 -11.718 -23.386 -22.765 -22.764
-3.916 -5.285 -5.581 -5.703 -5.703
-3.395 -5.190 -5.822 -5.971 -5.708
-3.263 -4.875 -5.064 -5.074 -4.740
-3.997 -5.322 -5.903 -5.610 -5.791
-3.600 -5.355 -5.584 -5.675 -5.661
-4.268 -5.558 -5.751 -5.588 -5.659
-4.179 -5.681 -5.862 -5.584 -5.734
-3.074 -4.691 -4.840 -5.134 -5.134
-3.516 -5.087 -5.552 -5.351 -5.454
-4.006 -5.387 -5.729 -5.640 -5.640
-2.712 -3.705 -3.831 -3.709 -3.707
-1.893 -2.981 -3.608 -3.609 -3.635
-2.676 -3.650 -3.872 -3.668 -3.667
-3.434 -5.356 -5.957 -5.702 -5.701
-3.618 -5.351 -5.970 -5.795 -5.767
-2.680 -4.169 -5.424 -5.308 -5.453
-1.789 -3.110 -3.599 -3.594 -3.470
-2.716 -3.655 -3.752 -3.830 -3.798
-2.657 -3.485 -3.605 -3.388 -3.376
-2.835 -3.700 -3.793 -3.959 -3.700
-3.503 -4.934 -5.965 -5.796 -5.766
-3.678 -5.375 -5.877 -5.640 -5.794
-1.829 -3.073 -3.692 -3.697 -3.644
-2.662 -3.596 -3.692 -3.744 -3.794
-3.677 -5.826 -5.970 -5.795 -5.761
-3.074 -4.615 -5.727 -5.391 -5.501
-2.772 -3.652 -3.722 -3.739 -3.713
-2.459 -3.503 -3.681 -3.837 -3.844
-2.793 -3.630 -3.827 -3.661 -3.661
-3.188 -5.235 -5.975 -5.557 -5.812
-1.523 -3.299 -3.585 -3.832 -3.877
-2.626 -3.634 -3.762 -3.728 -3.788
-1.891 -3.619 -3.798 -3.740 -3.754
-0.410 -1.377 -3.872 -3.833 -3.877
-2.649 -3.738 -3.935 -3.961 -3.716
-2.669 -3.689 -3.841 -3.710 -3.709
-1.318 -1.751 -1.882 -1.984 -1.984
-2.694 -3.636 -3.739 -3.740 -3.733
-2.773 -3.626 -3.744 -3.746 -3.680
-3.043 -4.935 -5.679 -5.621 -5.621
-1.291 -1.676 -1.810 -1.981 -1.982
-1.376 -1.780 -1.873 -1.984 -1.984
-2.305 -3.463 -3.727 -3.961 -3.725
-1.297 -1.814 -1.911 -1.982 -1.982
-1.336 -1.803 -1.880 -1.984 -1.936
-1.369 -1.789 -1.876 -1.984 -1.984
26.606 2.696 -10.026 -10.297 -10.020
-5.811 -7.820 -7.999 -8.009 -7.707
-3.088 -6.383 -8.110 -7.761 -7.590
-5.641 -7.222 -7.762 -7.767 -7.574
-8.298 -12.325 -13.746 -13.144 -13.086
-6.039 -9.762 -11.943 -11.957 -11.461
-4.438 -7.006 -7.605 -7.508 -7.354
-4.694 -7.027 -7.507 -7.458 -7.212
-11.754 -15.347 -15.582 -15.595 -15.595
-6.232 -7.881 -7.972 -8.008 -7.706
-3.797 -5.232 -5.968 -5.795 -5.756
-2.632 -4.236 -5.076 -5.076 -4.744
-2.980 -4.405 -5.407 -5.495 -5.330
-3.133 -5.151 -5.526 -5.082 -5.272
-9.893 -17.186 -18.001 -18.002 -18.001
-6.579 -9.950 -11.719 -11.651 -11.579
-5.232 -8.068 -8.638 -8.427 -8.427
-2.223 -4.168 -5.322 -5.539 -5.440
-4.889 -6.898 -8.021 -7.670 -7.530
-3.729 -5.425 -6.053 -5.645 -5.705
-8.286 -11.874 -13.751 -13.456 -13.329
-6.018 -9.699 -10.405 -10.750 -10.764
15.328 2.851 -14.679 -14.737 -14.735
11.660 -14.827 -17.526 -17.532 -17.532
-8.096 -10.867 -11.961 -11.420 -11.380
-4.594 -6.579 -7.969 -7.753 -7.701
-9.439 -14.106 -14.554 -14.570 -14.570
-6.987 -10.320 -11.615 -11.401 -11.402
-5.138 -8.191 -9.064 -9.213 -9.032
22.904 1.203 -7.611 -7.522 -7.522
-5.253 -7.431 -7.753 -7.761 -7.586
-4.675 -7.473 -7.741 -7.682 -7.682
-3.755 -6.367 -7.974 -7.754 -7.705
-4.003 -6.780 -7.641 -7.696 -7.601
-3.129 -4.919 -5.053 -5.070 -4.738
-3.039 -4.639 -5.068 -5.074 -4.740
-8.063 -11.065 -11.506 -11.287 -11.287
-2.921 -4.856 -5.593 -5.680 -5.679
-3.421 -4.947 -5.057 -5.073 -4.741
-3.157 -6.664 -14.858 -15.231 -15.228
-8.862 -16.335 -22.910 -23.237 -23.240
-7.894 -10.936 -11.368 -11.437 -11.384
-3.785 -6.231 -6.375 -6.382 -6.382
-5.875 -7.581 -7.956 -7.752 -7.703
-5.571 -7.656 -7.961 -7.751 -7.702
-3.244 -4.860 -5.955 -5.679 -5.679
-10.481 -17.426 -18.092 -18.081 -18.081
-2.746 -3.579 -3.792 -3.859 -3.827
-2.745 -3.624 -3.737 -3.779 -3.830
-2.725 -3.757 -3.882 -3.711 -3.710
-1.990 -3.070 -3.606 -3.455 -3.369
-2.393 -3.577 -3.743 -3.748 -3.692
-2.305 -3.463 -3.727 -3.961 -3.725
-2.657 -3.485 -3.605 -3.388 -3.376
-2.272 -3.420 -3.619 -3.644 -3.644
-2.754 -3.627 -3.785 -3.733 -3.780
-2.675 -3.597 -3.723 -3.816 -3.770
-10.508 -16.769 -17.670 -17.370 -17.370
-3.836 -5.325 -5.726 -5.583 -5.546
-3.388 -4.907 -5.069 -5.072 -4.742
-3.798 -5.140 -5.884 -5.794 -5.766
-2.340 -3.615 -3.713 -3.715 -3.636
-2.491 -3.382 -3.796 -3.744 -3.734
-1.376 -1.780 -1.873 -1.984 -1.984
-3.798 -5.709 -5.936 -5.796 -5.766
-3.866 -5.741 -5.966 -5.796 -5.766
-4.155 -5.543 -5.732 -5.641 -5.640
-1.755 -8.971 -24.208 -23.004 -23.006
-2.578 -3.452 -3.889 -3.961 -3.737
-2.129 -3.176 -3.831 -3.710 -3.709
-2.852 -3.607 -3.675 -3.838 -3.786
-2.547 -3.470 -3.745 -3.824 -3.803
-2.753 -3.682 -3.947 -3.959 -3.755
-2.640 -3.488 -3.776 -3.848 -3.855
-11.329 -18.542 -21.673 -21.722 -21.720
-2.855 -3.779 -3.838 -3.709 -3.710
-1.598 -3.303 -3.769 -3.734 -3.734
-2.511 -3.652 -3.807 -3.693 -3.693
-2.853 -3.694 -3.889 -3.707 -3.706
-1.594 -3.021 -3.651 -3.679 -3.548
-2.730 -3.646 -3.957 -3.961 -3.746
-2.665 -3.729 -3.823 -3.692 -3.692
-3.855 -5.316 -5.935 -5.700 -5.700
-2.704 -3.721 -3.859 -3.962 -3.713
-2.051 -3.429 -3.802 -3.744 -3.725
-2.753 -3.630 -3.762 -3.844 -3.805
-4.013 -5.487 -5.673 -5.640 -5.639
-4.175 -5.808 -5.968 -5.796 -5.765
-2.708 -3.585 -3.685 -3.833 -3.777
-0.146 -3.305 -3.784 -3.858 -3.823
-2.553 -3.736 -3.795 -3.708 -3.708
-1.921 -3.609 -3.840 -3.744 -3.744
-2.039 -3.585 -3.815 -3.961 -3.712
-2.363 -3.394 -4.060 -3.959 -3.754
-3.915 -5.352 -5.576 -5.702 -5.702
-2.921 -4.472 -4.803 -4.856 -4.742
-1.344 -1.842 -1.876 -1.984 -1.936
-3.108 -5.220 -5.965 -5.796 -5.767
-1.457 -1.779 -1.873 -1.983 -1.983
-2.719 -3.684 -3.793 -3.797 -3.821
-2.515 -3.791 -3.961 -3.961 -3.737
-2.766 -3.655 -3.748 -3.750 -3.683
-2.524 -3.587 -3.957 -3.959 -3.747
-1.396 -1.724 -1.812 -1.952 -1.964
-1.153 -1.666 -1.879 -1.984 -1.984
-1.290 -1.672 -1.811 -1.984 -1.985
-1.247 -1.769 -1.880 -1.983 -1.984
26.606 2.696 -10.026 -10.297 -10.020
-5.811 -7.820 -7.999 -8.009 -7.707
-3.088 -6.383 -8.110 -7.761 -7.590
-5.775 -7.838 -7.995 -8.007 -7.706
-1.246 -8.054 -9.505 -9.507 -9.507
-5.478 -8.197 -8.561 -8.571 -8.573
-6.107 -9.377 -9.748 -9.533 -9.507
1.549 -3.271 -7.964 -7.751 -7.700
-2.354 -4.327 -7.619 -7.974 -7.659
-5.714 -7.510 -7.650 -7.597 -7.431
-6.271 -7.628 -7.998 -8.007 -7.703
-5.806 -7.812 -7.996 -8.005 -7.701
-5.787 -7.875 -8.004 -8.006 -7.702
-5.821 -7.871 -8.005 -8.006 -7.700
-11.737 -14.990 -15.589 -15.593 -15.594
-5.954 -8.707 -9.468 -9.585 -9.510
-6.348 -7.565 -7.988 -8.005 -7.703
-3.836 -5.325 -5.726 -5.583 -5.546
-4.691 -7.077 -7.523 -7.529 -7.528
-5.878 -7.855 -8.006 -8.007 -7.701
-5.702 -7.845 -7.999 -8.007 -7.703
-4.943 -7.447 -7.583 -7.491 -7.308
-2.877 -4.622 -5.075 -5.075 -4.742
-3.559 -5.265 -5.943 -5.701 -5.701
-3.335 -4.879 -5.058 -5.072 -4.738
-1.547 -3.824 -5.068 -5.076 -4.743
-3.450 -5.401 -5.970 -5.794 -5.770
-5.129 -7.247 -7.971 -7.753 -7.704
-3.050 -4.460 -5.731 -5.393 -5.512
-4.568 -6.752 -7.646 -7.621 -7.615
-9.817 -13.139 -12.906 -13.069 -13.286
-15.866 -21.682 -22.178 -22.364 -22.046
-11.067 -15.662 -18.480 -18.500 -18.499
-2.073 -7.768 -15.917 -15.990 -15.989
-5.122 -7.485 -8.005 -8.007 -7.800
-3.369 -5.318 -5.938 -5.658 -5.709
-5.465 -7.566 -7.852 -7.192 -7.192
-5.971 -7.813 -7.992 -8.008 -7.706
-6.255 -7.714 -7.999 -8.007 -7.703
-5.621 -8.365 -9.698 -9.708 -9.708
-6.940 -9.784 -11.284 -11.414 -11.140
-5.896 -9.097 -9.667 -9.496 -9.420
-4.782 -7.134 -7.844 -7.188 -7.187
-3.364 -4.817 -5.067 -5.073 -4.741
-11.014 -14.884 -15.579 -15.585 -15.584
-9.481 -14.217 -15.424 -15.428 -15.429
-2.553 -3.736 -3.795 -3.708 -3.708
-2.746 -3.579 -3.792 -3.859 -3.827
-2.745 -3.624 -3.737 -3.779 -3.830
-1.990 -3.070 -3.606 -3.455 -3.369
-2.393 -3.577 -3.743 -3.748 -3.692
-1.598 -3.303 -3.769 -3.734 -3.734
-1.594 -3.021 -3.651 -3.679 -3.548
-10.250 -16.683 -24.247 -23.053 -23.053
-2.305 -3.463 -3.727 -3.961 -3.725
-2.657 -3.485 -3.605 -3.388 -3.376
-2.272 -3.420 -3.619 -3.644 -3.644
-2.754 -3.627 -3.785 -3.733 -3.780
-6.003 -13.741 -23.312 -23.393 -23.393
-3.938 -7.129 -9.751 -9.647 -9.507
-5.772 -8.345 -9.760 -9.649 -9.507
-5.369 -7.377 -7.796 -7.501 -7.500
-12.864 -16.987 -18.279 -17.209 -17.208
-9.127 -17.797 -23.195 -23.209 -23.208
-3.704 -5.328 -5.581 -5.794 -5.771
-2.493 -3.414 -3.886 -3.756 -3.756
-3.912 -5.548 -5.626 -5.680 -5.679
-2.866 -4.711 -5.553 -5.870 -5.749
-3.491 -5.179 -5.924 -5.728 -5.604
0.315 -4.573 -5.737 -5.395 -5.514
-2.377 -3.513 -3.872 -3.752 -3.751
-2.133 -3.635 -3.734 -3.742 -3.698
-2.215 -3.507 -3.957 -3.961 -3.739
-2.530 -3.436 -3.656 -3.669 -3.727
-2.312 -3.624 -3.874 -3.962 -3.735
-2.244 -3.421 -3.523 -3.814 -3.814
-2.451 -3.573 -3.889 -3.962 -3.734
-2.687 -3.586 -3.884 -3.961 -3.744
-2.102 -3.542 -3.738 -3.862 -3.809
-2.427 -3.736 -3.884 -3.627 -3.658
-2.716 -3.671 -3.646 -3.659 -3.667
-2.606 -3.743 -3.864 -3.962 -3.724
-4.064 -5.566 -5.494 -5.471 -5.537
-2.555 -3.529 -3.959 -3.961 -3.730
-2.647 -3.620 -3.714 -3.716 -3.673
33.725 21.575 -7.751 -7.631 -7.628
-2.516 -3.098 -3.503 -2.940 -2.941
-2.454 -3.460 -3.702 -3.716 -3.707
-2.812 -3.746 -3.843 -3.716 -3.716
-2.824 -3.556 -3.750 -3.863 -3.805
-2.744 -3.679 -3.736 -3.862 -3.814
-2.623 -3.496 -3.656 -3.673 -3.679
-2.836 -3.663 -3.841 -3.712 -3.712
-1.395 -3.357 -3.591 -3.858 -3.820
-2.201 -3.471 -3.795 -3.746 -3.725
-2.618 -3.422 -3.872 -3.651 -3.687
-2.611 -3.469 -3.981 -3.961 -3.737
-2.459 -3.410 -3.889 -3.607 -3.724
-2.084 -3.554 -3.959 -3.962 -3.728
-2.464 -3.729 -3.961 -3.833 -3.881
-1.372 -1.812 -1.878 -1.982 -1.982
-1.356 -1.797 -1.908 -1.983 -1.983
-1.301 -1.702 -1.880 -1.983 -1.983
-2.481 -3.629 -3.737 -3.745 -3.682
-2.593 -3.148 -4.061 -3.959 -3.758
-1.197 -1.697 -1.818 -1.982 -1.982
-2.742 -4.843 -5.688 -5.697 -5.576
-2.606 -3.737 -3.888 -3.959 -3.749
-1.359 -1.836 -1.909 -1.985 -1.936
-1.388 -1.814 -1.859 -1.982 -1.983
-1.382 -1.760 -1.820 -1.983 -1.983
26.606 2.696 -10.026 -10.297 -10.020
-5.811 -7.820 -7.999 -8.009 -7.707
-3.088 -6.383 -8.110 -7.761 -7.590
-5.603 -8.931 -9.754 -9.652 -9.511
-1.611 -4.865 -7.766 -7.731 -7.585
-6.161 -7.651 -8.004 -8.005 -7.700
-6.067 -7.832 -8.003 -8.006 -7.704
-5.797 -7.883 -8.000 -8.008 -7.704
-5.886 -7.853 -8.002 -8.004 -7.702
-3.333 -5.080 -5.731 -5.642 -5.642
-3.108 -5.116 -5.727 -5.680 -5.680
-5.837 -8.209 -8.959 -9.085 -9.012
-5.524 -7.100 -7.655 -7.776 -7.525
-6.237 -7.701 -8.005 -8.006 -7.702
-4.184 -6.886 -7.716 -7.549 -7.371
-3.362 -4.699 -4.876 -4.783 -4.664
-3.599 -5.363 -5.937 -5.731 -5.617
-2.943 -4.538 -5.735 -5.640 -5.640
-3.938 -5.435 -5.684 -5.613 -5.636
-3.836 -5.325 -5.726 -5.583 -5.546
-2.926 -4.309 -4.535 -4.620 -4.454
-1.558 -4.203 -5.419 -5.733 -5.599
-10.436 -14.317 -15.088 -15.090 -15.090
-5.081 -8.547 -11.928 -11.941 -11.493
-5.254 -8.666 -9.610 -9.246 -9.247
-9.631 -14.288 -14.754 -14.998 -14.997
-3.609 -11.492 -15.157 -15.164 -15.163
-6.476 -9.990 -11.114 -11.436 -11.271
-15.664 -21.520 -22.018 -22.035 -22.034
-6.288 -7.781 -8.003 -8.004 -7.698
-6.268 -7.660 -8.006 -8.008 -7.706
-4.790 -7.135 -7.819 -7.509 -7.508
-3.047 -4.423 -5.231 -5.392 -5.260
-3.224 -5.226 -5.969 -5.796 -5.765
-1.613 -8.917 -11.444 -11.329 -11.097
-3.067 -4.480 -5.738 -5.680 -5.680
-3.379 -4.731 -5.073 -5.073 -4.744
-2.755 -4.502 -5.929 -5.796 -5.769
-3.472 -5.426 -5.733 -5.734 -5.606
-5.636 -8.369 -8.992 -9.171 -9.034
-6.405 -12.896 -14.454 -14.469 -14.111
-1.212 -8.686 -15.155 -15.712 -15.314
6.751 -8.749 -15.854 -15.865 -15.480
-12.183 -20.259 -24.414 -22.784 -22.782
-7.479 -11.880 -15.370 -14.175 -14.175
0.071 -4.388 -11.209 -11.010 -11.011
-2.553 -3.736 -3.795 -3.708 -3.708
-5.647 -7.379 -8.007 -8.007 -7.703
-5.864 -7.256 -7.812 -7.498 -7.498
-4.580 -7.007 -7.749 -7.755 -7.576
-3.707 -13.853 -17.285 -16.951 -16.952
-2.746 -3.579 -3.792 -3.859 -3.827
-2.745 -3.624 -3.737 -3.779 -3.830
-1.990 -3.070 -3.606 -3.455 -3.369
-3.968 -6.372 -7.723 -7.725 -7.575
-2.393 -3.577 -3.743 -3.748 -3.692
-1.598 -3.303 -3.769 -3.734 -3.734
-1.594 -3.021 -3.651 -3.679 -3.548
-2.305 -3.463 -3.727 -3.961 -3.725
-2.657 -3.485 -3.605 -3.388 -3.376
-2.272 -3.420 -3.619 -3.644 -3.644
-2.754 -3.627 -3.785 -3.733 -3.780
-12.103 -18.155 -23.585 -23.112 -23.111
-7.179 -14.882 -23.216 -22.091 -22.088
-2.414 -3.407 -3.830 -3.662 -3.661
-2.459 -3.460 -3.752 -3.962 -3.723
-3.805 -5.651 -5.958 -5.796 -5.766
-2.029 -5.015 -5.965 -5.793 -5.763
-2.667 -3.702 -3.844 -3.755 -3.754
-2.579 -3.713 -3.841 -3.713 -3.712
-3.584 -5.299 -5.482 -5.482 -5.344
-3.603 -5.376 -5.684 -5.795 -5.764
-2.385 -3.451 -3.879 -3.960 -3.750
-1.096 -3.225 -3.886 -3.831 -3.897
-2.319 -3.421 -3.791 -3.798 -3.824
-2.206 -3.694 -3.846 -3.808 -3.733
-2.367 -3.080 -3.189 -2.940 -2.939
-2.624 -3.728 -3.960 -3.960 -3.741
-2.712 -3.554 -3.873 -3.960 -3.743
-2.771 -3.631 -3.838 -3.755 -3.754
-2.483 -3.160 -3.788 -3.833 -3.873
-2.720 -3.656 -3.784 -3.851 -3.818
-1.070 -3.892 -5.071 -5.072 -4.736
-2.475 -3.574 -3.886 -3.960 -3.749
-3.700 -5.171 -5.736 -5.394 -5.518
0.009 -2.997 -3.671 -3.859 -3.824
-4.175 -5.555 -5.734 -5.641 -5.640
-2.843 -3.687 -3.791 -3.738 -3.770
-2.760 -3.737 -3.825 -3.710 -3.710
-2.474 -3.476 -3.960 -3.961 -3.734
-2.749 -3.721 -3.842 -3.710 -3.710
-2.564 -3.489 -3.578 -3.962 -3.728
-1.737 -3.090 -3.537 -3.744 -3.661
-2.801 -3.694 -3.847 -3.707 -3.707
-2.352 -3.587 -3.960 -3.687 -3.687
-1.837 -3.073 -3.815 -3.961 -3.734
-2.749 -3.737 -3.889 -3.708 -3.707
-2.484 -3.492 -3.955 -3.960 -3.747
-2.515 -3.693 -3.957 -3.960 -3.739
25.505 14.414 -18.398 -18.652 -18.653
-2.467 -3.400 -4.044 -3.960 -3.749
-4.082 -5.789 -5.967 -5.792 -5.767
-2.445 -3.516 -3.671 -3.669 -3.692
-1.430 -1.813 -1.865 -1.982 -1.983
-2.223 -3.091 -3.801 -3.746 -3.723
-2.603 -3.805 -3.678 -3.962 -3.729
-2.449 -3.196 -3.891 -3.715 -3.715
-1.247 -1.747 -1.879 -1.984 -1.984
-1.349 -1.833 -1.881 -1.984 -1.984
-1.335 -1.808 -1.877 -1.984 -1.935
-1.362 -1.812 -1.913 -1.983 -1.983
26.606 2.696 -10.026 -10.297 -10.020
-5.081 -8.547 -11.928 -11.941 -11.493
-4.773 -7.947 -8.773 -8.794 -8.705
-5.201 -7.743 -8.599 -8.613 -8.228
-3.325 -6.914 -8.008 -8.008 -7.704
-3.716 -6.842 -7.647 -7.286 -7.286
-4.936 -6.793 -7.663 -7.456 -7.455
-3.787 -6.074 -7.511 -7.694 -7.583
-5.329 -9.874 -11.437 -11.459 -11.320
-3.250 -4.914 -5.072 -5.072 -4.743
-5.819 -7.848 -8.003 -8.006 -7.702
-5.726 -7.782 -8.001 -8.007 -7.704
-3.347 -4.933 -5.072 -5.074 -4.737
-3.523 -4.919 -5.046 -5.065 -4.731
-3.300 -4.874 -5.040 -5.073 -4.740
-3.256 -4.739 -5.034 -5.069 -4.734
-1.780 -4.072 -5.956 -5.697 -5.696
-5.732 -8.451 -9.708 -9.709 -9.709
-3.068 -4.658 -4.854 -5.075 -4.740
-4.576 -6.918 -7.974 -7.753 -7.701
-3.937 -6.481 -7.282 -7.523 -7.472
-3.836 -5.325 -5.726 -5.583 -5.546
-3.120 -4.799 -5.067 -5.075 -4.740
-10.449 -14.897 -15.405 -15.410 -15.409
-5.533 -10.050 -12.652 -12.658 -12.473
-5.367 -8.652 -10.305 -11.709 -11.404
-6.317 -7.757 -7.996 -8.005 -7.702
-3.269 -5.344 -5.734 -5.641 -5.641
-3.830 -5.282 -5.572 -5.703 -5.703
-3.401 -4.730 -5.069 -5.073 -4.741
-6.441 -9.371 -9.580 -9.503 -8.909
-5.379 -8.282 -8.983 -8.975 -8.974
-6.258 -7.632 -8.006 -8.007 -7.704
-6.120 -7.756 -8.007 -8.007 -7.702
-6.124 -7.569 -8.002 -8.004 -7.700
-5.789 -7.803 -7.998 -8.008 -7.704
-2.998 -4.522 -5.700 -5.702 -5.703
-5.149 -7.901 -8.919 -9.077 -9.010
-6.274 -7.623 -8.001 -8.006 -7.701
-9.619 -14.087 -14.781 -14.790 -14.790
15.237 10.879 -5.437 -5.680 -5.448
-7.340 -13.439 -14.353 -14.362 -14.361
-9.066 -12.417 -13.034 -13.089 -13.240
-4.973 -7.201 -7.491 -7.871 -7.638
-5.603 -7.518 -8.003 -8.007 -7.705
-4.274 -7.088 -8.006 -8.006 -7.703
-2.553 -3.736 -3.795 -3.708 -3.708
-1.096 -3.225 -3.886 -3.831 -3.897
-2.746 -3.579 -3.792 -3.859 -3.827
-5.379 -7.378 -7.522 -7.524 -7.505
-2.817 -5.491 -6.729 -6.712 -6.712
-2.745 -3.624 -3.737 -3.779 -3.830
-1.990 -3.070 -3.606 -3.455 -3.369
-2.393 -3.577 -3.743 -3.748 -3.692
-1.598 -3.303 -3.769 -3.734 -3.734
-11.554 -18.838 -21.845 -22.387 -22.388
-1.594 -3.021 -3.651 -3.679 -3.548
-2.305 -3.463 -3.727 -3.961 -3.725
-2.657 -3.485 -3.605 -3.388 -3.376
-2.272 -3.420 -3.619 -3.644 -3.644
-7.427 -15.039 -23.402 -23.190 -23.188
-3.697 -5.786 -5.967 -5.795 -5.764
-2.954 -4.817 -5.052 -5.072 -4.739
-4.110 -5.500 -5.657 -5.587 -5.584
-3.783 -5.815 -5.971 -5.796 -5.763
-3.745 -5.714 -5.967 -5.796 -5.766
-3.764 -5.825 -5.967 -5.796 -5.764
-2.539 -3.520 -3.800 -3.960 -3.723
-2.762 -3.573 -3.873 -3.709 -3.710
-1.247 -1.747 -1.879 -1.984 -1.984
-2.150 -3.498 -3.779 -3.728 -3.775
-2.337 -3.500 -3.877 -3.961 -3.741
-2.600 -3.638 -3.841 -3.711 -3.710
-3.941 -5.448 -5.811 -5.693 -5.580
-3.612 -5.298 -5.407 -5.446 -5.306
-3.611 -5.522 -5.682 -5.796 -5.766
-3.826 -5.455 -5.612 -5.685 -5.679
-2.619 -3.732 -3.846 -3.831 -3.899
-3.500 -4.915 -5.071 -5.073 -4.742
-2.748 -3.631 -3.819 -3.698 -3.697
-3.764 -5.706 -5.967 -5.795 -5.757
-2.503 -3.630 -3.699 -3.709 -3.642
-2.908 -3.603 -3.708 -3.862 -3.795
-3.006 -5.328 -5.734 -5.392 -5.497
-3.712 -5.762 -5.965 -5.797 -5.767
-2.428 -3.597 -3.743 -3.748 -3.669
-3.764 -5.797 -5.970 -5.796 -5.768
-2.777 -3.777 -3.839 -3.709 -3.709
-2.772 -3.668 -3.755 -3.835 -3.808
-2.675 -3.713 -3.879 -3.591 -3.683
-0.244 -3.102 -3.818 -3.811 -3.811
-2.472 -3.775 -3.603 -3.592 -3.686
-2.527 -3.576 -3.801 -3.859 -3.823
-2.387 -3.442 -3.892 -3.682 -3.687
-2.308 -3.585 -3.731 -3.752 -3.791
-2.041 -3.570 -3.753 -3.823 -3.787
-2.741 -3.576 -3.799 -3.747 -3.712
-2.840 -3.696 -3.822 -3.755 -3.755
-2.786 -3.659 -3.786 -3.960 -3.744
-2.295 -3.634 -3.664 -3.659 -3.671
-2.827 -3.747 -3.818 -3.755 -3.755
-2.665 -3.711 -3.960 -3.960 -3.746
-2.572 -3.443 -4.056 -3.962 -3.738
-1.439 -1.781 -1.881 -1.984 -1.984
-1.394 -1.821 -1.848 -1.984 -1.936
-1.269 -1.754 -1.816 -1.920 -1.920
-1.419 -1.841 -1.881 -1.984 -1.984
-1.458 -1.775 -1.881 -1.984 -1.984
-1.374 -1.744 -1.879 -1.984 -1.985
-1.419 -1.824 -1.878 -1.984 -1.984
26.606 2.696 -10.026 -10.297 -10.020
-3.836 -5.325 -5.726 -5.583 -5.546
-8.104 -11.345 -11.612 -11.649 -11.572
0.308 -4.879 -9.751 -9.530 -9.505
-9.937 -14.997 -15.813 -15.692 -15.239
-5.253 -7.210 -8.005 -8.006 -7.702
-7.032 -10.876 -12.182 -11.805 -11.302
-2.723 -3.648 -3.877 -3.259 -3.191
-5.694 -7.704 -7.999 -8.002 -7.700
-6.314 -7.849 -7.993 -8.009 -7.706
-5.880 -7.816 -8.004 -8.006 -7.703
-5.793 -7.825 -7.978 -8.008 -7.705
-3.030 -4.547 -5.282 -5.614 -5.484
-3.278 -4.682 -5.073 -5.076 -4.741
-3.498 -5.438 -5.735 -5.394 -5.499
-3.293 -5.257 -5.967 -5.795 -5.769
-5.787 -7.755 -8.003 -8.004 -7.700
-3.845 -6.572 -7.680 -7.591 -7.496
-2.990 -5.095 -5.803 -5.702 -5.744
-3.011 -4.815 -5.068 -5.069 -4.736
-3.174 -4.564 -5.067 -5.077 -4.744
-3.133 -4.933 -5.067 -5.075 -4.741
-2.528 -5.218 -5.730 -5.391 -5.422
-2.475 -3.558 -3.687 -3.850 -3.858
-2.743 -3.727 -3.827 -3.669 -3.668
-1.380 -3.303 -3.569 -3.576 -3.742
-4.491 -8.843 -11.046 -11.192 -10.926
-6.467 -15.883 -17.415 -17.402 -17.405
-7.211 -9.365 -9.753 -9.530 -9.503
-3.605 -5.490 -5.626 -5.677 -5.677
-11.363 -19.231 -22.243 -22.240 -21.829
-7.024 -16.744 -20.878 -20.357 -20.356
-4.256 -7.588 -8.718 -8.820 -8.716
-6.165 -7.734 -8.003 -8.004 -7.700
-6.274 -7.681 -7.987 -8.006 -7.704
-3.595 -5.224 -5.715 -5.742 -5.610
-3.585 -5.352 -5.969 -5.796 -5.769
-3.751 -5.799 -5.968 -5.796 -5.765
-2.762 -3.643 -3.869 -3.962 -3.730
-7.026 -12.083 -12.397 -12.201 -11.604
-10.252 -14.022 -15.202 -15.244 -15.244
-8.620 -13.100 -15.938 -15.538 -15.358
-2.553 -3.736 -3.795 -3.708 -3.708
-1.096 -3.225 -3.886 -3.831 -3.897
-5.194 -7.520 -7.819 -7.888 -7.709
-8.678 -14.791 -19.311 -19.314 -19.315
-2.746 -3.579 -3.792 -3.859 -3.827
-4.470 -7.882 -9.180 -9.436 -9.406
-5.585 -7.739 -8.002 -8.004 -7.701
-2.745 -3.624 -3.737 -3.779 -3.830
-3.273 -4.935 -5.058 -5.072 -4.739
0.595 -3.166 -3.842 -3.757 -3.757
-0.895 -5.943 -20.064 -20.116 -20.115
-2.428 -3.597 -3.743 -3.748 -3.669
-1.990 -3.070 -3.606 -3.455 -3.369
-1.598 -3.303 -3.769 -3.734 -3.734
-1.594 -3.021 -3.651 -3.679 -3.548
-2.305 -3.463 -3.727 -3.961 -3.725
-2.657 -3.485 -3.605 -3.388 -3.376
-2.272 -3.420 -3.619 -3.644 -3.644
-2.472 -3.775 -3.603 -3.592 -3.686
-13.257 -19.079 -21.193 -20.611 -20.015
-2.730 -3.318 -3.731 -3.748 -3.668
-1.909 -3.470 -3.828 -3.695 -3.695
-1.819 -3.140 -3.525 -3.857 -3.707
-2.572 -3.774 -3.886 -3.955 -3.765
-2.736 -3.475 -3.771 -3.961 -3.737
-1.439 -1.781 -1.881 -1.984 -1.984
5.650 0.515 -3.996 -3.743 -3.717
-1.538 -2.883 -3.887 -3.833 -3.869
-2.710 -3.532 -3.877 -3.960 -3.730
-2.840 -3.693 -3.839 -3.696 -3.695
-2.619 -3.582 -3.825 -3.668 -3.667
-2.657 -3.471 -3.600 -3.383 -3.379
-2.633 -3.589 -3.725 -3.818 -3.772
-2.741 -3.669 -3.958 -3.960 -3.751
-2.717 -3.505 -3.770 -3.796 -3.812
-11.355 -13.946 -18.429 -18.469 -18.470
-2.657 -3.534 -3.610 -3.619 -3.434
-2.894 -3.765 -3.954 -3.962 -3.735
-2.551 -3.725 -3.956 -3.961 -3.734
-2.691 -3.580 -3.748 -3.749 -3.688
-2.555 -3.438 -3.889 -3.706 -3.753
-2.718 -3.626 -3.947 -3.960 -3.744
-2.624 -3.790 -3.958 -3.960 -3.751
-2.215 -3.499 -3.701 -3.857 -3.818
-2.172 -3.546 -3.798 -3.859 -3.824
-2.792 -3.612 -3.838 -3.712 -3.712
-2.631 -3.552 -3.880 -3.958 -3.754
-2.694 -3.755 -3.892 -3.755 -3.755
-2.720 -3.649 -3.771 -3.752 -3.798
-2.801 -3.757 -3.836 -3.711 -3.710
-2.194 -3.526 -3.776 -3.738 -3.669
-2.713 -3.340 -3.871 -3.707 -3.706
-2.289 -3.496 -3.736 -3.860 -3.827
-2.733 -3.769 -3.958 -3.959 -3.753
-2.685 -3.560 -3.674 -3.675 -3.824
-2.657 -3.488 -3.583 -3.386 -3.394
-1.217 -3.296 -3.635 -3.678 -3.726
-6.606 -13.054 -13.807 -13.786 -13.786
-2.727 -3.752 -3.882 -3.961 -3.738
-1.346 -1.746 -1.871 -1.983 -1.983
-1.349 -1.796 -1.879 -1.983 -1.983
-1.441 -1.828 -1.875 -1.984 -1.984
-1.418 -1.741 -1.858 -1.984 -1.936
-2.444 -3.440 -3.701 -3.768 -3.837
-1.420 -1.837 -1.882 -1.984 -1.984
-2.728 -3.730 -3.947 -3.707 -3.707
-1.393 -1.812 -1.881 -1.984 -1.984
-2.674 -3.776 -3.841 -3.709 -3.708
-1.414 -1.830 -1.866 -1.984 -1.984
-1.318 -1.803 -1.813 -1.984 -1.985
-1.336 -1.799 -1.882 -1.984 -1.985
-1.245 -1.722 -1.809 -1.945 -1.917
26.606 2.696 -10.026 -10.297 -10.020
-3.836 -5.325 -5.726 -5.583 -5.546
-4.891 -8.109 -8.919 -8.490 -8.510
-5.801 -7.529 -7.969 -7.752 -7.700
0.478 -5.661 -7.977 -8.009 -7.707
-5.833 -7.533 -7.740 -7.769 -7.587
-6.293 -7.711 -8.001 -8.007 -7.702
-5.652 -7.244 -7.761 -7.768 -7.581
-2.834 -4.939 -5.667 -5.702 -5.702
-3.138 -4.825 -5.060 -5.071 -4.739
-3.407 -4.772 -5.054 -5.073 -4.742
-2.456 -4.442 -5.064 -5.064 -4.736
-3.494 -5.224 -6.004 -5.730 -5.620
-3.470 -5.426 -5.680 -5.795 -5.758
-3.403 -4.906 -5.060 -5.073 -4.737
-3.400 -4.844 -5.075 -5.075 -4.744
-3.144 -5.176 -5.696 -5.701 -5.701
-3.744 -5.351 -5.968 -5.796 -5.766
-4.415 -6.982 -7.810 -7.663 -7.663
-6.272 -7.729 -8.004 -8.006 -7.703
-6.248 -7.718 -8.004 -8.005 -7.699
-5.029 -7.266 -7.534 -7.609 -7.350
-4.091 -5.394 -5.700 -5.702 -5.702
-2.142 -3.104 -3.955 -3.684 -3.684
-3.744 -5.330 -5.848 -5.793 -5.764
-1.997 -3.521 -3.761 -3.811 -3.761
-7.641 -10.593 -11.096 -11.133 -11.492
-4.743 -7.667 -9.770 -9.589 -9.571
-8.200 -11.037 -11.619 -11.274 -11.502
-3.779 -6.107 -7.839 -7.187 -7.187
-3.186 -5.367 -5.733 -5.641 -5.641
-3.440 -5.375 -5.730 -5.391 -5.452
-3.707 -5.192 -5.830 -5.794 -5.769
-7.090 -10.729 -11.300 -11.365 -11.416
-5.505 -8.179 -9.576 -9.611 -9.661
-5.670 -8.229 -8.753 -8.456 -8.456
-3.352 -5.660 -5.957 -5.795 -5.764
-4.317 -9.037 -9.605 -9.612 -9.685
-6.910 -9.886 -11.415 -11.299 -11.108
-5.361 -8.169 -8.762 -8.438 -8.437
-2.655 -4.244 -5.731 -5.381 -5.500
-9.806 -14.993 -15.814 -15.306 -15.304
-2.553 -3.736 -3.795 -3.708 -3.708
-2.657 -3.488 -3.583 -3.386 -3.394
-1.096 -3.225 -3.886 -3.831 -3.897
-2.746 -3.579 -3.792 -3.859 -3.827
-2.631 -3.552 -3.880 -3.958 -3.754
-2.428 -3.597 -3.743 -3.748 -3.669
-1.990 -3.070 -3.606 -3.455 -3.369
-1.598 -3.303 -3.769 -3.734 -3.734
-1.594 -3.021 -3.651 -3.679 -3.548
-2.272 -3.420 -3.619 -3.644 -3.644
-3.327 -5.390 -5.959 -5.686 -5.680
-2.533 -5.017 -5.734 -5.641 -5.640
-1.217 -3.296 -3.635 -3.678 -3.726
-2.472 -3.775 -3.603 -3.592 -3.686
-5.273 -7.479 -7.763 -7.765 -7.587
-9.318 -14.551 -15.331 -15.333 -15.330
-4.008 -12.483 -21.140 -20.576 -20.575
30.293 25.477 -6.720 -6.844 -6.849
-1.414 -1.830 -1.866 -1.984 -1.984
-13.591 -20.239 -20.814 -20.816 -20.817
-3.550 -9.157 -10.295 -10.533 -10.533
-2.714 -3.745 -3.808 -3.697 -3.696
-2.602 -3.542 -3.854 -3.660 -3.661
-2.881 -3.663 -3.814 -3.669 -3.668
-2.464 -3.557 -3.717 -3.719 -3.683
-2.802 -3.708 -3.810 -3.744 -3.744
0.757 -0.052 -0.074 -0.032 -0.032
-2.207 -3.550 -3.703 -3.827 -3.791
-2.824 -3.682 -3.878 -3.959 -3.755
-2.784 -3.671 -3.876 -3.959 -3.752
-2.499 -3.485 -3.731 -3.743 -3.655
-2.864 -3.629 -3.797 -3.736 -3.812
-2.597 -3.787 -3.958 -3.960 -3.743
-2.159 -3.390 -3.871 -3.833 -3.882
-1.539 -2.629 -3.841 -3.708 -3.708
-2.717 -3.577 -3.837 -3.962 -3.732
-2.648 -3.696 -3.839 -3.711 -3.710
-2.562 -3.605 -3.957 -3.960 -3.750
-2.555 -3.494 -3.609 -3.908 -3.739
-1.934 -3.333 -3.838 -3.710 -3.709
-2.515 -3.791 -3.921 -3.960 -3.750
-2.647 -3.470 -3.609 -3.959 -3.736
-2.694 -3.753 -3.799 -3.755 -3.754
-0.383 -1.159 -3.886 -3.638 -3.750
-2.770 -3.705 -3.836 -3.690 -3.690
-1.723 -3.116 -3.718 -3.959 -3.727
-2.081 -3.599 -3.824 -3.665 -3.665
-2.672 -3.678 -3.823 -3.648 -3.649
13.689 0.053 -0.213 -13.057 -13.060
-2.333 -3.607 -3.712 -3.745 -3.700
-2.596 -3.683 -3.958 -3.960 -3.740
-1.454 -1.843 -1.881 -1.983 -1.984
-2.816 -3.624 -3.915 -3.961 -3.739
-1.320 -1.810 -1.845 -1.983 -1.983
-2.596 -3.688 -3.958 -3.960 -3.751
-2.596 -3.684 -3.960 -3.961 -3.747
-1.357 -1.768 -1.877 -1.984 -1.984
-2.003 -3.445 -3.720 -3.870 -3.728
-1.500 -3.260 -3.518 -3.647 -3.613
-1.355 -1.777 -1.871 -1.983 -1.983
-1.175 -1.756 -1.811 -1.945 -1.905
-1.321 -1.701 -1.851 -1.984 -1.984
-1.320 -1.773 -1.881 -1.984 -1.984
-1.419 -1.825 -1.916 -1.984 -1.936
-2.497 -3.648 -3.828 -3.708 -3.708
-1.142 -1.707 -1.880 -1.984 -1.936
-1.391 -1.806 -1.876 -1.984 -1.984
26.606 2.696 -10.026 -10.297 -10.020
-6.070 -7.658 -7.982 -8.008 -7.706
-5.980 -7.626 -7.965 -8.008 -7.705
-6.253 -7.840 -8.001 -8.008 -7.703
-3.525 -6.295 -8.006 -8.006 -7.798
-6.195 -7.820 -8.000 -8.006 -7.704
-11.796 -15.017 -15.581 -15.594 -15.595
0.096 -3.865 -6.396 -6.352 -6.290
-5.268 -7.551 -7.766 -7.762 -7.580
-7.976 -11.220 -12.169 -11.803 -11.253
-4.579 -7.467 -8.888 -8.813 -8.817
-3.958 -6.767 -7.727 -7.511 -7.421
-3.217 -5.175 -5.670 -5.796 -5.767
-3.605 -5.158 -5.717 -5.585 -5.572
-3.836 -5.325 -5.726 -5.583 -5.546
-10.579 -14.495 -15.947 -15.542 -15.351
30.747 3.346 -15.932 -15.435 -15.372
-11.267 -15.020 -15.697 -15.701 -15.228
-5.220 -8.910 -14.740 -14.771 -14.769
-0.985 -6.431 -8.002 -8.009 -7.705
-5.265 -7.842 -9.004 -9.079 -9.007
-5.267 -8.506 -8.871 -8.872 -8.460
-5.791 -7.772 -8.005 -8.006 -7.702
-0.500 -2.299 -5.445 -7.507 -7.273
-6.287 -7.688 -8.005 -8.007 -7.704
-5.545 -10.214 -10.895 -11.269 -11.014
-4.778 -7.139 -7.871 -7.767 -7.580
-5.336 -7.519 -7.966 -7.753 -7.702
-6.861 -14.046 -14.993 -15.007 -15.006
-11.264 -14.865 -15.126 -15.154 -15.156
-3.079 -4.496 -5.554 -5.208 -5.381
-3.465 -5.170 -5.731 -5.680 -5.680
-3.922 -5.520 -5.949 -5.796 -5.764
-3.323 -4.945 -5.071 -5.074 -4.745
-9.597 -15.696 -21.607 -21.292 -21.290
-5.102 -8.008 -9.887 -9.432 -9.404
-5.957 -7.850 -8.001 -8.008 -7.704
-3.410 -4.847 -5.065 -5.070 -4.737
-4.850 -7.357 -7.649 -7.424 -7.424
-3.440 -6.290 -8.441 -7.775 -7.573
-3.889 -5.014 -5.672 -5.680 -5.680
-3.205 -4.895 -5.076 -5.076 -4.745
-3.396 -4.924 -5.072 -5.072 -4.744
-7.084 -10.554 -10.861 -10.872 -10.979
-2.553 -3.736 -3.795 -3.708 -3.708
-2.657 -3.488 -3.583 -3.386 -3.394
-2.555 -3.494 -3.609 -3.908 -3.739
-5.252 -10.341 -11.708 -12.200 -11.892
-1.096 -3.225 -3.886 -3.831 -3.897
-2.746 -3.579 -3.792 -3.859 -3.827
-2.428 -3.597 -3.743 -3.748 -3.669
-1.990 -3.070 -3.606 -3.455 -3.369
-2.802 -3.708 -3.810 -3.744 -3.744
-1.598 -3.303 -3.769 -3.734 -3.734
-1.594 -3.021 -3.651 -3.679 -3.548
-2.272 -3.420 -3.619 -3.644 -3.644
-1.217 -3.296 -3.635 -3.678 -3.726
-9.313 -13.581 -14.610 -13.862 -13.818
-15.720 -22.194 -23.012 -22.548 -22.546
19.634 6.711 -17.506 -17.867 -17.867
-3.929 -11.211 -19.989 -19.994 -19.993
-1.414 -1.830 -1.866 -1.984 -1.984
-12.449 -17.346 -18.048 -16.135 -16.136
-4.150 -5.491 -5.727 -5.392 -5.508
-2.845 -3.709 -3.836 -3.709 -3.707
-4.251 -5.588 -5.770 -5.575 -5.746
-2.476 -3.204 -3.961 -3.962 -3.729
-2.429 -3.575 -3.840 -3.962 -3.730
-2.302 -3.488 -3.956 -3.682 -3.692
-2.754 -3.737 -3.874 -3.833 -3.880
-4.190 -5.515 -5.775 -5.552 -5.736
-2.161 -3.310 -3.890 -3.636 -3.676
-3.438 -4.944 -5.059 -5.074 -4.739
-2.278 -3.512 -3.890 -3.663 -3.663
-3.874 -5.372 -5.967 -5.703 -5.702
-3.701 -5.270 -5.871 -5.793 -5.765
-1.012 -3.055 -3.831 -3.694 -3.694
-3.677 -5.096 -5.966 -5.796 -5.764
-2.749 -3.696 -3.837 -3.711 -3.711
-2.749 -3.778 -3.890 -3.708 -3.708
-2.869 -3.678 -3.795 -3.739 -3.758
-2.567 -3.201 -3.400 -3.809 -3.739
-2.678 -3.607 -3.930 -3.961 -3.735
-2.507 -3.717 -3.802 -3.668 -3.668
-2.760 -3.638 -3.956 -3.957 -3.763
-1.629 -3.121 -3.502 -3.502 -3.501
-2.559 -3.543 -3.891 -3.962 -3.717
-2.283 -3.630 -3.869 -3.833 -3.875
-2.596 -3.617 -3.841 -3.708 -3.707
-2.575 -3.698 -3.946 -3.833 -3.877
-2.275 -3.565 -3.778 -3.727 -3.723
-2.730 -3.716 -3.842 -3.833 -3.871
-2.736 -3.647 -3.851 -3.753 -3.752
-1.160 -1.697 -1.809 -1.945 -1.908
-1.240 -1.746 -1.818 -1.983 -1.983
-2.760 -3.721 -3.823 -3.706 -3.707
-2.622 -3.686 -3.858 -3.552 -3.611
-2.417 -3.716 -3.841 -3.711 -3.711
-1.342 -1.709 -1.881 -1.984 -1.935
-1.336 -1.788 -1.882 -1.984 -1.985
-2.675 -3.719 -3.836 -3.755 -3.755
26.606 2.696 -10.026 -10.297 -10.020
-3.836 -5.325 -5.726 -5.583 -5.546
8.217 -2.164 -9.575 -9.511 -9.646
-5.590 -7.456 -7.998 -8.007 -7.702
-6.217 -7.828 -8.000 -8.006 -7.702
-5.821 -7.839 -7.997 -8.009 -7.706
-4.662 -6.986 -7.970 -7.753 -7.704
-3.065 -4.810 -5.731 -5.392 -5.506
-3.363 -4.824 -5.068 -5.074 -4.741
-3.105 -4.503 -4.888 -4.858 -4.628
-3.442 -4.904 -5.019 -5.065 -4.732
-5.563 -8.626 -8.947 -8.692 -8.496
-5.787 -7.894 -8.000 -8.008 -7.704
-5.896 -7.859 -8.004 -8.006 -7.701
-3.497 -5.220 -5.737 -5.394 -5.509
-9.642 -15.372 -15.742 -15.697 -15.224
-5.940 -7.784 -7.965 -7.752 -7.701
-3.250 -5.271 -5.965 -5.694 -5.693
-11.806 -15.559 -15.940 -15.435 -15.370
-5.399 -8.473 -11.714 -11.651 -11.574
-5.498 -9.486 -11.928 -11.954 -11.452
-5.990 -7.565 -8.006 -8.007 -7.706
-6.260 -7.779 -7.990 -8.006 -7.702
-3.879 -5.489 -5.647 -5.796 -5.767
-3.829 -5.405 -5.699 -5.704 -5.704
-3.344 -4.930 -5.062 -5.067 -4.734
24.889 -4.007 -5.698 -5.698 -5.698
-2.174 -3.367 -3.873 -3.959 -3.743
-7.956 -12.274 -13.954 -13.337 -13.336
-2.726 -3.758 -3.828 -3.756 -3.756
-4.554 -7.423 -8.005 -8.006 -7.701
-5.811 -7.884 -7.996 -8.007 -7.704
-2.864 -4.437 -4.766 -5.795 -5.773
-3.162 -4.904 -5.399 -5.746 -5.689
-3.294 -5.114 -5.269 -5.253 -4.983
-3.861 -5.782 -5.963 -5.795 -5.768
-8.457 -13.778 -18.229 -18.233 -18.232
-6.034 -7.748 -7.995 -8.006 -7.704
-6.222 -7.875 -8.003 -8.005 -7.799
-5.095 -7.588 -8.007 -8.007 -7.702
-2.929 -4.435 -5.337 -5.401 -5.297
-9.142 -11.459 -15.869 -15.873 -15.489
-6.293 -7.799 -8.002 -8.004 -7.699
-2.553 -3.736 -3.795 -3.708 -3.708
-2.657 -3.488 -3.583 -3.386 -3.394
-11.430 -18.256 -23.277 -22.587 -22.197
-2.555 -3.494 -3.609 -3.908 -3.739
-1.096 -3.225 -3.886 -3.831 -3.897
-2.746 -3.579 -3.792 -3.859 -3.827
-2.428 -3.597 -3.743 -3.748 -3.669
-1.990 -3.070 -3.606 -3.455 -3.369
-2.802 -3.708 -3.810 -3.744 -3.744
-1.598 -3.303 -3.769 -3.734 -3.734
-1.594 -3.021 -3.651 -3.679 -3.548
-2.272 -3.420 -3.619 -3.644 -3.644
-1.217 -3.296 -3.635 -3.678 -3.726
-11.282 -16.735 -18.614 -18.166 -18.166
-4.812 -11.884 -15.429 -15.162 -15.162
15.651 8.860 -8.900 -10.017 -9.686
-11.454 -19.571 -23.131 -23.631 -23.053
-10.085 -14.348 -16.381 -16.401 -16.401
-11.325 -18.369 -22.058 -21.478 -21.476
-1.336 -1.788 -1.882 -1.984 -1.985
-1.851 -3.452 -3.811 -3.962 -3.736
-0.723 -3.382 -3.886 -3.737 -3.737
-2.797 -3.549 -3.826 -3.704 -3.704
-2.762 -3.701 -3.822 -3.695 -3.694
-2.266 -3.578 -3.832 -3.627 -3.663
-2.710 -3.676 -3.961 -3.962 -3.734
-2.651 -3.509 -3.835 -3.755 -3.755
-10.110 -16.720 -21.950 -21.959 -22.003
-2.694 -3.639 -3.790 -3.730 -3.768
-2.797 -3.699 -3.853 -3.808 -3.736
-2.906 -3.675 -3.873 -3.832 -3.885
-2.781 -3.715 -3.785 -3.708 -3.707
-2.793 -3.637 -3.842 -3.758 -3.757
-2.866 -3.679 -3.800 -3.858 -3.824
-1.005 -3.104 -4.048 -3.960 -3.753
-2.641 -3.737 -3.959 -3.960 -3.736
-2.365 -3.455 -3.819 -3.961 -3.702
-1.767 -3.443 -3.792 -3.735 -3.791
-2.679 -3.731 -3.807 -3.756 -3.755
-2.444 -3.527 -3.882 -3.962 -3.720
-0.535 -3.008 -3.876 -3.960 -3.742
-2.744 -3.653 -3.737 -3.737 -3.772
-2.828 -3.724 -3.773 -3.849 -3.855
-2.836 -3.749 -3.821 -3.692 -3.691
-2.515 -3.808 -3.832 -3.708 -3.709
-2.688 -3.799 -3.955 -3.957 -3.747
-2.648 -3.753 -3.876 -3.956 -3.749
-2.846 -3.751 -3.837 -3.710 -3.710
-2.846 -3.710 -3.839 -3.711 -3.710
-2.391 -3.367 -3.814 -3.693 -3.694
-0.152 -2.691 -3.882 -3.705 -3.656
-2.295 -3.690 -3.959 -3.960 -3.744
-2.795 -3.739 -3.818 -3.665 -3.664
-2.635 -3.596 -3.961 -3.754 -3.754
-2.744 -3.678 -3.802 -3.858 -3.819
-2.540 -3.743 -3.958 -3.961 -3.740
-1.396 -1.820 -1.881 -1.984 -1.984
-2.850 -3.642 -3.777 -3.732 -3.734
-2.784 -3.757 -3.956 -3.958 -3.744
-1.398 -1.768 -1.819 -1.984 -1.985
-1.442 -1.836 -1.912 -1.983 -1.983
-1.165 -1.715 -1.783 -1.984 -1.984
-1.396 -1.812 -1.880 -1.983 -1.983
-1.311 -1.835 -1.812 -1.946 -1.903
-1.359 -1.818 -1.872 -1.983 -1.984
-1.326 -1.692 -1.914 -1.984 -1.985
-1.339 -1.789 -1.865 -1.948 -1.958
-0.935 -1.731 -1.790 -1.919 -1.875
26.606 2.696 -10.026 -10.297 -10.020
-3.836 -5.325 -5.726 -5.583 -5.546
-5.473 -9.709 -11.458 -11.458 -11.321
-5.599 -8.450 -9.756 -9.651 -9.508
-5.885 -7.791 -7.967 -7.751 -7.700
-5.882 -7.883 -8.000 -8.008 -7.704
-4.849 -7.214 -7.805 -7.752 -7.562
-4.571 -8.241 -8.580 -8.581 -8.582
-6.315 -7.860 -7.999 -8.006 -7.700
-6.307 -7.780 -7.994 -8.007 -7.702
-6.256 -7.847 -7.998 -8.008 -7.706
-5.831 -7.864 -7.992 -8.006 -7.702
-3.407 -4.905 -5.070 -5.075 -4.740
-3.375 -4.864 -5.060 -5.075 -4.740
-3.253 -4.947 -5.071 -5.072 -4.741
-3.656 -5.212 -5.353 -5.258 -5.016
-2.815 -5.146 -5.702 -5.388 -5.506
-3.492 -5.322 -5.734 -5.641 -5.640
-2.777 -4.418 -4.836 -4.846 -4.847
-3.483 -4.909 -5.066 -5.069 -4.735
-3.679 -5.769 -5.953 -5.795 -5.771
-4.159 -5.835 -5.966 -5.796 -5.765
-0.426 -9.253 -15.853 -15.866 -15.866
-3.515 -5.095 -5.734 -5.380 -5.497
-2.683 -4.325 -5.226 -5.402 -5.277
-2.689 -3.781 -3.838 -3.711 -3.711
1.823 -2.604 -9.594 -10.129 -9.960
-8.094 -13.548 -14.358 -14.368 -14.367
-7.546 -10.416 -11.112 -11.480 -11.336
14.173 5.826 -9.476 -9.492 -9.492
-2.658 -6.302 -8.574 -8.541 -8.540
-4.005 -7.043 -8.543 -8.553 -8.361
-4.710 -7.438 -7.832 -7.275 -7.275
11.559 -0.693 -7.987 -8.006 -7.796
-6.222 -7.889 -7.989 -8.008 -7.705
-3.355 -4.927 -5.073 -5.076 -4.740
-2.844 -7.767 -12.585 -12.146 -12.069
-7.260 -10.469 -10.838 -10.870 -10.975
-5.307 -8.185 -9.770 -9.588 -9.547
-2.553 -3.736 -3.795 -3.708 -3.708
-6.104 -7.796 -8.000 -8.007 -7.702
-2.657 -3.488 -3.583 -3.386 -3.394
-2.555 -3.494 -3.609 -3.908 -3.739
-3.765 -5.227 -5.570 -5.795 -5.764
-1.096 -3.225 -3.886 -3.831 -3.897
-2.746 -3.579 -3.792 -3.859 -3.827
-2.648 -3.753 -3.876 -3.956 -3.749
-2.428 -3.597 -3.743 -3.748 -3.669
-1.990 -3.070 -3.606 -3.455 -3.369
-2.802 -3.708 -3.810 -3.744 -3.744
-1.598 -3.303 -3.769 -3.734 -3.734
-1.594 -3.021 -3.651 -3.679 -3.548
-2.272 -3.420 -3.619 -3.644 -3.644
-1.217 -3.296 -3.635 -3.678 -3.726
-11.024 -15.675 -17.820 -16.703 -16.652
-5.052 -8.210 -9.200 -8.536 -8.535
7.539 -2.305 -5.736 -5.394 -5.503
1.831 -14.494 -15.133 -15.139 -15.140
-5.054 -7.231 -7.679 -7.711 -7.556
-14.546 -20.364 -24.022 -23.104 -23.103
-7.501 -13.088 -14.667 -16.942 -16.943
-2.567 -3.787 -3.863 -3.961 -3.716
1.087 -2.748 -3.738 -3.850 -3.857
-2.794 -3.738 -3.841 -3.714 -3.714
-2.610 -3.199 -3.958 -3.833 -3.889
-2.848 -3.628 -3.881 -3.961 -3.742
-2.670 -3.599 -3.882 -3.960 -3.750
-2.722 -3.540 -3.891 -3.962 -3.720
-2.720 -3.621 -3.959 -3.707 -3.707
-2.889 -3.685 -3.958 -3.960 -3.746
-2.845 -3.665 -3.796 -3.734 -3.804
-2.772 -3.693 -3.891 -3.668 -3.667
-2.590 -3.356 -3.808 -3.624 -3.623
-2.793 -3.703 -3.788 -3.856 -3.822
-2.292 -3.482 -3.872 -3.833 -3.873
-2.769 -3.642 -3.874 -3.833 -3.876
-2.675 -3.765 -3.836 -3.708 -3.707
-2.898 -3.614 -3.677 -3.796 -3.756
-2.559 -3.503 -3.807 -3.692 -3.694
-2.665 -3.662 -3.959 -3.960 -3.742
-2.723 -3.744 -3.838 -3.707 -3.707
-2.613 -3.778 -3.953 -3.756 -3.755
-2.347 -3.588 -3.959 -3.961 -3.727
-0.685 -2.835 -3.865 -3.959 -3.732
-2.455 -3.607 -3.958 -3.960 -3.746
-2.453 -3.426 -3.832 -3.713 -3.713
-0.823 -1.615 -1.661 -1.648 -1.456
-1.437 -1.769 -1.878 -1.984 -1.984
-2.797 -3.737 -3.849 -3.757 -3.757
-2.764 -3.683 -3.833 -3.742 -3.742
-1.376 -1.827 -1.881 -1.984 -1.984
-2.717 -3.606 -3.760 -3.846 -3.809
-2.793 -3.518 -3.713 -3.798 -3.808
-1.267 -1.752 -1.811 -1.984 -1.936
-2.492 -3.524 -3.689 -3.859 -3.833
-2.042 -3.548 -3.819 -3.744 -3.669
-1.210 -1.716 -1.805 -1.920 -1.920
-2.043 -3.520 -3.840 -3.755 -3.754
-0.808 -1.630 -1.809 -1.920 -1.920
-1.307 -1.831 -1.918 -1.984 -1.984
-1.407 -1.735 -1.807 -1.945 -1.916
-1.237 -1.753 -1.818 -1.982 -1.982
26.606 2.696 -10.026 -10.297 -10.020
-3.836 -5.325 -5.726 -5.583 -5.546
-4.458 -7.255 -8.008 -8.009 -7.706
-5.598 -7.250 -7.774 -7.663 -7.663
-3.895 -5.800 -5.958 -5.698 -5.698
-2.920 -4.496 -5.968 -5.796 -5.768
-3.258 -5.269 -5.964 -5.704 -5.704
-4.616 -7.761 -8.629 -8.393 -8.392
-5.048 -7.341 -7.974 -7.753 -7.701
-5.708 -7.568 -8.007 -8.007 -7.702
-6.258 -7.856 -8.003 -8.006 -7.703
-6.278 -7.761 -7.994 -8.007 -7.705
-6.230 -7.669 -8.006 -8.007 -7.702
-6.237 -7.573 -8.005 -8.005 -7.700
-6.200 -7.595 -7.995 -8.008 -7.706
-4.897 -7.310 -8.004 -8.006 -7.702
-2.915 -4.608 -5.196 -5.796 -5.764
-3.402 -4.950 -5.036 -5.071 -4.737
-3.388 -4.821 -5.065 -5.067 -4.737
-4.032 -5.462 -5.680 -5.703 -5.702
-2.712 -4.430 -5.074 -5.077 -4.742
-4.013 -5.541 -5.959 -5.695 -5.694
-3.783 -5.735 -5.965 -5.795 -5.765
-3.054 -4.960 -5.426 -5.270 -5.257
-2.857 -3.622 -3.838 -3.756 -3.756
0.448 -2.657 -3.995 -3.722 -3.677
-2.262 -3.091 -3.844 -3.864 -3.806
-8.394 -10.982 -11.475 -11.165 -11.130
-2.023 -3.529 -3.768 -3.857 -3.826
-6.262 -9.892 -10.446 -10.482 -10.479
-10.204 -14.409 -15.578 -15.580 -15.452
-7.697 -12.855 -16.008 -16.010 -15.444
29.400 4.753 -20.540 -21.293 -20.364
-10.081 -15.225 -18.950 -18.964 -18.964
-6.134 -7.798 -7.995 -8.006 -7.701
-2.371 -4.871 -5.074 -5.074 -4.742
-4.838 -7.885 -8.786 -8.510 -8.398
-6.265 -7.668 -8.001 -8.005 -7.702
-3.327 -4.831 -5.073 -5.074 -4.739
-3.679 -5.773 -5.968 -5.796 -5.763
-2.419 -3.179 -3.473 -3.807 -3.740
-2.553 -3.736 -3.795 -3.708 -3.708
-2.657 -3.488 -3.583 -3.386 -3.394
-2.555 -3.494 -3.609 -3.908 -3.739
-2.969 -5.032 -5.965 -5.703 -5.703
-1.096 -3.225 -3.886 -3.831 -3.897
-2.746 -3.579 -3.792 -3.859 -3.827
-2.648 -3.753 -3.876 -3.956 -3.749
-2.421 -3.493 -3.961 -3.962 -3.729
-2.428 -3.597 -3.743 -3.748 -3.669
-1.990 -3.070 -3.606 -3.455 -3.369
-2.802 -3.708 -3.810 -3.744 -3.744
-1.598 -3.303 -3.769 -3.734 -3.734
-1.594 -3.021 -3.651 -3.679 -3.548
-0.823 -1.615 -1.661 -1.648 -1.456
50.001 1.082 -14.105 -14.610 -14.611
-1.267 -1.752 -1.811 -1.984 -1.936
-8.985 -14.044 -17.117 -16.834 -16.834
-4.469 -9.202 -18.259 -18.310 -18.310
-5.293 -7.472 -7.820 -7.505 -7.505
-4.055 -7.103 -7.676 -7.429 -7.429
-3.370 -5.070 -5.673 -5.723 -5.581
-14.096 -21.301 -23.334 -22.779 -22.778
-3.310 -5.217 -5.969 -5.796 -5.765
-6.757 -14.538 -23.197 -22.856 -22.853
-2.505 -3.637 -3.818 -3.695 -3.695
-1.091 -3.004 -4.054 -3.959 -3.759
-2.715 -3.667 -3.956 -3.961 -3.742
-0.364 -2.934 -3.768 -3.718 -3.670
-2.694 -3.774 -3.825 -3.708 -3.708
-2.781 -3.611 -3.839 -3.711 -3.711
-2.529 -3.694 -3.874 -3.960 -3.744
-2.725 -3.768 -3.959 -3.961 -3.733
-2.797 -3.597 -3.842 -3.755 -3.755
-2.562 -3.607 -3.776 -3.854 -3.819
-2.723 -3.625 -3.831 -3.754 -3.754
-2.752 -3.557 -3.839 -3.756 -3.757
-2.794 -3.704 -3.810 -3.962 -3.730
-2.652 -3.702 -3.950 -3.962 -3.728
-2.738 -3.705 -3.960 -3.960 -3.746
-2.558 -3.569 -3.892 -3.961 -3.744
-2.419 -3.479 -3.957 -3.960 -3.739
-2.794 -3.594 -3.956 -3.959 -3.752
-2.497 -3.668 -3.749 -3.750 -3.685
-2.772 -3.621 -3.796 -3.746 -3.720
-2.724 -3.735 -3.796 -3.708 -3.709
-2.052 -3.571 -3.788 -3.739 -3.680
-1.178 -3.461 -3.737 -3.847 -3.856
-2.521 -3.652 -3.827 -3.666 -3.665
-2.393 -3.595 -3.803 -3.959 -3.726
-2.590 -3.518 -3.784 -3.692 -3.692
-2.793 -3.616 -3.945 -3.959 -3.749
-2.893 -3.715 -3.891 -3.668 -3.667
-1.313 -1.760 -1.882 -1.984 -1.984
-2.785 -3.814 -3.818 -3.695 -3.694
-2.695 -3.768 -3.882 -3.710 -3.709
-1.351 -1.707 -1.817 -1.951 -1.958
-0.952 -1.616 -1.665 -1.646 -1.450
-2.771 -3.705 -3.787 -3.842 -3.796
-2.773 -3.637 -3.840 -3.961 -3.737
-1.621 -3.457 -3.790 -3.735 -3.790
-2.814 -3.753 -3.774 -3.960 -3.708
-1.413 -1.733 -1.860 -1.983 -1.983
-2.678 -3.751 -3.840 -3.709 -3.708
26.606 2.696 -10.026 -10.297 -10.020
-3.836 -5.325 -5.726 -5.583 -5.546
-6.243 -7.680 -8.004 -8.004 -7.702
-6.212 -7.809 -7.988 -8.009 -7.707
-5.457 -7.636 -8.003 -8.004 -7.701
-6.291 -7.833 -7.983 -8.006 -7.701
-5.508 -9.560 -11.960 -11.961 -11.465
-3.695 -6.913 -7.754 -7.427 -7.428
-5.878 -7.813 -7.969 -8.008 -7.705
-2.566 -5.067 -5.609 -5.694 -5.694
-3.189 -4.909 -5.072 -5.070 -4.734
-3.017 -5.275 -5.733 -5.640 -5.639
-3.447 -4.964 -5.072 -5.075 -4.743
-3.492 -4.839 -5.039 -5.071 -4.736
-2.820 -4.497 -5.076 -5.077 -4.743
-3.984 -5.310 -5.706 -5.390 -5.525
-3.254 -4.835 -5.042 -5.072 -4.738
-2.463 -4.561 -5.733 -5.394 -5.505
-3.316 -5.691 -5.964 -5.796 -5.766
-2.125 -3.317 -4.067 -3.706 -3.706
0.504 -2.337 -9.966 -10.693 -10.692
-6.993 -11.497 -12.447 -12.451 -12.451
-5.321 -10.254 -12.688 -12.694 -12.694
-8.121 -12.149 -12.566 -12.951 -12.829
-2.786 -3.692 -3.874 -3.739 -3.739
-6.256 -7.538 -7.989 -8.009 -7.706
-5.772 -7.809 -8.002 -8.004 -7.797
-6.191 -7.618 -8.004 -8.007 -7.703
-5.699 -7.884 -8.000 -8.004 -7.703
-1.523 -5.745 -8.003 -8.005 -7.701
-1.323 -6.128 -7.839 -7.191 -7.192
-3.503 -4.966 -5.073 -5.074 -4.743
-3.323 -4.880 -5.051 -5.071 -4.737
-3.284 -4.860 -5.068 -5.070 -4.738
-2.940 -5.102 -5.731 -5.640 -5.639
-3.165 -5.298 -5.966 -5.795 -5.765
-3.456 -4.878 -5.073 -5.073 -4.743
-5.870 -7.875 -7.992 -8.008 -7.704
-12.370 -18.248 -19.908 -19.917 -19.270
-11.744 -15.174 -16.001 -16.016 -15.452
-11.534 -16.806 -17.626 -17.545 -17.544
-10.256 -20.787 -21.862 -21.874 -21.873
-6.319 -8.746 -9.053 -8.685 -8.494
-2.553 -3.736 -3.795 -3.708 -3.708
-12.726 -17.664 -18.279 -18.359 -18.359
-2.657 -3.488 -3.583 -3.386 -3.394
-5.021 -8.184 -8.751 -8.501 -8.501
-2.825 -4.628 -5.069 -5.076 -4.743
-3.422 -4.836 -5.061 -5.070 -4.736
-2.555 -3.494 -3.609 -3.908 -3.739
-1.096 -3.225 -3.886 -3.831 -3.897
-2.746 -3.579 -3.792 -3.859 -3.827
-2.648 -3.753 -3.876 -3.956 -3.749
-2.428 -3.597 -3.743 -3.748 -3.669
-1.990 -3.070 -3.606 -3.455 -3.369
-2.802 -3.708 -3.810 -3.744 -3.744
-1.598 -3.303 -3.769 -3.734 -3.734
-1.594 -3.021 -3.651 -3.679 -3.548
-9.467 -18.349 -22.759 -22.168 -22.166
-10.853 -16.449 -18.709 -19.748 -18.879
-6.072 -11.251 -14.255 -14.315 -14.313
-0.799 -3.174 -4.001 -3.749 -3.703
-2.733 -3.727 -3.844 -3.754 -3.753
-2.723 -3.777 -3.837 -3.709 -3.709
-1.592 -3.354 -3.836 -3.831 -3.870
-2.598 -3.755 -3.958 -3.959 -3.731
-0.952 -1.616 -1.665 -1.646 -1.450
-2.038 -3.380 -3.878 -3.961 -3.743
-2.161 -3.499 -3.815 -3.695 -3.695
-1.267 -1.752 -1.811 -1.984 -1.936
-2.431 -3.628 -3.715 -3.733 -3.674
-2.223 -3.407 -3.956 -3.960 -3.731
-2.659 -3.557 -3.784 -3.810 -3.739
-2.552 -3.731 -3.837 -3.808 -3.837
-1.873 -3.554 -3.882 -3.757 -3.757
-13.622 -19.509 -23.311 -23.238 -23.239
-2.501 -3.641 -3.956 -3.708 -3.708
-2.886 -3.740 -3.826 -3.731 -3.731
-3.011 -13.729 -23.078 -21.788 -21.790
-2.721 -3.555 -3.667 -3.820 -3.764
-2.870 -3.694 -3.809 -3.961 -3.742
-2.679 -3.713 -3.856 -3.810 -3.739
-2.728 -3.763 -3.865 -3.962 -3.725
-2.789 -3.613 -3.802 -3.961 -3.741
-2.695 -3.754 -3.863 -3.962 -3.726
-2.688 -3.591 -3.958 -3.962 -3.721
-2.784 -3.742 -3.876 -3.959 -3.751
-2.401 -3.412 -3.535 -3.961 -3.733
-2.523 -3.682 -3.816 -3.962 -3.730
-1.955 -3.567 -3.735 -3.768 -3.791
-2.535 -3.507 -3.667 -3.805 -3.778
-2.192 -3.520 -3.855 -3.961 -3.708
-2.308 -3.613 -3.955 -3.958 -3.754
-2.343 -3.478 -3.888 -3.958 -3.752
-0.307 -2.960 -3.697 -3.859 -3.823
-2.722 -3.582 -3.843 -3.744 -3.744
-2.626 -3.668 -3.871 -3.960 -3.741
-2.535 -3.704 -3.886 -3.662 -3.662
-2.870 -3.682 -3.834 -3.711 -3.709
-2.408 -3.580 -3.880 -3.958 -3.762
-2.813 -3.730 -3.870 -3.959 -3.739
-0.843 -1.389 -1.649 -1.647 -1.453
-1.388 -1.772 -1.818 -1.952 -1.960
-1.010 -1.573 -1.665 -1.649 -1.456
-0.922 -1.615 -1.657 -1.646 -1.451
-0.922 -1.614 -1.667 -1.650 -1.452
-1.414 -1.782 -1.880 -1.984 -1.985
-1.414 -1.829 -1.879 -1.984 -1.984
-1.400 -1.760 -1.882 -1.984 -1.984
-1.419 -1.791 -1.878 -1.984 -1.935
-1.981 -3.305 -3.752 -3.848 -3.811
-1.085 -1.600 -1.646 -1.650 -1.460
-1.343 -1.840 -1.879 -1.984 -1.984
-0.967 -1.638 -1.808 -1.920 -1.920
26.606 2.696 -10.026 -10.297 -10.020
-5.046 -8.840 -9.757 -9.532 -9.513
-5.412 -8.248 -8.866 -8.869 -8.460
-5.067 -7.218 -7.811 -7.679 -7.679
-6.261 -7.417 -7.994 -8.006 -7.703
-5.978 -7.828 -8.006 -8.007 -7.702
-5.947 -7.545 -8.005 -8.006 -7.701
-3.657 -6.181 -7.812 -7.277 -7.277
-6.284 -7.742 -8.005 -8.006 -7.702
-6.299 -7.828 -7.998 -8.008 -7.704
-6.300 -7.705 -7.991 -8.009 -7.704
-6.335 -7.793 -7.997 -8.006 -7.701
-5.777 -7.885 -8.003 -8.005 -7.794
-5.784 -7.832 -8.002 -8.003 -7.698
-4.739 -7.525 -7.965 -7.752 -7.701
-3.134 -4.931 -5.035 -5.072 -4.740
-3.919 -5.317 -5.459 -5.550 -5.400
-3.222 -4.966 -5.732 -5.641 -5.640
-3.297 -4.841 -5.074 -5.076 -4.739
-3.353 -4.839 -5.074 -5.076 -4.745
-2.779 -4.546 -5.971 -5.703 -5.704
-3.458 -4.879 -5.063 -5.076 -4.740
-3.297 -5.362 -5.730 -5.640 -5.640
-3.143 -5.014 -5.735 -5.641 -5.640
-3.426 -4.788 -5.069 -5.071 -4.740
-2.638 -4.738 -5.736 -5.392 -5.492
-4.159 -5.844 -5.968 -5.796 -5.766
-9.902 -15.106 -15.816 -15.701 -15.232
-5.949 -10.578 -11.718 -11.652 -11.575
-2.853 -4.559 -5.061 -5.076 -4.743
-2.780 -3.759 -3.872 -3.706 -3.707
-4.577 -7.532 -8.580 -8.581 -8.582
-6.133 -7.622 -8.002 -8.004 -7.699
-7.088 -11.108 -11.939 -11.521 -11.334
-4.673 -7.651 -8.495 -8.178 -8.179
-4.701 -7.204 -7.550 -7.458 -7.459
-2.758 -4.873 -5.731 -5.393 -5.513
-2.871 -4.724 -5.044 -5.075 -4.740
-3.010 -5.434 -5.968 -5.796 -5.768
-3.233 -4.563 -5.076 -5.076 -4.745
-5.886 -7.830 -8.001 -8.007 -7.702
-2.553 -3.736 -3.795 -3.708 -3.708
-2.657 -3.488 -3.583 -3.386 -3.394
-2.555 -3.494 -3.609 -3.908 -3.739
-1.096 -3.225 -3.886 -3.831 -3.897
-2.746 -3.579 -3.792 -3.859 -3.827
-2.648 -3.753 -3.876 -3.956 -3.749
-2.428 -3.597 -3.743 -3.748 -3.669
-1.990 -3.070 -3.606 -3.455 -3.369
-2.802 -3.708 -3.810 -3.744 -3.744
-1.598 -3.303 -3.769 -3.734 -3.734
-1.594 -3.021 -3.651 -3.679 -3.548
10.019 -0.883 -14.958 -15.089 -15.089
6.961 -4.110 -6.290 -6.279 -5.902
-10.116 -14.706 -15.307 -15.369 -15.367
-7.017 -14.401 -16.152 -16.174 -15.740
-5.961 -13.295 -14.418 -14.398 -14.397
-10.291 -17.253 -24.219 -23.100 -23.099
-12.706 -19.846 -20.566 -20.566 -20.564
-0.905 -8.624 -20.188 -20.199 -20.199
-0.922 -1.614 -1.667 -1.650 -1.452
-1.010 -1.573 -1.665 -1.649 -1.456
-1.414 -1.782 -1.880 -1.984 -1.985
-3.993 -10.923 -18.901 -19.568 -19.566
-1.462 -15.493 -17.184 -14.913 -14.916
-2.658 -3.698 -3.830 -3.706 -3.706
-2.772 -3.641 -3.769 -3.798 -3.814
-2.583 -3.750 -3.887 -3.959 -3.755
0.835 -2.949 -3.869 -3.962 -3.721
-2.529 -3.749 -3.819 -3.667 -3.666
-2.818 -3.700 -3.957 -3.959 -3.752
-2.152 -3.335 -3.873 -3.665 -3.665
-2.536 -3.633 -3.820 -3.691 -3.691
0.416 -2.802 -3.889 -3.959 -3.753
-2.596 -3.713 -3.954 -3.962 -3.736
-2.627 -3.651 -3.827 -3.694 -3.694
-1.704 -3.382 -3.505 -3.735 -3.683
-2.779 -3.690 -3.950 -3.962 -3.729
-2.545 -3.700 -3.826 -3.648 -3.647
-2.764 -3.772 -3.837 -3.711 -3.709
-1.850 -3.337 -3.989 -3.744 -3.694
-2.127 -3.361 -3.677 -3.843 -3.786
-2.532 -3.191 -3.705 -3.713 -3.712
-1.092 -2.951 -3.890 -3.674 -3.678
-2.575 -3.437 -3.881 -3.960 -3.750
-2.480 -3.776 -3.880 -3.618 -3.657
-2.740 -3.635 -3.834 -3.740 -3.740
-2.706 -3.666 -3.807 -3.959 -3.748
-2.935 -3.670 -3.838 -3.753 -3.753
-2.808 -3.722 -3.962 -3.962 -3.727
-2.740 -3.603 -3.960 -3.961 -3.740
-2.463 -3.407 -3.501 -3.009 -3.009
-2.799 -3.749 -3.841 -3.756 -3.756
-2.400 -3.538 -3.873 -3.661 -3.703
-2.740 -3.769 -3.956 -3.959 -3.757
-2.674 -3.752 -3.814 -3.697 -3.697
-2.731 -3.763 -3.959 -3.960 -3.731
-1.431 -3.406 -3.961 -3.833 -3.879
-2.631 -3.710 -3.813 -3.960 -3.714
-1.069 -1.694 -1.749 -1.984 -1.984
-1.068 -1.623 -1.646 -1.644 -1.452
-1.179 -1.805 -1.881 -1.984 -1.985
-0.755 -1.383 -1.653 -1.648 -1.455
-1.411 -1.755 -1.799 -1.948 -1.949
-1.002 -1.568 -1.671 -1.685 -1.594
-1.002 -1.610 -1.646 -1.645 -1.446
-0.998 -1.604 -1.654 -1.646 -1.450
-0.900 -1.611 -1.815 -1.984 -1.985
-0.900 -1.628 -1.653 -1.627 -1.404
-0.899 -1.570 -1.676 -1.646 -1.449
-1.116 -1.608 -1.652 -1.645 -1.446
-4.872 -7.918 -8.760 -8.453 -8.454
-5.263 -7.285 -7.826 -7.184 -7.183
-5.567 -7.669 -7.993 -8.008 -7.704
-5.843 -7.664 -8.004 -8.005 -7.702
-6.191 -7.774 -8.001 -8.007 -7.703
-5.899 -7.312 -8.003 -8.006 -7.795
-6.205 -7.691 -8.003 -8.005 -7.702
-6.221 -7.716 -8.000 -8.008 -7.706
-6.282 -7.693 -7.982 -8.008 -7.704
-5.848 -7.771 -8.002 -8.004 -7.700
-5.819 -7.840 -7.995 -8.006 -7.706
-4.782 -7.200 -7.843 -7.191 -7.190
-5.569 -7.691 -8.006 -8.007 -7.702
-3.828 -5.347 -5.532 -5.387 -5.401
-3.525 -4.855 -5.074 -5.075 -4.741
-2.873 -4.982 -5.728 -5.640 -5.640
-3.279 -4.926 -5.072 -5.073 -4.742
-3.225 -4.940 -5.066 -5.076 -4.742
-3.252 -4.718 -4.811 -4.825 -4.572
-5.509 -9.868 -11.955 -11.961 -11.460
22.571 -2.394 -12.103 -11.962 -11.458
-3.990 -6.288 -7.547 -7.557 -7.360
-8.886 -11.479 -15.860 -15.864 -15.480
-5.822 -9.204 -10.255 -10.311 -10.310
-3.946 -7.918 -8.901 -8.914 -8.912
-5.064 -7.239 -8.007 -8.008 -7.701
-2.516 -4.409 -5.722 -5.392 -5.518
-3.534 -4.799 -5.005 -5.070 -4.741
-2.740 -4.975 -5.682 -5.700 -5.699
-2.750 -4.653 -5.308 -5.675 -5.575
-2.784 -3.723 -3.822 -3.664 -3.664
-2.214 -3.404 -3.782 -3.858 -3.819
-2.427 -3.381 -3.599 -3.565 -3.761
-2.512 -3.707 -3.826 -3.668 -3.667
-2.323 -3.730 -3.957 -3.958 -3.761
-0.813 -2.946 -4.059 -3.960 -3.752
-2.327 -3.467 -3.587 -3.832 -3.868
-2.371 -3.673 -3.806 -3.666 -3.665
-6.301 -9.169 -9.789 -10.282 -10.081
-2.553 -3.736 -3.795 -3.708 -3.708
-2.657 -3.488 -3.583 -3.386 -3.394
-2.555 -3.494 -3.609 -3.908 -3.739
-1.096 -3.225 -3.886 -3.831 -3.897
-2.746 -3.579 -3.792 -3.859 -3.827
-2.648 -3.753 -3.876 -3.956 -3.749
-2.428 -3.597 -3.743 -3.748 -3.669
-1.990 -3.070 -3.606 -3.455 -3.369
-2.802 -3.708 -3.810 -3.744 -3.744
-6.482 -11.434 -12.270 -12.294 -12.294
-4.836 -7.009 -7.555 -7.458 -7.458
-10.975 -16.205 -20.705 -19.579 -19.242
-0.063 -4.276 -9.741 -9.651 -9.512
-3.651 -15.691 -19.752 -19.161 -19.160
13.861 7.840 -4.491 -4.500 -4.499
-9.238 -13.451 -14.333 -14.107 -13.815
-0.900 -1.628 -1.653 -1.627 -1.404
-13.053 -18.799 -20.108 -20.155 -20.154
-0.922 -1.614 -1.667 -1.650 -1.452
-1.002 -1.610 -1.646 -1.645 -1.446
-1.010 -1.573 -1.665 -1.649 -1.456
-1.068 -1.623 -1.646 -1.644 -1.452
-1.179 -1.805 -1.881 -1.984 -1.985
-8.609 -18.344 -22.334 -22.179 -22.178
-12.240 -18.207 -18.958 -19.386 -18.903
-6.418 -15.501 -22.568 -22.990 -22.586
-2.625 -3.650 -3.960 -3.960 -3.745
-2.625 -3.705 -3.957 -3.960 -3.747
-2.862 -3.606 -3.796 -3.738 -3.783
-2.725 -3.761 -3.812 -3.960 -3.697
-1.161 -1.689 -1.869 -1.984 -1.984
-2.633 -3.642 -3.955 -3.961 -3.742
-2.616 -3.734 -3.878 -3.962 -3.736
-1.891 -3.522 -3.734 -3.743 -3.643
-2.631 -3.564 -3.834 -3.665 -3.664
-2.308 -3.781 -3.946 -3.962 -3.730
-2.773 -3.733 -3.832 -3.708 -3.707
-2.805 -3.728 -3.838 -3.707 -3.707
-2.612 -3.645 -3.809 -3.682 -3.680
-2.559 -3.585 -3.888 -3.652 -3.696
-2.304 -3.769 -3.872 -3.666 -3.666
-2.174 -3.412 -3.869 -3.666 -3.665
-2.639 -3.189 -3.389 -3.809 -3.746
-2.739 -3.682 -3.880 -3.959 -3.749
-0.320 -1.164 -3.793 -3.962 -3.716
-2.709 -3.689 -3.957 -3.960 -3.750
-2.773 -3.714 -3.961 -3.962 -3.733
-2.032 -3.648 -3.817 -3.692 -3.692
-2.399 -3.454 -3.875 -3.962 -3.731
-2.747 -3.632 -3.886 -3.960 -3.753
-2.715 -3.642 -3.960 -3.961 -3.741
-2.734 -3.764 -3.893 -3.666 -3.666
-2.773 -3.709 -3.824 -3.962 -3.724
-2.139 -3.463 -3.756 -3.703 -3.640
-2.557 -3.798 -3.959 -3.961 -3.740
-1.377 -1.786 -1.819 -1.951 -1.957
-0.818 -1.379 -1.648 -1.645 -1.450
-1.038 -1.615 -1.655 -1.681 -1.578
-1.356 -1.814 -1.915 -1.982 -1.983
-2.424 -3.605 -3.879 -3.568 -3.617
-1.264 -1.702 -1.810 -1.983 -1.984
-1.359 -1.751 -1.881 -1.983 -1.984
-0.809 -1.618 -1.647 -1.678 -1.566
-0.974 -1.625 -1.791 -1.920 -1.920
-1.024 -1.622 -1.660 -1.648 -1.456
-1.419 -1.833 -1.863 -1.983 -1.983
-1.385 -1.775 -1.880 -1.984 -1.984
-1.126 -1.629 -1.699 -1.674 -1.557
-1.296 -1.828 -1.906 -1.944 -1.906
-1.311 -1.719 -1.811 -1.984 -1.984
-7.397 -10.886 -11.520 -11.127 -11.126
-3.306 -5.701 -7.743 -7.558 -7.557
-6.116 -7.580 -7.997 -8.006 -7.701
-6.258 -7.796 -8.005 -8.006 -7.700
-6.501 -10.438 -10.674 -10.681 -10.887
-6.257 -7.701 -7.997 -8.005 -7.700
-6.329 -7.833 -7.999 -8.007 -7.704
-5.800 -7.793 -7.998 -8.005 -7.702
-5.783 -7.878 -7.999 -8.007 -7.702
-5.511 -7.712 -7.965 -7.753 -7.703
-4.658 -7.348 -7.966 -7.752 -7.735
-5.161 -7.497 -7.649 -7.508 -7.507
-3.280 -4.920 -5.068 -5.074 -4.740
-3.140 -4.845 -5.058 -5.071 -4.738
-2.979 -5.042 -5.446 -5.791 -5.764
-3.517 -5.339 -5.683 -5.681 -5.680
2.383 -6.643 -9.678 -9.958 -9.282
-5.216 -9.219 -9.882 -9.887 -9.886
-5.404 -8.100 -9.682 -9.651 -9.508
-5.123 -7.911 -8.956 -8.934 -8.933
-2.233 -5.913 -7.845 -7.654 -7.621
-6.210 -7.651 -7.977 -8.009 -7.706
-5.819 -7.847 -8.000 -8.003 -7.700
-4.363 -6.630 -7.670 -7.681 -7.614
-3.257 -5.163 -5.722 -5.389 -5.493
-3.285 -5.123 -5.559 -5.666 -5.571
-3.532 -4.900 -5.060 -5.073 -4.737
-3.324 -5.247 -5.684 -5.797 -5.766
-3.942 -5.454 -5.684 -5.796 -5.763
-3.105 -5.053 -5.969 -5.796 -5.766
-3.182 -4.754 -5.071 -5.072 -4.742
-2.790 -3.594 -3.878 -3.756 -3.756
-2.563 -3.605 -3.953 -3.960 -3.746
-2.617 -3.671 -3.956 -3.959 -3.759
-2.649 -3.720 -3.827 -3.664 -3.663
-2.584 -3.689 -3.847 -3.746 -3.745
-0.579 -3.019 -3.983 -3.672 -3.693
-5.346 -9.700 -11.927 -11.964 -11.466
-3.002 -9.006 -10.824 -11.122 -10.713
-5.214 -10.321 -11.159 -11.162 -11.053
-3.634 -5.300 -5.499 -5.702 -5.702
-3.211 -4.935 -5.071 -5.073 -4.740
-2.553 -3.736 -3.795 -3.708 -3.708
-2.657 -3.488 -3.583 -3.386 -3.394
-2.555 -3.494 -3.609 -3.908 -3.739
-1.096 -3.225 -3.886 -3.831 -3.897
-2.639 -3.189 -3.389 -3.809 -3.746
-2.648 -3.753 -3.876 -3.956 -3.749
-2.428 -3.597 -3.743 -3.748 -3.669
-1.990 -3.070 -3.606 -3.455 -3.369
-2.802 -3.708 -3.810 -3.744 -3.744
-3.997 -7.485 -15.646 -15.325 -15.236
-3.065 -7.480 -9.518 -9.560 -9.559
-2.906 -3.690 -3.847 -3.756 -3.755
-2.188 -3.297 -3.516 -3.433 -3.345
-1.624 -3.572 -3.961 -3.962 -3.724
-2.667 -3.698 -3.829 -3.694 -3.693
-1.757 -3.146 -3.504 -3.962 -3.721
-2.127 -3.269 -4.040 -3.962 -3.723
-0.869 -3.086 -4.034 -3.960 -3.742
-2.776 -3.628 -3.835 -3.756 -3.756
-2.651 -3.732 -3.829 -3.662 -3.662
-2.603 -3.424 -3.791 -3.699 -3.698
-0.652 -2.804 -4.056 -3.959 -3.756
-2.446 -3.760 -3.845 -3.669 -3.668
-2.478 -3.484 -3.891 -3.733 -3.733
-2.663 -3.768 -3.822 -3.652 -3.651
-2.452 -3.696 -3.827 -3.670 -3.669
-2.650 -3.609 -3.961 -3.833 -3.883
-2.432 -3.492 -3.958 -3.960 -3.749
-2.657 -3.606 -3.820 -3.664 -3.662
-9.672 -14.562 -15.476 -15.481 -15.481
-11.633 -16.904 -18.366 -17.306 -17.307
-10.952 -15.079 -15.425 -15.524 -15.525
-2.840 -3.735 -3.838 -3.710 -3.710
-2.841 -3.706 -3.840 -3.699 -3.698
-2.792 -3.732 -3.832 -3.707 -3.705
-2.812 -3.732 -3.836 -3.756 -3.756
-0.900 -1.628 -1.653 -1.627 -1.404
-0.922 -1.614 -1.667 -1.650 -1.452
-1.002 -1.610 -1.646 -1.645 -1.446
-2.705 -3.530 -3.833 -3.705 -3.705
-1.010 -1.573 -1.665 -1.649 -1.456
-1.068 -1.623 -1.646 -1.644 -1.452
-2.724 -3.721 -3.839 -3.710 -3.709
-1.126 -1.629 -1.699 -1.674 -1.557
-2.558 -3.542 -3.785 -3.962 -3.726
-2.694 -3.663 -3.799 -3.667 -3.665
-2.805 -3.696 -3.749 -3.749 -3.696
-2.559 -3.585 -3.875 -3.958 -3.736
-2.295 -3.635 -3.887 -3.961 -3.740
-0.970 -1.593 -1.680 -1.679 -1.568
-0.024 -2.740 -3.792 -3.862 -3.803
-1.376 -1.781 -1.815 -1.951 -1.957
-1.039 -1.605 -1.676 -1.679 -1.570
-0.946 -1.619 -1.655 -1.645 -1.453
-0.921 -1.620 -1.680 -1.682 -1.597
-1.362 -1.793 -1.807 -1.945 -1.922
-1.121 -1.633 -1.808 -1.955 -1.877
-1.014 -1.615 -1.674 -1.651 -1.460
-0.949 -1.615 -1.655 -1.684 -1.556
-1.012 -1.611 -1.653 -1.646 -1.449
-1.121 -1.622 -1.657 -1.645 -1.453
-8.678 -13.798 -16.125 -16.223 -16.221
-0.949 -1.615 -1.667 -1.646 -1.454
-1.121 -1.603 -1.645 -1.645 -1.440
-0.979 -1.606 -1.663 -1.645 -1.445
-1.052 -1.616 -1.651 -1.648 -1.454
-1.092 -1.571 -1.656 -1.650 -1.452
-1.116 -1.626 -1.660 -1.647 -1.451
-0.892 -1.488 -1.816 -1.920 -1.920
-1.155 -1.670 -1.760 -1.941 -1.870
-10.421 -19.407 -20.315 -20.321 -20.321
-2.055 -11.566 -22.179 -21.722 -21.721
