hardness
 (GPa)  
  -1.727
  -1.840
  -2.094
  -1.699
  -1.891
  -2.132
  -1.895
  -1.847
  -1.905
  -1.967
  -1.782
  -1.895
  -1.749
  -1.926
  -2.073
  -1.654
  -2.018
  -1.673
  -2.165
  -1.880
  -1.851
  -1.988
  -1.945
  -1.778
  -1.887
  -1.813
  -1.541
  -1.926
  -1.760
  -1.637
  -1.788
  -1.799
  -2.663
  -1.590
  -1.561
  -2.097
  -2.262
  -1.867
  -1.776
  -2.320
  -1.822
  -1.312
  -1.670
  -2.069
  -3.083
  -2.130
  -2.104
  -1.913
  -3.017
  -1.765
  -1.787
  -1.928
  -2.031
  -1.593
  -2.636
  -1.743
  -1.703
  -1.794
  -1.647
  -1.701
  -1.673
  -1.806
  -1.822
  -3.260
  -1.878
  -1.861
  -1.935
  -1.818
  -1.630
  -2.336
  -1.928
  -1.782
  -1.984
  -1.931
  -2.045
  -1.789
  -1.663
  -1.917
  -1.735
  -1.574
  -3.205
  -1.845
  -1.567
  -2.459
  -2.203
  -1.653
  -1.621
  -1.874
  -1.656
  -1.834
  -1.821
  -1.777
  -2.268
  -1.928
  -1.750
  -1.856
  -1.825
  -1.175
  -1.484
  -1.591
  -2.987
  -1.895
  -2.030
  -1.703
  -1.663
  -1.557
  -2.251
  -1.346
  -1.722
  -1.705
  -1.465
  -1.779
  -1.633
  -1.970
  -1.454
  -2.110
  -2.010
  -1.853
  -1.774
  -1.816
  -1.631
  -1.539
  -1.590
  -2.844
  -2.373
  -1.652
  -1.463
  -1.638
  -1.837
  -2.383
  -1.839
  -2.141
  -1.683
  -2.893
  -1.251
  -1.999
  -1.402
  -1.694
  -1.364
  -1.723
  -1.634
  -1.672
  -1.516
  -1.290
  -1.785
  -1.638
  -1.672
  -1.655
  -2.362
  -1.606
  -1.447
  -1.820
  -1.450
  -1.463
  -1.668
  -2.021
  -2.384
  -1.581
  -1.680
  -1.840
  -1.514
  -1.150
  -1.344
  -1.615
  -1.377
  -2.710
  -1.695
  -1.690
  -2.325
  -1.861
  -1.653
  -1.708
  -1.571
  -1.479
  -1.468
  -0.977
  -1.686
  -2.311
  -1.852
  -1.110
  -1.317
  -2.074
  -2.151
  -1.794
  -1.142
  -1.111
  -1.176
  -1.727
  -1.485
  -2.029
  -1.544
  -1.195
  -1.464
  -1.190
  -1.561
  -1.312
  -1.484
  -1.463
  -1.251
  -2.233
  -1.829
  -1.374
  -1.364
  -1.528
  -1.687
  -1.664
  -1.726
  -1.168
  -1.269
  -1.610
  -1.580
  -1.969
  -1.514
  -1.619
  -1.805
  -1.822
  -2.332
  -2.187
  -1.871
  -1.830
  -1.566
  -1.680
  -2.103
  -1.715
  -1.380
  -2.180
  -1.903
  -1.575
  -2.006
  -1.790
  -1.736
  -1.459
  -1.730
  -1.781
  -1.317
  -1.464
  -1.468
  -1.479
  -1.623
  -1.598
  -2.081
  -1.972
  -1.993
  -2.038
  -1.716
  -1.883
  -0.977
  -1.663
  -0.942
  -3.170
  -1.920
  -1.111
  -1.190
  -1.195
  -2.198
  -1.548
  -1.671
  -1.632
  -1.518
  -1.514
  -1.683
  -1.667
  -1.725
  -1.499
  -1.644
  -1.736
  -1.169
  -1.724
  -2.016
  -1.200
  -1.374
  -1.558
  -1.868
  -1.872
  -1.277
  -1.073
  -1.126
  -1.230
  -1.091
  -1.368
  -1.482
  -2.091
  -1.957
  -1.327
  -1.576
  -1.385
  -1.773
  -1.594
  -1.535
  -1.838
  -1.702
  -1.201
  -2.626
  -2.241
  -1.625
  -1.067
  -1.071
  -1.480
  -1.873
  -1.406
  -1.817
  -1.206
  -1.825
  -1.312
  -0.942
  -1.251
  -1.364
  -1.459
  -1.379
  -1.337
  -1.542
  -1.678
  -1.148
  -1.491
  -1.478
  -1.447
  -2.330
  -1.586
  -1.565
  -1.403
  -1.764
  -1.979
  -1.277
  -1.930
  -1.486
  -1.980
  -1.575
  -1.711
  -1.590
  -1.299
  -1.353
  -1.845
  -1.808
  -2.002
  -1.377
  -1.784
  -1.717
  -1.998
  -2.088
  -1.532
  -1.300
  -1.397
  -1.919
  -1.577
  -1.668
  -1.800
  -1.589
  -1.169
  -1.759
  -1.317
  -1.464
  -2.050
  -1.704
  -2.049
  -2.002
  -1.847
  -1.841
  -1.964
  -0.977
  -1.204
  -1.946
  -1.368
  -1.868
  -1.406
  -1.111
  -1.190
  -1.195
  -1.210
  -1.487
  -1.339
  -1.662
  -1.596
  -1.592
  -1.373
  -1.967
  -1.397
  -1.305
  -1.718
  -1.359
  -1.577
  -1.453
  -1.762
  -1.144
  -2.403
  -1.424
  -2.111
  -1.940
  -2.053
  -1.894
  -3.393
  -1.342
  -2.043
  -1.454
  -1.366
  -1.999
  -1.115
  -2.080
  -1.653
  -1.569
  -1.890
  -1.690
  -2.698
  -1.997
  -1.293
  -2.526
  -1.180
  -1.398
  -2.347
  -1.788
  -1.466
  -1.655
  -2.155
  -3.287
  -1.605
  -1.312
  -0.942
  -1.148
  -1.251
  -1.337
  -1.364
  -1.353
  -1.882
  -1.669
  -1.190
  -1.546
  -1.721
  -1.425
  -1.215
  -1.474
  -2.109
  -1.654
  -1.398
  -1.759
  -1.802
  -1.739
  -1.702
  -1.349
  -1.557
  -0.981
  -1.513
  -1.649
  -1.845
  -1.277
  -1.359
  -2.134
  -1.766
  -1.480
  -1.743
  -2.573
  -1.801
  -1.803
  -1.122
  -1.777
  -1.611
  -1.335
  -1.169
  -1.317
  -1.395
  -1.590
  -1.520
  -1.834
  -1.227
  -1.174
  -1.793
  -1.824
  -1.628
  -0.977
  -1.709
  -2.048
  -1.824
  -1.629
  -1.111
  -1.754
  -1.803
  -1.190
  -1.195
  -1.853
  -1.404
  -1.163
  -1.324
  -1.200
  -2.174
  -1.079
  -2.637
  -1.473
  -1.723
  -1.191
  -1.312
  -2.078
  -1.774
  -1.676
  -1.420
  -0.891
  -1.468
  -1.678
  -1.354
  -1.122
  -1.950
  -1.963
  -2.821
  -1.474
  -1.596
  -1.674
  -1.837
  -1.138
  -2.001
  -1.179
  -0.960
  -1.842
  -1.420
  -1.418
  -1.825
  -1.570
  -1.381
  -1.701
  -1.398
  -1.697
  -1.682
  -1.723
  -2.105
  -1.487
  -1.339
  -1.312
  -1.148
  -1.251
  -0.981
  -1.122
  -1.851
  -1.650
  -1.605
  -1.690
  -1.966
  -1.806
  -1.389
  -1.336
  -1.391
  -1.277
  -2.039
  -1.525
  -1.538
  -1.666
  -1.278
  -1.724
  -1.463
  -1.917
  -1.946
  -1.737
  -1.086
  -1.290
  -1.766
  -2.058
  -2.253
  -1.697
  -1.520
  -1.704
  -1.356
  -0.891
  -1.079
  -1.169
  -1.317
  -1.920
  -1.546
  -1.787
  -1.797
  -1.727
  -1.060
  -1.690
  -1.530
  -1.446
  -2.554
  -2.138
  -0.977
  -1.973
  -1.419
  -1.614
  -2.759
  -1.498
  -1.892
  -1.612
  -0.960
  -1.179
  -1.700
  -1.190
  -1.195
  -1.992
  -1.935
  -1.140
  -1.522
  -1.202
  -0.951
  -1.377
  -1.429
  -1.791
  -1.140
  -1.461
  -1.496
  -1.418
  -1.164
  -1.386
  -1.283
  -1.624
  -1.526
  -1.406
  -1.714
  -1.574
  -1.087
  -1.987
  -1.608
  -1.595
  -1.927
  -1.017
  -1.301
  -1.195
  -1.060
  -1.944
  -1.783
  -1.308
  -1.714
  -2.557
  -1.643
  -1.684
  -1.301
  -1.199
  -1.497
  -1.165
  -1.369
  -0.943
  -1.362
  -1.228
  -0.931
  -1.696
  -1.312
  -1.148
  -1.251
  -0.981
  -1.122
  -1.277
  -2.199
  -1.646
  -1.441
  -1.879
  -1.271
  -1.813
  -1.607
  -2.026
  -1.973
  -1.881
  -1.354
  -2.106
  -0.891
  -2.434
  -1.079
  -1.169
  -1.655
  -1.658
  -1.130
  -1.435
  -1.634
  -1.062
  -2.025
  -1.688
  -1.388
  -1.976
  -1.230
  -0.977
  -1.662
  -1.786
  -1.605
  -1.408
  -1.443
  -0.908
  -1.679
  -1.916
  -1.591
  -1.300
  -1.550
  -1.194
  -1.596
  -0.960
  -2.144
  -1.936
  -1.400
  -1.179
  -1.190
  -1.195
  -1.228
  -1.203
  -2.026
  -2.599
  -1.703
  -1.526
  -1.666
  -1.636
  -1.827
  -1.196
  -1.927
  -1.110
  -1.135
  -1.826
  -1.255
  -1.563
  -1.658
  -1.243
  -2.239
  -2.363
  -1.102
  -1.162
  -1.290
  -1.854
  -1.105
  -1.289
  -1.465
  -1.753
  -1.076
  -0.962
  -0.973
  -1.514
  -1.094
  -0.917
  -1.128
  -1.368
  -1.384
  -1.172
  -1.122
  -1.536
  -1.455
  -1.141
  -1.842
  -1.635
  -1.600
  -1.858
  -1.230
  -1.063
  -0.948
  -1.203
  -1.148
  -1.251
  -0.981
  -1.122
  -1.613
  -1.413
  -1.320
  -1.615
  -1.603
  -1.491
  -1.635
  -1.810
  -1.721
  -1.642
  -1.223
  -1.685
  -1.593
  -1.701
  -1.374
  -1.052
  -0.891
  -1.079
  -1.462
  -1.605
  -2.125
  -1.469
  -1.840
  -1.543
  -1.406
  -0.977
  -1.255
  -1.844
  -1.867
  -2.189
  -1.861
  -1.760
  -1.814
  -1.573
  -1.980
  -1.521
  -1.707
  -1.864
  -1.256
  -1.773
  -1.584
  -1.616
  -1.898
  -1.590
  -1.455
  -0.917
  -0.960
  -0.973
  -1.076
  -1.982
  -1.128
  -1.190
  -1.941
  -1.797
  -1.253
  -2.038
  -1.649
  -1.692
  -1.694
  -0.949
  -1.055
  -1.339
  -1.680
  -1.378
  -1.878
  -1.540
  -1.213
  -1.572
  -1.127
  -2.834
  -2.069
  -1.492
  -1.128
  -1.519
  -1.647
  -1.654
  -1.786
  -2.430
  -1.494
  -0.933
  -1.810
  -1.129
  -1.309
  -1.418
  -1.928
  -1.603
  -1.503
  -1.097
  -0.946
  -1.205
  -1.099
  -1.537
  -1.337
  -1.163
  -1.960
  -1.297
  -1.569
  -1.630
  -1.441
  -2.784
  -1.365
  -1.576
  -0.975
  -0.977
  -1.203
  -0.981
  -1.122
  -2.063
  -2.195
  -2.050
  -1.410
  -1.413
  -1.725
  -1.436
  -2.100
  -1.326
  -0.891
  -1.079
  -1.390
  -1.942
  -1.512
  -1.615
  -1.452
  -1.435
  -1.008
  -1.729
  -2.140
  -1.181
  -1.251
  -1.437
  -1.873
  -0.942
  -2.516
  -1.128
  -1.213
  -1.870
  -1.312
  -1.833
  -1.148
  -1.820
  -1.223
  -1.663
  -1.656
  -1.544
  -1.563
  -1.423
  -1.380
  -2.609
  -1.654
  -1.478
  -2.238
  -1.356
  -1.999
  -0.917
  -0.933
  -0.946
  -0.973
  -1.076
  -1.128
  -1.190
  -1.978
  -2.065
  -1.725
  -0.975
  -1.450
  -1.460
  -2.622
  -1.763
  -1.340
  -1.965
  -2.116
  -1.817
  -1.196
  -1.276
  -1.532
  -1.632
  -1.030
  -1.460
  -1.013
  -2.069
  -1.148
  -1.464
  -1.394
  -1.743
  -1.448
  -1.085
  -1.355
  -1.275
  -1.317
  -1.656
  -1.089
  -1.910
  -1.262
  -1.113
  -1.329
  -1.728
  -1.283
  -1.471
  -1.471
  -1.862
  -1.181
  -1.659
  -2.584
  -0.947
  -1.466
  -2.217
  -0.952
  -1.581
  -1.807
  -1.174
  -0.981
  -1.122
  -1.964
  -1.321
  -1.599
  -2.114
  -2.067
  -1.206
  -1.055
  -0.891
  -1.079
  -1.730
  -1.346
  -1.758
  -1.555
  -1.625
  -1.358
  -1.819
  -1.857
  -1.701
  -1.601
  -0.901
  -1.598
  -2.421
  -0.893
  -1.655
  -1.691
  -1.851
  -1.318
  -2.442
  -1.868
  -1.824
  -1.031
  -1.128
  -1.144
  -1.453
  -2.239
  -1.859
  -1.836
  -1.514
  -1.600
  -1.760
  -1.925
  -1.478
  -1.928
  -1.836
  -0.917
  -1.906
  -0.933
  -0.946
  -0.952
  -0.973
  -0.999
  -1.076
  -1.113
  -1.708
  -1.128
  -1.935
  -1.537
  -0.975
  -2.006
  -1.174
  -2.254
  -1.515
  -1.335
  -1.398
  -2.343
  -1.253
  -1.376
  -1.858
  -1.607
  -1.183
  -1.360
  -1.055
  -1.517
  -1.116
  -2.033
  -1.061
  -1.236
  -1.666
  -1.348
  -1.560
  -1.449
  -1.667
  -1.844
  -0.959
  -1.094
  -1.162
  -2.326
  -1.552
  -1.706
  -1.337
  -1.799
  -1.557
  -1.781
  -1.384
  -1.252
  -1.595
  -1.062
  -0.961
  -0.993
  -0.996
  -1.003
  -0.954
  -1.859
  -1.656
  -1.610
  -0.968
  -1.504
  -0.981
  -1.122
  -0.891
  -1.079
  -1.411
  -2.025
  -1.531
  -2.031
  -2.018
  -1.903
  -1.429
  -1.896
  -1.677
  -1.622
  -1.506
  -1.628
  -1.369
  -1.365
  -1.946
  -2.088
  -1.450
  -1.257
  -1.094
  -2.066
  -2.180
  -1.611
  -2.069
  -1.326
  -1.750
  -1.128
  -1.283
  -1.675
  -1.924
  -1.886
  -1.614
  -1.604
  -2.231
  -2.029
  -1.932
  -1.801
  -1.196
  -1.403
  -1.640
  -2.445
  -1.973
  -2.032
  -0.917
  -0.933
  -0.946
  -2.460
  -0.952
  -0.954
  -1.003
  -1.076
  -1.113
  -1.128
  -1.105
  -1.921
  -1.620
  -1.422
  -1.933
  -1.140
  -0.975
  -2.180
  -2.056
  -1.537
  -1.556
  -1.454
  -1.836
  -1.001
  -1.543
  -1.671
  -1.708
  -1.169
  -1.652
  -1.207
  -1.667
  -1.532
  -1.677
  -1.102
  -1.756
  -1.880
  -1.058
  -1.002
  -1.501
  -1.110
  -1.199
  -1.806
  -1.753
  -1.310
  -2.022
  -1.711
  -1.573
  -1.760
  -1.196
  -0.979
  -1.616
  -1.161
  -1.561
  -1.467
  -1.785
  -0.947
  -1.355
  -1.266
  -1.659
  -1.194
  -0.973
  -0.985
  -1.239
  -0.936
  -0.983
  -0.981
  -0.891
  -1.079
  -1.725
  -1.444
  -1.568
  -1.772
  -2.033
  -1.747
  -1.791
  -1.180
  -1.860
  -1.513
  -1.877
  -1.981
  -1.648
  -1.745
  -1.128
  -1.487
  -1.226
  -1.311
  -2.794
  -1.738
  -2.001
  -1.781
  -1.115
  -1.738
  -1.578
  -1.717
  -1.575
  -1.122
  -1.634
  -1.085
  -1.543
  -1.570
  -1.616
  -1.597
  -1.619
  -1.687
  -1.957
  -1.989
  -1.650
  -2.781
  -1.366
  -1.307
  -1.870
  -2.771
  -0.917
  -0.933
  -0.946
  -0.952
  -0.954
  -0.985
  -1.002
  -1.003
  -1.076
  -1.113
  -2.091
  -0.986
  -1.380
  -1.059
  -1.809
  -1.595
  -0.973
  -1.084
  -1.012
  -1.442
  -1.309
  -1.508
  -1.539
  -1.396
  -1.143
  -1.472
  -1.188
  -1.671
  -1.719
  -0.967
  -1.655
  -1.296
  -0.982
  -1.464
  -1.134
  -1.725
  -1.439
  -1.784
  -1.156
  -1.669
  -0.988
  -1.392
  -0.989
  -0.847
  -1.931
  -1.823
  -1.292
  -1.683
  -1.689
  -0.945
  -1.112
  -1.194
  -1.202
  -1.362
  -1.703
  -1.829
  -1.404
  -0.946
  -0.940
  -1.039
  -0.981
  -0.891
  -1.079
  -1.063
  -1.843
  -2.162
  -1.778
  -1.226
  -1.268
  -1.091
  -1.335
  -1.099
  -1.613
  -0.902
  -1.093
  -2.250
  -1.751
  -0.986
  -1.549
  -1.311
  -1.435
  -1.821
  -1.768
  -1.585
  -1.865
  -1.538
  -1.383
  -1.362
  -1.904
  -1.393
  -1.829
  -1.963
  -1.690
  -1.513
  -0.930
  -1.352
  -2.121
  -2.436
  -1.566
  -2.740
  -2.283
  -1.542
  -1.524
  -1.758
  -1.647
  -1.476
  -0.847
  -0.917
  -0.933
  -0.952
  -0.954
  -0.967
  -0.982
  -1.922
  -0.985
  -1.002
  -1.003
  -1.076
  -2.150
  -1.424
  -1.235
  -1.266
  -1.658
  -1.408
  -1.372
  -1.796
  -1.421
  -1.300
  -2.036
  -2.211
  -1.883
  -1.931
  -1.750
  -1.740
  -1.370
  -2.218
  -1.367
  -1.837
  -1.527
  -1.426
  -1.512
  -1.599
  -1.035
  -1.925
  -1.613
  -3.033
  -1.796
  -1.325
  -1.757
  -1.180
  -1.426
  -1.954
  -1.032
  -1.245
  -1.755
  -1.287
  -1.861
  -1.713
  -1.783
  -0.937
  -1.197
  -0.999
  -1.169
  -1.412
  -1.262
  -1.216
  -1.549
  -1.328
  -0.949
  -1.181
  -1.159
  -0.981
  -0.891
  -1.079
  -1.427
  -2.199
  -1.214
  -0.948
  -1.852
  -1.194
  -1.650
  -1.358
  -1.608
  -1.650
  -1.830
  -2.081
  -1.936
  -2.263
  -1.619
  -1.468
  -0.986
  -1.552
  -1.868
  -1.745
  -1.060
  -1.352
  -1.805
  -1.708
  -1.394
  -1.603
  -1.535
  -1.483
  -1.797
  -1.639
  -1.098
  -2.371
  -1.426
  -1.334
  -1.198
  -2.034
  -1.525
  -2.405
  -1.793
  -1.849
  -2.009
  -1.973
  -1.885
  -0.847
  -1.573
  -1.182
  -1.454
  -1.961
  -0.917
  -0.933
  -0.952
  -1.655
  -0.954
  -0.967
  -0.982
  -0.985
  -1.002
  -1.003
  -1.076
  -1.846
  -1.915
  -2.077
  -1.393
  -1.055
  -1.297
  -1.819
  -1.739
  -1.743
  -0.990
  -1.560
  -0.883
  -1.400
  -1.655
  -1.173
  -1.238
  -1.008
  -1.656
  -1.425
  -1.142
  -2.127
  -1.467
  -2.108
  -1.266
  -1.551
  -1.167
  -1.331
  -1.232
  -1.685
  -1.383
  -1.429
  -1.494
  -1.168
  -1.352
  -0.853
  -1.591
  -1.569
  -1.946
  -1.724
  -1.287
  -1.092
  -1.181
  -1.713
  -1.390
  -1.446
  -0.970
  -1.655
  -0.896
  -1.021
  -0.981
  -1.060
  -1.362
  -1.550
  -2.426
  -2.035
  -1.552
  -1.680
  -1.700
  -1.580
  -1.015
  -1.008
  -1.811
  -1.685
  -1.847
  -1.409
  -1.726
  -2.498
  -1.348
  -1.120
  -1.555
  -0.986
  -1.662
  -2.091
  -1.667
  -1.414
  -1.101
  -1.649
  -1.702
  -1.359
  -2.045
  -1.497
  -1.253
  -0.930
  -1.587
  -0.897
  -1.795
  -1.774
  -1.411
  -1.793
  -2.676
  -2.299
  -1.721
  -1.638
  -1.183
  -1.197
  -0.847
  -0.883
  -0.917
  -1.434
  -2.169
  -0.933
  -0.952
  -0.954
  -0.967
  -2.010
  -0.982
  -0.985
  -1.002
  -1.003
  -1.779
  -1.172
  -1.425
  -1.506
  -1.200
  -1.190
  -0.953
  -1.395
  -0.963
  -0.970
  -1.117
  -1.305
  -1.648
  -1.743
  -2.001
  -1.002
  -1.771
  -0.895
  -1.643
  -1.664
  -1.051
  -2.167
  -1.716
  -2.564
  -0.926
  -0.950
  -1.273
  -1.673
  -1.406
  -1.266
  -0.967
  -1.032
  -1.308
  -1.676
  -1.555
  -1.593
  -1.697
  -1.368
  -1.372
  -1.709
  -1.820
  -1.329
  -1.850
  -0.967
  -0.931
  -1.615
  -0.989
  -0.973
  -0.971
  -0.930
  -0.981
  -0.986
  -1.663
  -1.672
  -2.095
  -1.473
  -2.336
  -1.846
  -1.498
  -0.893
  -1.469
  -0.896
  -1.480
  -1.617
  -2.028
  -1.392
  -1.112
  -1.332
  -1.378
  -1.626
  -2.276
  -1.606
  -1.801
  -1.104
  -1.848
  -1.377
  -1.745
  -2.429
  -1.836
  -1.444
  -2.162
  -1.826
  -1.710
  -1.049
  -1.186
  -1.700
  -1.382
  -1.069
  -1.534
  -1.834
  -2.131
  -1.541
  -0.847
  -0.883
  -1.216
  -1.935
  -0.917
  -1.479
  -1.516
  -0.933
  -1.614
  -1.294
  -1.929
  -0.950
  -0.952
  -0.967
  -0.982
  -0.985
  -1.002
  -1.003
  -1.032
  -1.957
  -1.340
  -1.153
  -1.413
  -1.281
  -1.191
  -0.967
  -1.847
  -1.558
  -2.116
  -1.393
  -1.760
  -1.233
  -1.176
  -1.222
  -1.174
  -1.992
  -1.043
  -1.609
  -1.240
  -1.775
  -1.908
  -1.048
  -1.290
  -1.132
  -1.094
  -1.692
  -0.927
  -1.397
  -1.191
  -1.263
  -1.381
  -0.966
  -1.279
  -1.580
  -1.473
  -0.874
  -1.008
  -2.824
  -1.314
  -1.057
  -1.164
  -1.156
  -0.967
  -1.202
  -0.976
  -1.140
  -1.129
  -1.734
  -0.966
  -0.947
  -0.973
  -1.253
  -0.981
  -0.986
  -1.739
  -1.117
  -1.414
  -1.606
  -2.073
  -1.881
  -1.694
  -1.860
  -1.470
  -1.528
  -2.125
  -1.057
  -1.527
  -1.981
  -1.596
  -0.970
  -1.926
  -1.874
  -1.615
  -1.710
  -1.678
  -1.840
  -1.216
  -1.353
  -1.756
  -1.944
  -1.495
  -1.609
  -1.708
  -2.174
  -1.059
  -2.065
  -1.945
  -1.432
  -1.330
  -1.656
  -2.205
  -1.561
  -2.283
  -1.481
  -0.847
  -0.874
  -0.883
  -0.917
  -0.927
  -0.950
  -0.952
  -0.967
  -0.982
  -1.003
  -1.876
  -1.535
  -1.008
  -1.032
  -1.054
  -1.391
  -1.556
  -2.946
  -0.966
  -1.717
  -2.248
  -1.472
  -1.826
  -1.320
  -1.750
  -0.956
  -3.360
  -1.720
  -1.777
  -1.336
  -1.608
  -1.220
  -1.213
  -1.247
  -1.075
  -1.357
  -1.400
  -1.783
  -0.880
  -1.590
  -1.587
  -1.040
  -1.404
  -1.153
  -1.600
  -1.275
  -2.075
  -1.622
  -2.385
  -1.869
  -1.038
  -1.667
  -1.373
  -1.038
  -1.298
  -1.323
  -0.935
  -1.685
  -1.198
  -1.185
  -1.130
  -1.662
  -0.951
  -0.949
  -1.569
  -0.943
  -0.907
  -0.981
  -1.508
  -0.896
  -1.640
  -1.194
  -1.608
  -1.403
  -2.212
  -1.224
  -2.374
  -1.589
  -1.615
  -1.092
  -1.418
  -0.986
  -1.390
  -1.019
  -1.723
  -2.293
  -0.894
  -1.689
  -1.721
  -0.899
  -1.737
  -1.776
  -1.722
  -1.231
  -1.160
  -2.004
  -1.383
  -1.309
  -1.377
  -1.087
  -1.364
  -1.676
  -1.569
  -1.977
  -1.641
  -1.433
  -1.711
  -1.288
  -1.552
  -1.936
  -1.490
  -0.847
  -0.874
  -0.880
  -1.940
  -0.883
  -0.917
  -0.950
  -0.952
  -0.956
  -0.967
  -0.982
  -1.003
  -1.008
  -1.859
  -1.941
  -1.684
  -1.818
  -0.966
  -1.939
  -1.509
  -1.416
  -1.705
  -1.900
  -1.365
  -1.336
  -0.930
  -1.370
  -1.751
  -1.614
  -2.187
  -1.647
  -1.075
  -1.348
  -0.966
  -1.539
  -1.518
  -1.344
  -1.395
  -1.374
  -1.324
  -1.006
  -1.396
  -1.939
  -0.898
  -0.977
  -1.558
  -1.364
  -1.556
  -1.857
  -1.079
  -1.130
  -0.872
  -1.530
  -1.497
  -0.936
  -0.962
  -1.347
  -0.981
  -0.986
  -1.713
  -1.248
  -1.015
  -0.895
  -1.223
  -1.988
  -1.617
  -1.987
  -1.397
  -1.732
  -1.511
  -1.494
  -2.053
  -1.810
  -1.201
  -1.309
  -1.473
  -0.997
  -1.746
  -0.895
  -1.423
  -1.106
  -1.531
  -1.991
  -1.716
  -1.782
  -1.635
  -1.335
  -1.197
  -1.649
  -1.306
  -1.454
  -1.196
  -1.496
  -1.529
  -0.950
  -1.513
  -0.914
  -1.685
  -2.199
  -1.607
  -0.847
  -0.874
  -1.964
  -0.880
  -0.883
  -0.917
  -0.950
  -0.952
  -0.956
  -0.967
  -0.982
  -1.003
  -1.008
  -1.675
  -2.263
  -2.199
  -1.924
  -1.704
  -1.564
  -0.962
  -1.870
  -1.774
  -1.536
  -1.339
  -1.685
  -1.352
  -1.368
  -1.827
  -1.421
  -1.696
  -1.567
  -1.487
  -1.316
  -1.105
  -1.296
  -1.372
  -1.294
  -1.246
  -1.373
  -1.927
  -1.301
  -1.315
  -1.085
  -1.822
  -1.335
  -1.198
  -0.938
  -1.579
  -1.669
  -1.144
  -1.994
  -1.849
  -1.311
  -1.842
  -1.322
  -1.325
  -1.622
  -1.582
  -0.974
  -0.944
  -1.041
  -1.658
  -1.701
  -1.110
  -1.163
  -0.941
  -1.191
  -1.757
  -0.981
  -0.986
  -1.844
  -1.134
  -1.387
  -0.897
  -1.561
  -2.016
  -1.386
  -1.189
  -1.511
  -1.633
  -1.354
  -1.761
  -1.610
  -1.053
  -1.884
  -1.657
  -1.692
  -1.893
  -1.013
  -1.443
  -1.809
  -2.304
  -1.536
  -1.487
  -2.463
  -2.477
  -1.414
  -2.715
  -2.266
  -1.665
  -1.894
  -1.450
  -0.898
  -1.279
  -1.735
  -1.791
  -1.815
  -0.847
  -1.014
  -0.874
  -0.880
  -1.088
  -0.883
  -0.917
  -0.938
  -0.950
  -0.952
  -0.956
  -0.967
  -0.982
  -1.003
  -1.008
  -2.219
  -1.975
  -2.161
  -1.903
  -1.737
  -1.795
  -1.687
  -1.916
  -1.490
  -1.468
  -1.260
  -1.833
  -1.593
  -1.409
  -1.463
  -1.601
  -1.361
  -1.929
  -1.510
  -1.024
  -1.576
  -1.553
  -1.280
  -1.126
  -1.170
  -1.390
  -1.618
  -1.364
  -1.273
  -1.208
  -1.600
  -1.334
  -0.862
  -0.976
  -1.329
  -2.035
  -0.995
  -1.654
  -1.586
  -0.953
  -1.352
  -1.605
  -1.621
  -1.410
  -1.596
  -0.952
  -1.255
  -1.207
  -0.981
  -0.986
  -0.894
  -1.966
  -1.509
  -1.175
  -1.690
  -1.756
  -1.141
  -1.288
  -1.020
  -1.668
  -1.055
  -1.322
  -1.787
  -1.313
  -1.173
  -1.370
  -1.561
  -1.523
  -1.386
  -1.640
  -1.082
  -1.110
  -1.348
  -1.575
  -1.338
  -1.995
  -1.280
  -1.807
  -1.240
  -1.671
  -2.025
  -1.425
  -1.885
  -2.130
  -1.730
  -1.516
  -1.785
  -1.434
  -1.326
  -0.847
  -0.874
  -0.880
  -1.145
  -0.883
  -0.917
  -0.938
  -1.887
  -0.950
  -0.952
  -0.956
  -0.967
  -0.982
  -0.862
  -1.845
  -0.953
  -1.730
  -1.851
  -1.394
  -1.435
  -2.279
  -1.928
  -1.101
  -1.907
  -1.521
  -1.759
  -1.329
  -1.301
  -1.711
  -1.610
  -1.487
  -1.046
  -1.811
  -1.499
  -1.655
  -1.782
  -1.893
  -1.380
  -1.346
  -1.821
  -1.020
  -0.939
  -1.069
  -1.762
  -1.446
  -1.599
  -1.101
  -1.879
  -0.969
  -1.147
  -1.822
  -1.494
  -0.992
  -1.247
  -1.717
  -1.245
  -0.833
  -1.344
  -1.035
  -1.282
  -1.857
  -1.184
  -1.597
  -0.981
  -0.986
  -1.055
  -1.414
  -1.484
  -0.939
  -1.392
  -2.257
  -1.493
  -1.181
  -1.711
  -1.668
  -1.506
  -1.685
  -1.283
  -1.939
  -1.360
  -2.463
  -1.479
  -0.862
  -2.029
  -1.990
  -1.830
  -1.812
  -1.077
  -0.892
  -1.034
  -1.730
  -0.913
  -1.305
  -1.819
  -1.368
  -1.524
  -1.855
  -2.080
  -1.233
  -1.648
  -0.900
  -1.945
  -2.436
  -1.807
  -1.536
  -1.914
  -0.847
  -2.042
  -0.874
  -1.486
  -1.515
  -1.676
  -0.880
  -0.883
  -0.917
  -0.938
  -0.950
  -0.952
  -0.956
  -0.967
  -0.982
  -2.280
  -1.829
  -1.979
  -1.840
  -1.857
  -1.674
  -0.932
  -1.460
  -0.833
  -1.321
  -1.477
  -0.953
  -1.678
  -1.353
  -1.119
  -0.991
  -1.332
  -1.649
  -1.453
  -1.762
  -1.801
  -1.250
  -1.218
  -1.268
  -1.234
  -1.824
  -1.437
  -1.925
  -1.292
  -1.093
  -1.358
  -1.307
  -1.830
  -1.961
  -1.195
  -1.294
  -1.159
  -1.850
  -0.951
  -1.990
  -1.267
  -1.747
  -1.493
  -0.844
  -1.129
  -0.804
  -0.841
  -0.712
  -0.969
  -1.155
  -0.960
  -0.909
  -1.316
  -0.867
  -0.969
  -1.615
  -0.981
  -1.848
  -1.450
  -1.005
  -1.425
  -1.815
  -1.307
  -1.045
  -1.897
  -1.841
  -1.505
  -1.534
  -0.899
  -1.569
  -1.072
  -1.598
  -1.405
  -1.986
  -1.902
  -2.272
  -1.452
  -1.590
  -1.567
  -1.663
  -1.881
  -2.109
  -1.002
  -1.801
  -0.942
  -1.411
  -1.688
  -1.646
  -1.212
  -1.873
  -1.779
  -1.644
  -2.437
  -1.446
  -1.150
  -1.464
  -1.582
  -0.847
  -0.874
  -0.880
  -0.883
  -0.917
  -0.938
  -0.950
  -0.952
  -0.956
  -0.967
  -0.982
  -1.775
  -1.343
  -1.648
  -1.926
  -2.170
  -1.896
  -1.516
  -1.673
  -0.712
  -0.804
  -0.969
  -1.625
  -1.976
  -1.329
  -1.375
  -1.304
  -1.395
  -1.355
  -1.303
  -1.601
  -1.362
  -1.310
  -1.363
  -0.992
  -1.251
  -1.891
  -1.479
  -1.383
  -1.913
  -1.121
  -1.460
  -1.190
  -1.609
  -1.612
  -2.057
  -1.757
  -1.866
  -1.803
  -1.223
  -1.374
  -1.613
  -1.126
  -1.770
  -1.318
  -1.002
  -0.924
  -1.120
  -0.989
  -0.883
  -0.960
  -0.843
  -0.972
  -1.723
  -0.767
  -0.820
  -0.942
  -0.397
  -0.806
  -0.784
  -1.661
  -1.637
  -1.492
  -0.904
  -1.826
  -2.007
  -1.235
  -1.765
  -1.842
  -0.907
  -1.578
  -1.903
  -0.919
  -2.070
  -1.527
  -1.855
  -1.753
  -1.619
  -1.749
  -1.487
  -1.401
  -1.607
  -2.014
  -1.735
  -1.498
  -1.817
  -1.956
  -1.600
  -1.394
  -1.400
  -1.998
  -1.204
  -1.741
  -1.292
  -1.273
  -1.787
  -1.116
  -1.785
  -2.260
  -0.847
  -0.874
  -0.880
  -0.883
  -0.917
  -0.938
  -0.950
  -0.952
  -0.956
  -1.844
  -1.451
  -2.067
  -1.502
  -1.911
  -2.955
  -1.979
  -0.397
  -1.739
  -0.712
  -0.767
  -0.804
  -0.883
  -0.960
  -1.823
  -1.819
  -1.996
  -1.338
  -1.305
  -1.191
  -1.487
  -1.136
  -1.335
  -1.361
  -1.740
  -1.961
  -1.366
  -1.554
  -1.096
  -1.455
  -1.461
  -1.488
  -1.945
  -0.910
  -1.795
  -1.424
  -1.009
  -1.366
  -1.548
  -1.383
  -1.297
  -1.846
  -1.533
  -1.606
  -2.145
  -1.588
  -1.102
  -0.844
  -1.722
  -0.996
  -1.498
  -1.142
  -1.682
  -1.903
  -1.619
  -0.843
  -1.200
  -1.647
  -0.894
  -1.337
  -1.131
  -1.562
  -1.310
  -1.543
  -1.917
  -2.074
  -0.931
  -1.523
  -1.207
  -1.578
  -1.076
  -1.342
  -1.890
  -1.416
  -1.550
  -1.279
  -1.404
  -1.987
  -2.317
  -1.512
  -1.716
  -1.396
  -1.411
  -1.619
  -1.314
  -1.946
  -2.041
  -1.410
  -0.971
  -1.098
  -0.971
  -1.561
  -1.806
  -1.236
  -1.272
  -1.882
  -1.956
  -1.194
  -1.472
  -1.598
  -1.794
  -1.649
  -1.559
  -0.847
  -0.874
  -0.880
  -0.883
  -0.910
  -0.938
  -0.950
  -0.952
  -0.956
  -1.709
  -2.551
  -1.805
  -1.197
  -1.931
  -1.219
  -1.402
  -1.906
  -0.958
  -1.515
  -1.638
  -1.809
  -1.768
  -1.399
  -1.069
  -1.166
  -1.337
  -0.948
  -1.731
  -2.251
  -1.967
  -1.761
  -1.811
  -1.716
  -1.495
  -1.417
  -1.809
  -0.397
  -0.712
  -0.767
  -1.065
  -0.804
  -0.883
  -1.700
  -0.894
  -1.556
  -1.367
  -1.459
  -1.542
  -1.368
  -1.824
  -1.569
  -1.247
  -2.412
  -0.896
  -1.540
  -1.253
  -1.472
  -0.830
  -2.494
  -0.816
  -0.868
  -1.978
  -0.885
  -0.671
  -0.761
  -0.819
  -0.708
  -0.825
  -1.626
  -1.998
  -2.133
  -2.000
