9.059
8.897
8.346
8.586
8.763
9.079
8.752
8.867
8.161
8.373
8.361
8.988
8.667
8.836
8.681
8.783
8.245
8.871
8.810
8.693
8.884
8.505
9.093
9.053
7.815
8.760
8.707
9.095
8.711
8.378
8.384
8.767
9.021
8.702
8.936
8.584
7.830
8.869
8.535
8.818
9.104
8.968
8.962
8.307
8.391
8.615
8.760
8.738
8.616
8.686
8.815
8.622
8.745
8.641
8.757
8.607
8.333
8.709
8.693
8.688
7.564
8.579
8.546
8.740
8.612
8.241
8.485
8.668
7.442
8.549
8.660
8.645
8.622
8.542
8.961
8.239
8.768
7.936
8.435
8.665
7.930
9.058
8.725
8.823
8.703
8.444
7.954
8.783
7.844
9.052
8.142
8.765
8.820
8.156
9.068
8.129
8.589
9.107
8.626
8.876
7.321
8.705
8.580
8.538
9.090
9.045
8.728
9.086
8.572
8.543
9.089
8.985
8.965
8.552
9.078
8.590
9.071
9.078
9.085
8.229
8.327
8.739
9.091
8.729
8.825
8.742
8.415
9.064
8.646
8.970
9.045
6.822
9.038
8.304
9.124
8.688
9.074
9.080
8.944
8.670
5.781
9.027
9.102
9.064
9.053
8.933
8.665
9.076
9.053
7.935
6.582
7.451
8.219
9.065
7.477
9.125
9.084
8.616
9.068
8.560
8.603
8.971
6.779
9.079
7.885
9.080
9.095
9.061
8.878
8.598
9.014
8.978
9.078
8.025
8.040
9.039
7.709
7.824
7.718
9.074
9.056
9.084
9.080
9.069
8.161
8.961
8.622
9.091
7.321
8.960
9.086
8.229
8.646
9.063
9.079
8.816
9.067
9.040
8.531
9.108
7.623
5.636
8.746
9.061
8.655
8.726
9.061
8.538
8.702
7.824
8.604
8.933
8.598
5.781
7.343
8.968
8.193
9.040
8.686
8.494
9.074
8.219
6.582
8.970
8.611
9.058
3.525
8.591
9.052
8.927
9.107
8.463
9.006
9.095
8.873
9.061
7.709
9.074
8.813
8.620
9.084
8.764
5.933
9.080
9.049
8.412
8.620
9.118
8.322
9.043
8.669
9.066
8.647
9.066
9.113
9.060
9.067
9.070
9.056
9.060
8.620
9.054
8.614
8.978
9.060
8.460
9.087
9.072
9.081
9.075
9.079
9.081
8.807
8.629
9.078
9.081
9.086
9.094
9.071
9.074
9.060
9.073
9.084
8.961
7.321
9.084
8.686
8.229
8.620
8.969
9.079
8.667
9.079
9.069
8.411
8.374
9.080
9.111
9.061
7.824
8.933
9.046
8.683
9.127
8.322
8.968
9.031
8.598
5.781
9.150
8.892
9.053
8.978
8.803
8.828
8.389
8.219
8.378
8.969
8.452
8.831
8.804
8.911
8.852
8.381
8.995
8.819
9.081
8.618
9.117
9.087
9.000
9.066
9.089
8.635
9.105
8.822
9.086
9.095
7.709
8.226
8.515
9.111
8.466
9.047
9.068
8.187
9.060
9.072
9.024
8.967
9.059
9.065
9.059
9.087
8.098
9.064
9.068
9.063
9.098
9.080
9.069
8.994
9.068
9.063
9.128
9.109
9.078
8.168
8.975
8.975
9.083
8.664
9.080
9.115
9.060
9.071
7.720
7.863
9.062
9.075
9.077
9.090
9.086
9.103
8.989
9.077
9.084
9.074
8.995
7.321
8.828
8.466
8.229
8.620
9.042
9.095
9.083
9.102
7.589
9.071
9.072
8.933
8.891
9.093
8.380
9.150
8.665
8.829
7.824
8.322
8.840
8.598
5.781
8.229
9.118
9.082
8.848
8.925
8.585
9.056
8.865
8.780
8.559
8.967
8.219
9.090
8.461
9.059
8.991
8.865
9.106
8.713
9.107
7.589
9.112
9.064
9.119
6.541
9.056
9.050
9.097
8.734
8.651
8.527
8.832
7.709
8.977
8.913
8.742
8.640
9.090
8.758
9.048
9.072
9.044
9.063
8.229
9.058
8.816
9.082
8.976
9.060
9.070
9.093
9.068
8.975
8.867
8.622
9.065
9.102
8.985
9.066
9.040
9.061
9.053
9.063
9.062
8.973
9.048
9.118
9.052
9.082
9.089
9.099
7.746
9.074
9.070
8.988
8.439
9.067
9.071
9.080
9.076
9.073
9.099
9.068
9.104
9.086
7.321
8.832
8.229
8.466
8.620
8.943
9.068
9.124
8.932
9.044
9.096
9.057
8.829
9.077
9.086
9.150
7.824
8.322
9.042
8.598
5.781
8.751
9.106
8.571
8.670
9.089
9.107
9.058
9.117
9.044
9.080
8.967
8.229
9.096
8.900
9.088
8.838
8.731
9.100
9.060
9.005
8.722
8.985
8.652
9.046
8.728
8.856
9.025
7.709
9.078
9.015
9.057
9.046
9.059
8.831
8.405
8.736
8.966
9.076
8.833
9.099
8.416
8.708
9.090
9.099
9.056
9.092
9.090
8.616
9.059
9.083
9.072
9.060
9.133
9.051
9.077
9.069
9.052
9.093
9.058
9.074
9.079
8.958
9.030
8.497
8.896
8.869
9.075
9.086
9.073
9.084
9.100
9.074
9.056
9.092
9.101
9.060
9.075
9.107
8.361
9.062
9.087
8.969
9.049
9.078
8.095
9.067
9.116
8.943
8.832
8.229
8.466
9.150
7.824
8.736
8.322
8.598
9.044
8.835
8.411
9.096
9.047
9.040
9.064
8.735
8.974
8.980
9.070
9.065
8.766
8.616
8.550
9.056
8.967
8.869
9.058
8.989
9.053
8.232
8.365
9.097
9.048
8.732
8.420
9.135
9.074
9.067
9.060
9.111
8.994
9.122
8.985
8.497
9.058
9.109
9.066
7.709
9.062
8.978
9.051
8.260
9.071
9.112
9.081
8.813
8.608
9.073
9.094
9.069
9.099
9.114
9.099
8.048
8.973
8.286
9.074
9.080
9.063
9.060
9.143
9.056
8.986
9.059
9.068
9.073
9.063
8.751
8.866
4.672
9.061
9.082
9.079
9.066
9.081
9.112
9.060
9.076
9.087
7.597
9.083
9.080
8.082
9.070
9.064
9.059
9.077
9.089
9.073
9.079
9.102
8.769
9.121
9.082
9.113
9.088
9.072
8.832
8.229
8.835
8.466
9.150
7.824
8.736
8.322
9.116
9.077
8.497
9.090
8.417
9.089
9.111
9.126
9.112
8.983
8.583
9.061
9.099
9.061
8.986
8.973
8.869
8.985
9.073
9.073
9.063
8.753
8.662
8.329
8.780
7.777
9.037
9.100
9.116
8.731
9.106
9.048
8.985
8.497
9.037
8.711
8.398
8.892
7.709
8.808
8.664
9.067
8.899
9.108
9.092
8.301
9.023
9.101
8.979
9.096
9.113
8.722
8.696
7.998
8.565
8.863
8.231
9.070
9.070
8.988
9.120
9.066
9.034
8.907
9.070
9.107
8.983
9.084
9.110
9.109
9.067
9.086
9.070
9.077
8.815
9.057
8.258
8.613
9.088
9.066
8.262
8.992
9.070
9.074
8.863
9.077
9.061
9.073
9.057
9.057
9.064
9.070
9.076
9.078
9.083
9.080
9.074
9.112
8.808
8.832
8.229
8.466
8.731
9.117
9.058
9.096
9.125
9.113
9.094
9.055
8.819
9.150
7.824
9.118
9.107
8.914
8.739
8.657
8.921
9.104
8.832
8.986
9.051
9.107
8.231
9.107
8.973
9.088
9.113
9.106
8.485
8.296
8.996
9.124
9.055
9.115
9.094
9.111
9.048
8.983
8.497
8.262
9.070
8.939
9.047
7.709
8.877
9.053
8.402
7.714
9.097
8.936
8.807
8.314
9.113
8.987
9.106
9.090
8.559
9.139
9.092
9.124
9.094
9.071
9.088
9.073
9.059
9.077
9.060
9.052
9.079
8.988
9.052
9.063
9.065
9.064
8.845
9.067
9.076
9.072
9.083
9.009
9.070
9.099
9.106
9.074
9.080
9.063
9.061
9.053
9.056
9.069
9.072
9.110
9.072
9.116
9.044
9.090
9.098
9.085
8.832
8.229
8.466
8.731
9.042
9.047
9.098
9.080
9.093
9.026
9.150
8.877
8.459
7.824
8.655
8.570
9.052
9.129
9.064
9.058
9.112
8.986
9.062
9.107
9.093
8.626
8.231
8.973
8.395
8.845
8.407
8.742
9.088
9.090
9.072
8.636
9.094
8.933
8.983
8.993
9.128
9.063
8.911
9.052
8.497
8.262
8.975
8.438
8.505
9.105
9.053
8.816
7.432
8.887
9.119
9.098
9.063
9.066
8.810
9.113
9.066
8.564
8.294
9.092
9.059
9.124
9.049
8.219
9.055
9.060
8.841
9.038
9.071
9.072
9.060
9.071
9.059
9.073
9.087
9.056
9.068
9.068
9.111
9.087
9.077
8.978
8.742
8.873
8.973
9.089
9.073
9.084
8.771
9.096
9.063
9.083
9.114
9.072
9.087
5.470
9.068
9.073
9.102
9.089
9.100
8.832
8.229
8.731
9.150
8.877
7.824
8.911
9.043
9.025
9.082
8.447
9.128
9.089
9.078
9.089
8.269
9.073
9.059
8.738
8.926
9.076
8.401
9.131
7.692
8.900
9.046
8.711
8.986
8.231
9.078
8.873
8.521
9.063
9.095
9.102
9.079
9.063
9.113
8.924
9.114
9.102
9.034
8.599
9.131
9.060
9.089
9.117
8.983
8.716
8.497
8.262
8.991
9.007
7.251
8.905
9.061
9.069
9.119
9.103
9.063
8.533
9.113
7.352
9.102
8.793
9.056
8.086
4.056
8.202
9.115
9.055
8.878
8.130
8.981
9.084
8.972
8.830
9.072
9.073
9.107
9.043
9.075
9.023
9.056
9.027
8.964
8.895
9.080
8.823
9.133
9.081
9.079
9.065
9.101
9.062
9.081
9.061
9.102
9.090
9.105
9.076
9.072
9.091
9.067
9.087
9.072
7.994
9.058
9.068
8.832
8.229
8.731
9.150
8.926
8.877
7.824
9.088
9.074
9.121
9.111
9.065
9.070
9.049
9.107
8.942
9.117
9.108
9.065
8.412
9.051
9.075
8.806
8.609
8.986
8.981
9.067
9.056
8.231
8.873
8.225
8.983
8.938
9.099
8.497
8.870
8.687
8.932
8.345
7.566
9.080
9.031
8.652
9.114
9.095
9.071
8.661
9.052
5.827
9.122
9.054
9.034
8.928
8.899
9.045
9.113
9.102
8.962
8.830
9.070
9.105
9.077
9.071
8.975
8.602
9.098
9.074
9.054
8.970
8.596
8.789
9.063
9.079
9.085
9.116
9.094
9.075
9.078
8.694
9.104
9.066
9.114
9.090
9.103
9.057
9.084
8.637
8.836
9.081
9.113
9.106
9.032
9.069
9.109
9.078
8.180
9.063
9.080
9.072
9.072
3.483
8.832
8.229
8.731
9.150
8.928
8.877
7.824
9.049
9.097
9.044
9.077
9.121
9.117
9.081
9.102
8.976
9.111
9.106
9.057
9.121
8.720
9.135
8.986
8.981
8.231
8.873
9.097
9.106
8.793
8.367
9.062
8.900
9.054
8.690
9.053
8.613
8.317
8.983
8.497
8.671
8.796
9.080
9.092
9.099
9.099
9.127
8.743
8.931
9.088
9.038
9.055
8.552
8.888
9.114
9.102
8.767
9.051
9.075
8.610
9.112
9.027
9.101
9.052
9.071
9.097
9.004
9.092
9.073
9.055
9.058
9.079
9.067
8.812
9.076
9.058
9.080
8.746
9.100
9.066
8.882
9.060
9.080
9.071
9.067
9.006
9.058
9.080
9.061
9.073
9.112
9.081
9.076
7.843
9.092
9.077
9.040
9.070
9.085
9.084
9.076
8.832
8.229
8.731
9.150
8.928
8.877
7.824
9.047
9.094
9.112
9.088
9.058
9.092
9.059
9.042
8.608
9.102
9.068
8.146
9.101
9.119
9.111
9.040
9.109
9.075
8.986
8.981
8.231
9.063
8.873
9.050
9.064
9.088
8.172
8.983
8.497
9.094
9.072
8.571
8.795
9.035
8.473
8.965
9.086
9.105
9.107
8.472
9.040
9.129
8.411
9.056
9.041
9.058
8.490
9.110
9.114
8.240
8.601
9.102
8.253
9.082
9.051
8.649
9.065
9.096
9.079
9.056
9.101
9.071
8.818
9.055
9.072
8.984
9.050
9.061
9.079
9.076
9.068
8.964
9.069
9.077
9.081
9.080
9.075
9.088
9.095
9.079
9.122
8.814
9.056
9.059
7.799
9.068
9.096
9.053
9.117
9.087
9.090
9.072
3.124
9.065
9.077
8.832
8.229
8.731
9.100
9.117
9.113
9.150
9.081
9.058
9.113
8.990
8.928
8.877
7.824
9.113
9.101
9.113
8.371
8.942
9.071
9.095
8.986
8.981
8.231
8.852
8.873
8.459
9.119
8.816
8.956
9.120
9.109
9.103
9.081
8.965
8.983
8.497
7.786
9.061
9.099
9.050
8.962
8.730
9.004
9.110
9.060
9.032
9.051
9.063
8.711
8.317
8.875
9.047
9.120
9.114
9.102
8.407
9.116
9.069
9.056
9.062
9.075
9.057
9.078
9.108
9.070
8.998
8.438
9.111
9.073
9.060
9.059
9.076
9.078
9.121
8.159
9.063
9.076
9.080
9.084
9.104
9.053
9.079
9.109
9.090
8.965
9.114
9.072
9.070
9.098
9.065
9.076
9.077
8.611
9.108
9.085
8.852
8.832
8.731
9.150
8.928
8.877
7.824
9.078
8.913
9.129
9.119
9.138
9.088
9.046
9.055
9.092
8.843
8.424
7.832
8.770
9.130
9.062
8.986
8.981
9.093
8.968
8.521
8.231
8.873
9.074
8.847
8.983
8.262
8.497
9.050
9.087
9.059
9.052
7.929
9.059
8.928
6.247
8.884
9.119
9.055
9.025
9.110
8.872
8.979
9.059
8.786
8.668
8.851
8.820
9.116
9.102
9.107
8.815
7.411
9.114
9.102
8.856
8.678
8.506
9.060
9.060
9.077
9.077
9.070
9.071
9.053
9.097
8.214
9.086
9.078
9.124
8.279
9.067
9.078
9.076
9.069
9.076
9.067
8.727
9.101
7.785
9.119
9.085
9.069
9.095
9.106
9.079
9.092
8.752
9.085
8.291
9.086
9.067
9.082
9.043
9.069
8.593
9.099
9.055
9.076
9.117
9.080
8.852
8.832
8.731
9.099
9.103
9.102
9.087
9.150
9.088
8.928
8.877
8.406
7.824
9.107
9.086
8.990
9.112
9.131
8.772
8.853
8.438
8.594
8.986
8.748
8.981
8.231
8.873
8.360
8.234
8.112
9.072
9.097
9.124
9.107
9.110
9.118
9.111
9.138
8.983
8.671
8.497
9.069
9.055
8.798
9.105
8.755
8.360
9.093
7.626
8.917
9.079
9.085
9.071
9.067
8.862
9.128
9.031
8.931
9.114
9.102
9.049
9.049
8.978
9.069
9.050
9.081
9.003
9.057
9.084
9.077
9.052
9.110
9.032
9.111
9.108
9.071
9.105
9.121
9.100
9.097
9.072
8.599
9.082
9.043
9.080
9.088
8.849
9.060
9.087
9.081
9.075
8.821
9.053
9.089
9.073
8.976
9.056
9.066
9.056
9.004
9.088
9.064
9.110
9.070
9.113
9.108
9.084
8.853
8.755
8.832
8.731
9.150
8.928
8.877
7.824
8.986
8.981
8.231
9.073
9.079
9.117
9.131
7.204
9.084
8.597
9.062
9.064
9.124
9.066
9.056
9.056
8.667
8.141
8.576
9.095
9.117
8.342
8.743
6.792
9.060
7.804
9.060
9.058
8.849
8.932
9.067
8.983
9.110
9.066
8.497
9.066
8.948
9.073
8.871
8.616
8.860
9.059
3.576
3.902
8.438
9.061
9.036
8.908
9.073
9.114
9.065
9.086
9.066
7.547
9.058
9.098
9.081
9.101
9.095
9.071
9.007
9.071
9.063
9.074
9.108
9.103
9.117
8.750
9.020
9.093
9.080
9.082
8.816
9.093
9.077
9.067
9.069
9.092
9.015
9.081
9.103
9.089
9.103
9.085
9.076
9.085
9.090
9.066
9.084
9.065
9.076
9.062
9.080
8.853
8.832
8.731
9.150
8.928
8.877
7.824
9.075
8.978
9.118
9.011
9.109
9.081
9.049
9.054
8.986
9.105
8.981
8.231
9.132
9.062
8.224
8.542
9.062
9.078
8.869
8.761
9.084
8.849
8.983
8.497
8.406
9.106
8.847
9.100
9.075
9.071
9.056
8.271
8.957
9.044
8.779
9.086
8.750
9.064
9.087
9.074
8.931
9.099
9.061
9.096
8.811
9.097
8.436
8.790
9.114
9.061
8.303
9.077
9.074
9.056
9.073
8.130
9.069
9.088
9.075
9.066
9.078
9.091
9.078
9.080
9.074
9.112
9.115
9.094
9.006
9.046
9.081
9.083
9.071
9.111
9.063
9.096
9.071
9.135
9.072
9.073
9.060
9.073
9.091
9.007
9.081
9.081
9.074
9.064
8.839
9.083
9.080
9.083
9.105
8.853
8.832
8.811
9.150
8.928
8.877
8.341
9.046
9.047
9.114
9.125
9.087
9.067
9.061
9.045
9.115
8.908
9.121
9.101
8.986
8.981
8.953
9.093
9.089
8.231
9.074
8.849
8.983
8.497
9.084
8.879
9.098
8.675
8.324
8.522
8.210
9.051
9.044
9.100
9.106
8.912
9.097
8.750
7.492
8.718
8.760
8.830
8.735
9.113
8.232
9.050
9.068
8.950
8.975
8.787
9.059
8.887
9.114
9.096
9.058
9.058
9.067
9.057
9.077
9.076
9.066
8.974
9.033
9.069
9.057
9.111
8.557
8.833
9.065
9.057
8.920
9.074
9.082
9.077
8.758
8.996
9.055
9.100
9.103
9.073
9.098
9.071
9.056
9.063
9.067
9.106
9.068
9.093
9.069
9.130
9.106
9.089
8.221
9.074
9.081
9.082
9.085
9.077
9.129
9.062
9.100
8.853
8.832
8.811
9.150
8.928
8.877
9.046
9.088
9.081
9.119
9.048
9.047
9.076
9.092
9.114
8.966
9.073
9.088
9.065
9.052
8.986
8.981
8.231
8.385
8.388
9.111
9.097
9.047
9.003
8.879
9.071
8.649
8.625
8.782
8.993
9.111
8.849
8.983
8.497
8.877
9.068
8.870
8.560
9.066
9.085
9.059
9.085
9.120
9.066
9.042
9.108
8.750
7.817
8.833
9.053
8.681
9.084
9.115
9.095
9.027
8.835
9.096
8.405
8.149
9.062
9.070
8.821
9.070
9.072
9.071
8.815
8.168
9.090
9.092
8.987
9.088
9.097
9.082
9.092
9.062
8.626
9.141
9.076
9.056
9.069
9.079
8.944
9.098
4.303
9.099
9.080
9.066
9.089
8.871
8.922
9.100
7.774
9.066
9.077
9.074
8.604
9.069
9.071
9.121
9.081
9.101
9.092
8.853
8.832
8.811
9.150
8.928
8.877
9.055
9.112
9.118
9.049
9.125
9.107
9.079
9.068
9.075
9.088
8.901
8.913
9.062
9.130
9.106
8.986
8.981
8.231
9.057
7.501
9.080
8.975
9.061
9.091
8.299
8.845
8.829
9.085
8.725
9.084
9.101
9.105
9.108
9.115
9.046
9.111
8.849
8.983
8.497
8.990
9.068
8.434
9.087
8.750
9.066
7.658
8.677
9.059
9.092
9.097
9.060
8.687
9.117
8.488
9.096
8.874
8.532
9.083
8.614
8.973
9.063
9.061
9.056
9.058
9.058
9.058
9.081
9.058
9.073
9.067
9.072
9.047
9.019
9.085
9.042
7.822
8.791
8.279
9.081
9.071
9.087
9.078
9.093
9.125
8.738
9.066
9.068
9.060
9.013
9.099
9.068
9.069
9.086
8.183
9.103
5.541
9.075
9.055
9.101
9.082
8.853
8.832
8.811
9.150
8.928
8.877
9.114
8.976
9.070
9.126
9.074
9.098
9.085
9.056
9.079
9.115
9.113
9.057
8.411
9.071
9.061
9.058
9.114
9.099
9.087
9.108
8.973
8.986
8.231
9.053
8.899
9.134
8.956
8.596
9.064
9.111
9.055
8.849
8.983
8.497
8.981
8.750
8.610
9.065
9.100
9.064
9.012
9.055
9.076
8.745
9.068
9.060
9.061
8.789
9.048
8.633
8.606
9.055
8.997
8.581
8.902
9.075
9.096
8.873
8.216
9.058
9.057
8.867
9.064
9.065
9.079
8.834
9.103
9.064
9.087
9.069
9.063
9.082
9.109
9.108
9.061
9.102
9.117
9.083
8.968
8.754
9.069
9.061
9.090
9.080
9.080
9.081
9.091
9.091
8.673
9.073
9.110
9.055
9.086
9.067
8.265
9.075
9.077
9.084
9.092
9.085
9.056
9.069
8.853
8.832
8.811
9.150
8.928
8.877
9.116
9.092
8.716
9.081
8.973
8.986
8.832
9.116
9.048
8.937
8.231
8.360
8.931
9.094
9.051
9.116
8.584
9.080
9.058
9.075
9.077
9.056
9.069
9.092
8.986
9.106
9.074
8.155
9.051
9.111
8.849
8.983
9.033
8.497
9.074
8.896
9.074
8.639
9.064
9.060
8.367
9.061
9.059
8.830
8.668
7.647
8.942
6.992
9.070
9.102
8.127
8.658
8.900
9.075
9.096
8.823
9.049
9.086
8.820
9.091
9.073
8.998
9.080
9.061
9.069
9.068
9.094
9.029
9.074
9.071
7.785
9.076
9.102
9.091
9.007
9.094
8.960
9.083
9.070
8.969
9.103
7.901
8.922
8.196
9.097
9.068
9.064
9.107
9.063
9.086
9.116
9.100
9.068
7.704
9.085
9.068
9.087
9.085
9.069
9.101
9.068
9.098
9.071
8.896
8.853
8.832
9.150
8.928
8.877
9.067
9.084
9.052
9.086
9.121
9.119
9.051
9.053
8.651
9.098
9.073
9.081
9.074
9.038
8.973
9.050
9.108
9.105
9.054
9.095
9.076
8.891
9.102
8.916
9.061
8.770
8.932
8.996
8.806
9.107
9.109
9.067
8.552
9.111
9.057
9.007
8.849
8.983
9.068
7.463
9.116
9.088
9.062
9.061
9.061
9.076
7.844
9.098
8.960
9.049
9.094
8.488
8.506
8.425
9.071
9.101
8.748
8.680
4.643
9.098
9.055
9.068
9.095
9.081
8.977
9.072
8.990
9.077
9.071
9.089
9.097
9.073
8.423
9.121
9.079
8.618
8.159
8.963
9.072
9.075
9.110
9.077
9.066
9.064
9.096
9.059
9.076
9.080
9.070
9.081
9.109
9.079
9.102
9.081
9.109
9.066
8.811
9.083
9.051
9.095
8.553
9.094
9.052
