hardness
 (GPa)  
   9.642
   6.889
  12.444
  10.146
   6.818
   4.182
   7.989
  11.978
  13.181
  11.576
   4.210
  14.849
   9.426
  11.961
   9.186
   9.277
   8.976
   5.988
  13.438
  11.320
   7.503
  13.819
  14.625
   9.488
  10.727
  15.004
   9.857
   9.508
  10.273
   8.387
   7.017
   9.663
   5.467
   8.345
  11.266
  10.521
   8.155
   9.055
   7.991
   4.741
  16.135
  13.103
  14.053
  12.773
   5.541
  10.751
   7.647
   8.854
  12.264
   8.006
   9.477
  12.141
   8.139
  13.122
  10.446
  10.273
  11.731
   8.859
   8.582
   6.581
   7.392
  11.808
  13.732
   8.916
   9.190
   6.261
  10.049
   6.783
   7.583
   9.972
   8.286
   8.291
   9.756
   8.857
  16.171
   8.305
   9.621
   8.031
   9.349
   7.992
   9.056
  17.942
  11.293
   8.151
   9.502
  13.175
   8.205
   8.232
   8.435
  17.555
   9.977
  11.183
   7.743
  14.873
   8.483
   9.357
   8.524
  14.649
  11.529
   7.514
  14.748
   9.780
  10.069
  11.036
  12.745
   9.884
   9.296
  18.512
   8.542
  10.091
  11.503
  12.022
  19.095
  10.678
  16.056
   9.375
  21.152
  16.211
  16.336
  15.282
   7.133
   9.428
  21.142
  10.192
  12.381
   7.932
  12.442
  10.295
  11.904
  13.172
  19.655
   6.380
  15.990
   7.632
  17.479
   7.820
   7.923
  16.556
  11.300
  11.948
  14.709
  19.595
  16.620
  18.669
   4.325
  16.289
  13.835
   8.727
  17.307
   5.862
  12.537
   8.796
  15.627
   4.966
   5.682
  19.849
  19.155
   7.161
  15.132
  10.524
  13.135
   3.537
   7.546
  11.648
   8.090
  11.432
  21.224
  20.048
  11.435
  15.257
  13.566
  14.656
  21.164
  10.640
  11.079
  14.620
  16.334
  17.217
  10.710
  15.561
   9.979
  20.140
  21.118
  16.828
  13.181
  16.171
  12.141
  21.142
  14.748
  15.490
  21.123
  15.282
  11.904
  17.464
  14.940
   7.937
  17.506
  11.730
  13.001
  17.504
   9.267
   0.561
  10.241
  17.532
   6.553
   7.067
  17.262
  10.721
  11.628
  17.217
  10.617
  16.289
  15.257
  14.709
   8.458
   5.829
  10.644
  17.753
  16.856
   8.092
  18.875
  15.627
  12.537
   7.048
  10.782
  21.104
   2.656
   9.798
   6.842
  13.287
  15.662
  11.061
  14.858
  21.224
   7.987
  16.217
  16.334
  18.465
  10.532
  10.812
  21.151
  11.502
   4.697
   5.946
  18.726
  13.132
  14.775
  19.819
  15.508
  21.048
  10.104
  18.669
   8.947
   7.525
  14.088
  17.319
  14.564
  13.200
   8.460
  15.716
  14.164
  19.684
  11.553
  17.124
  21.088
   5.756
  18.383
  11.581
  19.047
  15.886
  18.829
  16.555
  11.841
  12.965
  21.101
  11.624
  14.322
  17.423
  18.594
  13.498
  10.573
  15.410
  11.684
  16.171
  14.748
  21.151
  16.856
  15.282
  14.775
  14.052
   8.600
  10.556
   7.607
   9.060
  12.620
   7.882
  15.388
  17.512
   2.308
  17.217
  16.289
  21.062
  11.856
  21.262
  15.508
  15.418
  18.654
  15.257
  14.709
  21.346
   7.149
   8.748
  17.124
  10.878
  19.294
  12.073
  15.627
  10.602
  13.906
   7.653
  15.675
   8.123
  13.747
  13.029
   9.291
  18.822
   7.435
  18.272
  10.953
  14.970
  17.524
  17.935
  17.336
  19.327
   9.119
  18.172
  10.395
  16.331
  21.224
  16.334
   8.190
   5.939
  21.201
  16.341
  17.479
  10.191
  11.808
  10.603
  11.905
   5.881
  18.349
  11.980
  20.358
  14.546
  16.250
  10.202
  17.823
  20.420
  16.697
  18.610
   7.293
  14.196
  14.798
  11.618
  16.013
  19.861
  13.959
  10.860
  13.334
  16.939
  17.313
  21.181
   7.017
  14.267
  10.937
  21.010
  18.579
  12.263
  13.246
  16.357
   7.395
  12.686
  16.471
  20.200
  17.710
  16.854
  21.161
  21.152
  13.554
  18.822
  14.748
  19.294
  16.341
  15.282
  14.775
  16.140
  17.237
  14.372
  16.937
   7.956
  16.227
  12.574
  16.157
  12.813
  17.065
  14.693
  21.346
   9.217
   9.820
  17.217
  15.508
  16.322
  15.257
  14.709
  17.056
  19.818
  18.468
   8.606
  12.628
   9.400
  17.186
  11.156
   8.908
   8.182
  18.349
  15.627
  16.346
   5.692
   3.294
  16.716
   6.545
  16.213
   8.142
  12.880
   9.327
  18.218
  14.085
  18.441
  12.307
  18.908
   8.361
  13.942
  12.749
   6.588
  13.481
  20.503
  16.334
   8.577
   9.594
  10.433
   8.139
  16.471
  11.392
  19.667
  10.525
  16.249
  15.046
  16.062
  19.699
   9.456
  20.052
  17.495
  21.100
  20.102
  17.412
  20.637
  16.633
   7.841
  10.389
  15.475
  15.100
  20.210
  15.090
  18.637
  20.614
  19.683
  10.636
   8.472
  17.559
  10.475
  18.431
  10.409
  17.465
  21.204
  10.962
  12.573
   8.716
  16.309
  15.484
  13.855
  19.499
  20.120
  21.095
   7.302
  15.594
  21.243
  17.608
  21.186
  13.558
  14.748
  20.503
  17.056
  16.341
  14.775
  15.004
   4.340
  12.836
  13.711
  21.051
  17.256
  12.489
  12.855
  17.028
  14.422
  21.346
  17.217
  15.508
   6.290
  15.257
  14.709
  12.564
  13.966
  10.370
  12.752
  14.472
  21.203
  11.228
  16.653
  19.680
  15.631
  18.349
  16.062
  21.135
  16.949
  19.426
  12.535
   9.559
  17.383
  13.811
  14.796
   7.790
  20.210
   6.077
   9.497
  13.551
   6.953
  10.815
  16.334
  12.682
  20.599
  16.538
   8.879
   5.573
  14.116
  13.063
  16.078
   7.107
  17.259
  16.393
  21.243
  13.828
   9.120
  13.723
  19.773
  10.455
  21.156
  20.991
  10.626
  20.600
  20.109
  12.969
  12.400
  14.565
   8.317
  11.560
  12.294
  11.272
  17.655
  16.339
  11.556
  14.430
  14.991
  14.930
  17.779
  11.532
  15.308
  21.166
  21.192
  20.098
  21.190
  16.169
  15.587
  11.413
  20.252
  16.485
   5.111
  16.895
  17.007
  10.529
  11.882
  17.721
  14.068
  19.668
  20.812
   5.007
  20.071
  21.221
  15.004
  20.503
  17.056
  16.341
  21.346
  17.217
  16.078
  15.508
  15.257
  21.048
  16.791
  11.765
  12.390
  13.290
  21.033
  18.654
   8.593
  15.161
   9.654
  13.919
  21.130
  11.778
   7.482
  13.487
  21.096
  18.349
  15.308
  15.927
  14.768
   7.339
   7.909
  10.814
  18.158
  21.066
   9.687
  13.623
  18.566
  20.496
  11.491
  16.527
  17.931
  18.331
  20.904
  20.210
  17.779
  20.714
  21.198
   9.768
  16.334
  14.532
  13.832
  21.075
   9.208
  17.757
  14.179
  13.449
   6.031
   9.264
  21.009
  21.125
  17.360
  21.243
  19.822
  15.219
   9.177
  16.553
   7.726
  19.020
  19.741
  16.023
  13.997
  19.328
  16.513
  18.586
  10.492
  21.135
  17.035
   5.009
  11.483
  14.771
   1.600
  17.525
  11.744
  11.532
  14.600
   7.379
  17.527
  20.238
  20.792
  19.717
   9.591
  19.323
  17.432
  11.331
  20.080
  20.047
  16.619
  14.101
  11.193
  17.824
  14.201
  19.208
  14.277
  21.253
  20.826
  21.259
  17.671
   9.600
  20.503
  17.056
  16.791
  16.341
  21.346
  17.217
  16.078
  15.508
  21.259
  21.067
  11.704
  21.036
  13.793
  18.070
  18.202
  19.849
  14.176
  11.464
   9.337
  17.042
  14.755
  18.643
  18.586
  16.553
  15.308
  13.294
  16.514
  21.151
  13.966
   8.689
   9.268
   7.617
  11.375
   9.186
  15.147
  18.896
  21.234
  17.172
  19.794
  20.714
  20.210
  17.779
  15.492
  11.193
   7.788
  17.467
  16.334
  17.867
   8.151
   8.360
  13.623
  19.814
  19.752
  10.513
   9.554
  17.518
  14.668
  17.374
  21.259
   8.593
   4.660
  11.292
   8.863
  12.816
  17.589
  11.286
  21.145
  17.507
  17.569
  12.320
  14.660
   8.308
   9.527
  20.947
  20.470
  11.544
  18.500
  15.980
  17.612
   7.324
  20.082
  21.029
  10.527
  13.550
  10.606
  15.975
  14.308
  21.103
  16.713
  15.066
  17.121
   9.629
  14.659
  21.160
   4.958
  20.076
  20.593
  18.931
  20.615
  20.084
   7.365
  11.513
  17.272
  18.097
  19.683
  16.080
  17.867
  20.503
  17.056
  16.341
  17.172
  17.242
   3.273
  17.870
  11.647
  21.216
  10.376
  19.688
  10.463
  21.346
  17.217
  18.215
  21.221
  10.848
  11.001
  15.220
  13.236
  21.181
  15.989
  18.586
  21.075
  14.445
  17.589
  21.189
  16.553
   6.521
  19.805
  18.257
   9.634
   6.775
  17.970
  21.271
  11.505
  13.565
  17.120
  18.768
  12.025
  20.470
  17.779
  16.713
  13.694
  16.245
  21.061
  16.334
  18.752
   4.340
   8.581
   9.272
  18.138
  15.685
   9.880
   9.697
  21.259
  15.992
  18.247
   8.553
   8.534
  21.307
  17.074
  21.287
  20.695
  14.512
  17.579
  12.965
  10.417
   8.387
   5.004
  15.314
  15.761
   2.770
  12.213
  10.549
  13.590
  12.225
  16.468
  19.376
  11.343
  20.129
  17.473
  13.529
  20.950
  18.996
  17.914
  11.708
  20.774
  15.658
  17.938
  10.188
  21.062
  16.700
  20.075
  16.519
  20.095
  20.586
   4.284
  14.422
  21.240
  21.175
  20.503
  17.056
  16.341
  17.172
  21.041
  17.780
  17.859
  17.505
  16.038
  14.780
  21.346
  18.752
   6.559
  17.217
  11.606
  14.873
   9.782
  18.990
  11.584
  12.939
  18.828
  18.586
  17.289
  19.430
  21.141
  11.754
  17.589
  16.553
  13.967
  16.468
   9.353
  13.130
  15.257
  16.161
  15.550
   6.441
  17.721
  16.088
  20.470
  14.333
  17.151
  12.176
  17.079
  19.675
  17.779
  16.713
  15.317
   9.288
  12.772
  21.016
  15.959
   8.369
   8.118
   9.304
  18.515
  14.245
  19.713
  12.228
  13.084
  21.259
  11.524
   9.559
   8.394
  17.687
  15.838
  21.252
  11.697
  15.676
  10.522
  10.584
   8.921
  16.538
  13.057
  16.446
  20.049
   9.761
  16.667
  11.890
  19.511
  21.104
  13.699
  10.565
  18.613
  19.719
  12.416
  15.534
  12.985
  17.320
  17.439
  20.186
  17.195
   7.267
  15.833
  15.943
  12.505
  19.021
  17.947
  15.227
  13.721
   1.427
  14.103
   9.641
  18.684
  21.141
  19.270
  20.503
  17.056
  17.172
  21.346
  18.752
  17.217
  17.079
   8.614
  14.376
  14.129
   9.824
  19.859
  17.067
   8.583
  19.741
   5.694
  21.156
  16.118
   9.630
  18.876
  11.630
   6.338
  21.299
   8.459
  11.091
   8.035
   9.337
  18.586
  17.589
  10.997
  17.320
   8.009
  10.109
  21.157
  21.158
  17.248
  19.268
  21.250
  16.746
  21.087
  16.425
  17.197
   7.074
  21.080
  17.296
  17.355
  21.227
  20.470
  16.242
  17.779
  16.713
  13.225
   6.921
   7.622
  14.321
   9.491
  18.547
  21.232
  21.172
  21.118
  12.955
  21.259
  10.585
  18.684
   7.878
   8.358
   7.724
   6.424
  13.229
  16.095
  10.537
   7.321
  12.933
  18.251
  20.292
  16.775
   7.769
  16.405
  19.414
  21.206
  15.658
  21.162
  16.601
  20.605
  17.379
  16.877
   8.392
  15.248
  14.702
  19.853
  17.426
  11.290
  20.063
  19.003
   8.499
  13.570
  17.532
  19.366
  19.751
  12.675
  16.703
  14.664
  17.509
  20.059
  20.810
   9.709
  11.646
  20.876
  18.822
  20.503
  17.056
  17.172
  21.346
  18.876
  18.752
  17.217
  21.130
   4.996
  21.135
  11.942
  20.779
  21.140
   4.277
  20.836
  10.880
  17.133
  17.454
  19.723
  10.388
  13.538
   5.094
  15.343
  10.589
  18.586
  18.251
  14.525
  12.389
  17.589
  17.320
  11.861
  20.470
  12.279
  19.089
  17.779
  16.299
   9.811
  14.372
  11.431
   6.587
  17.769
  21.009
   9.960
  18.495
  18.402
  15.356
   8.470
  13.446
   3.158
  19.746
   5.311
  21.018
  20.015
  16.533
   7.768
  21.259
  18.684
   6.887
  19.299
  15.761
  19.776
  21.150
  16.777
  16.133
  13.085
  21.170
  17.057
  10.382
  14.252
   7.565
   9.017
  12.543
  19.063
  16.654
  15.829
  13.368
  14.001
  16.752
  12.070
  19.366
  21.119
  21.290
  16.470
  19.372
   5.094
  13.454
   2.474
  12.240
  16.091
  18.626
  21.203
  19.361
  11.704
  20.277
   7.337
  12.420
   5.102
  21.137
   7.392
  18.874
  -3.084
  20.503
  17.056
  17.172
  21.346
  20.015
  18.752
  17.217
  14.061
  16.561
  21.054
  18.709
  16.717
  19.315
  16.720
  21.056
  12.336
  18.212
  17.445
  15.940
  12.918
   9.132
  21.093
  18.586
  18.251
  17.589
  17.320
   8.570
  16.194
   9.953
  10.247
  10.618
   7.480
  14.755
   5.407
  10.400
   8.453
   9.201
  20.470
  17.779
   8.119
   8.804
  21.171
  21.221
  15.294
  16.249
  19.544
  11.898
  13.717
  21.107
  14.581
  12.239
   9.595
  10.126
  21.290
  18.684
   7.283
  11.137
  16.480
   9.952
  17.529
  19.630
  13.208
  20.579
  14.061
  20.487
  18.732
  16.069
  14.433
  12.605
  21.096
  19.467
  21.131
  17.287
  13.542
  14.157
  19.358
  15.627
  16.470
  15.573
   7.913
  18.874
   9.507
  13.602
  14.164
  15.244
  14.394
  12.548
  21.031
  18.579
  11.585
  19.715
  20.299
  10.716
  17.637
  17.655
  18.526
  20.079
  21.194
  19.122
   7.348
  20.503
  17.056
  17.172
  21.346
  20.015
  18.752
  17.217
  21.064
  21.149
  21.218
  21.103
  11.152
  11.688
  13.967
   9.577
  10.329
  18.310
  19.589
  10.860
  21.171
  18.439
  19.797
  19.711
  19.484
   9.682
  18.586
  18.251
  17.589
  15.399
  17.320
  19.671
   8.870
  21.178
  14.449
  20.470
  17.779
  11.619
  10.166
  10.966
   6.565
  11.777
  11.620
  19.125
  17.115
  21.184
  19.028
   6.225
  10.077
  21.305
  12.115
  13.102
  18.814
   9.769
   7.043
  18.078
  21.290
  13.371
  11.630
  18.684
  12.624
  17.506
  13.257
  10.892
   9.427
  21.240
  13.558
  13.444
  19.002
  15.056
  14.053
  12.556
  21.151
  15.588
  17.003
  14.386
  19.333
   9.762
  15.538
  16.288
  14.253
   7.389
  20.014
  21.167
  20.130
  21.174
  21.186
   9.512
  19.444
  11.323
  20.604
   5.142
  13.173
  19.463
  17.713
  16.176
  17.512
  18.580
  16.773
   7.410
  -2.227
  17.314
  21.133
  20.503
  17.056
  17.172
  12.969
  18.430
  18.206
  21.346
  10.837
   7.577
  21.247
  16.797
  20.015
  18.752
  17.217
  21.212
  19.781
  21.082
   8.281
  15.993
  12.984
  21.176
  18.586
  18.251
  17.589
  19.212
  17.320
   9.503
  17.523
  13.548
  15.525
  21.239
  14.545
  10.551
  20.924
  13.506
  20.470
  17.779
  15.642
  12.239
  16.266
   9.752
   7.861
   9.598
  13.633
  21.218
  10.650
  21.006
   4.324
  13.381
  12.075
  10.643
  15.703
  11.733
  21.240
  21.290
  18.684
   5.407
  21.231
  19.734
  11.437
  15.576
  10.958
  15.935
  16.160
  21.279
  14.707
  16.275
  13.740
  21.202
  11.534
  10.395
  20.599
  14.848
  11.542
  20.609
  10.685
  21.102
  17.576
  18.905
  19.109
  21.195
  10.943
  20.064
  21.155
   7.771
  19.267
  15.221
  11.239
  10.573
  21.202
  14.497
  21.159
  20.099
  14.509
  20.322
  21.192
  19.212
  20.503
  17.172
  21.346
  20.015
  18.752
  17.217
  14.261
  17.008
  16.177
  10.495
  21.316
  21.095
  20.695
  17.466
  17.663
  16.225
  10.601
  11.316
   6.502
  21.272
   4.973
  18.586
  18.251
  20.986
   9.487
   8.097
  17.589
  17.320
  21.156
  10.789
  20.470
  11.519
  17.779
  21.072
  17.191
  11.882
  16.182
  11.442
  15.722
  13.037
   6.122
  16.983
  11.824
  21.091
  11.763
  17.469
  13.688
  16.464
  12.978
  10.366
  13.629
   8.122
   8.001
  17.452
  17.899
  18.453
  15.940
  14.032
  21.290
  18.684
   7.433
   9.859
   8.141
  10.581
  13.780
  21.167
  14.712
  16.009
  10.488
   4.976
  13.527
  15.132
  20.904
  17.829
  19.559
   7.008
  21.080
   7.250
   7.388
  14.265
  13.484
  19.026
  12.459
  19.005
  11.642
   9.761
   7.243
   9.706
  18.940
  21.271
  19.698
  21.219
  12.882
  21.146
   8.924
  19.722
  21.106
  18.942
  19.325
  20.107
   9.205
  21.174
   9.729
   9.567
  20.124
  14.119
  19.212
  20.503
  17.172
  12.173
  18.310
  21.045
  12.852
  21.346
  16.804
  20.015
  18.752
  11.721
  17.217
  21.190
   8.540
  16.517
  19.607
  19.571
   8.641
  18.670
  10.827
   8.688
  18.586
   9.612
  18.251
  17.589
  17.320
   7.875
  12.025
  13.570
  11.990
  15.285
  16.113
  17.337
  17.827
  13.572
  19.123
  19.016
  20.470
  10.850
  17.779
  13.180
  20.757
   7.528
  11.935
  16.067
  12.583
  17.992
   7.018
   9.959
  19.688
  11.331
  18.666
  18.587
   4.685
  17.513
  13.609
  14.668
  21.290
  18.684
  13.430
   4.333
   7.764
  15.579
   4.916
  20.108
  13.219
  15.517
  20.286
  16.431
  21.066
  21.068
  12.542
  19.166
  18.588
  14.736
  20.385
  20.437
  21.170
  21.244
  21.150
  12.916
  19.994
   9.646
  15.900
  17.687
  20.611
   8.153
  18.759
  11.504
   7.463
  13.823
   4.944
  18.601
  20.156
  16.318
  21.083
  17.249
  20.589
  18.981
  17.420
  17.588
  18.487
  18.923
  19.349
  18.437
  21.148
  18.670
  16.067
  20.503
  17.172
  21.346
  20.015
  18.752
  17.217
  18.586
  18.251
  17.589
  19.771
  20.309
   9.730
  19.859
   5.051
  12.715
  12.625
   8.636
  21.114
  21.267
  12.166
  21.094
   8.337
   8.275
   8.212
  10.015
  11.950
  17.926
  11.575
   7.863
   6.769
  10.582
  12.477
  10.445
  21.057
  20.611
  15.360
  21.132
  20.470
  21.229
  18.632
  17.779
   8.397
  10.495
  20.976
  15.904
   7.047
  19.544
   5.089
   3.509
   9.248
   7.742
  14.017
  11.435
  10.128
  15.001
  21.290
   8.436
  13.297
  10.500
   4.323
  19.932
  15.456
  18.891
  17.442
  14.901
  14.604
  15.314
  18.596
  14.282
  21.168
  16.499
   7.485
  20.414
  17.327
  18.565
  21.219
   7.492
  14.290
  18.714
  20.508
  16.702
  16.763
  12.132
  18.798
  16.377
  20.194
  21.176
  19.121
  19.372
  21.040
  19.277
  21.190
  21.162
  14.217
   7.309
  20.027
  20.057
  19.449
  17.207
  18.670
  20.503
  17.172
  21.346
  20.015
  18.752
  17.217
  21.086
  15.066
  16.142
  16.891
  13.309
  16.545
  17.251
  21.088
  18.586
  19.773
  18.251
  17.589
   8.674
  20.614
  14.239
  11.322
  18.635
  17.393
  16.130
  12.095
  21.109
  20.611
  20.470
  17.779
  10.374
  17.901
  11.470
  12.459
  17.248
  17.240
  21.085
   8.798
   6.882
  21.049
  14.146
  21.199
  17.327
  10.577
  20.992
  19.576
  20.498
  16.186
  11.295
  18.559
  17.566
  17.423
   9.777
  11.438
  21.290
  10.669
   8.780
  16.072
  21.149
  14.005
  17.775
  10.779
  12.503
  13.558
  19.459
  16.216
  18.830
  17.652
  14.121
  18.718
  13.938
  18.416
  17.887
  21.157
  16.688
  15.818
   7.349
  11.500
  11.634
  16.477
  12.359
  18.652
  19.680
  21.304
  11.341
  12.380
  13.488
  20.054
  19.350
  20.921
   7.383
  20.657
  19.726
  18.772
   6.304
  12.506
  13.491
  21.043
  19.017
  18.670
  20.503
  17.566
  21.346
  20.015
  18.752
  11.333
  20.198
  11.670
  21.156
  18.726
  18.286
   8.873
  19.220
  21.053
  21.220
   6.850
  20.927
  10.293
  18.586
  18.251
  11.628
  18.423
  18.958
  17.589
  12.898
  20.611
  20.470
  17.779
  21.098
   9.094
  15.255
   8.891
   8.631
  14.911
  11.008
  13.148
  12.532
  19.462
  18.399
  15.925
  10.929
  17.327
  10.496
  12.747
   6.125
  19.300
   9.262
  21.223
  17.304
  21.071
   5.998
  15.376
  15.617
   8.223
  12.253
   7.984
  21.290
  18.652
  15.699
   5.116
  10.874
  12.396
  18.509
  21.163
  14.401
  15.791
  14.665
  20.175
  14.334
  21.291
   8.486
  11.542
  14.314
  13.504
  11.974
  11.682
  11.565
  21.160
  12.309
  20.228
  10.424
  18.998
  19.010
  13.481
  21.243
  21.141
  11.485
  21.123
  18.579
  21.209
  20.061
  14.240
  21.131
  17.560
  19.407
   9.788
  16.930
  20.121
  21.140
  20.197
  19.134
  19.039
  19.809
  18.499
  21.214
  18.670
  20.503
  17.566
  21.346
  20.015
  18.752
  18.171
  21.216
  12.267
  17.941
  13.263
  10.265
  16.007
  17.832
  21.252
   5.274
  19.678
  21.104
   7.888
  11.545
  18.586
  18.251
  17.589
  12.128
   9.660
  16.604
  16.306
  21.062
  16.825
  18.006
  21.142
   5.264
  10.829
  15.207
   9.572
  21.291
  20.611
  20.470
  17.779
   9.515
  17.033
   8.850
  10.010
  10.748
  12.524
  18.172
  21.097
  17.753
  10.353
  12.263
  16.187
  17.327
   7.208
  19.312
  21.084
   9.700
   8.489
  17.934
  14.976
  12.120
  16.713
  18.652
   9.061
  11.644
   5.074
  10.421
  12.809
  17.126
  21.151
  17.595
  15.790
   9.729
  21.212
  21.193
  16.175
  13.559
  17.611
  20.319
  21.221
  16.624
  10.492
  14.376
  16.859
  19.940
  13.467
  13.492
  16.761
   7.449
  -3.249
  19.001
  11.416
  17.143
  16.462
  15.960
  11.533
  17.721
  13.694
  20.028
   7.390
  17.654
   7.437
  20.057
  20.830
  11.771
  20.261
  16.441
  21.221
  18.670
  20.503
  17.566
  21.346
  20.015
  18.752
  19.706
  16.403
  21.229
   9.632
  21.259
  21.105
  17.515
  17.877
  21.165
  13.245
   8.779
  10.847
  13.087
  19.867
  21.020
  18.586
  18.251
  17.589
  21.092
  12.033
   2.620
  17.510
  20.596
  13.584
  10.452
   5.498
  16.586
  20.322
   7.407
  21.030
  21.077
  16.436
  14.131
  21.221
  21.060
  21.291
  20.611
  20.470
  17.779
  15.011
  21.134
  12.216
  21.208
  17.327
   7.861
   8.363
   8.644
   7.809
  16.542
  17.556
  13.761
  10.113
  15.152
   5.941
  18.652
   7.251
   8.956
  13.907
   8.038
  19.279
  10.585
  10.659
  11.347
  16.620
  10.602
  20.595
  11.691
  16.701
  15.497
  11.798
  20.843
  16.580
  19.639
  15.356
  14.356
  14.204
  18.388
  10.518
  16.159
  17.906
  16.535
  13.518
  18.974
  17.202
  17.219
  16.123
  11.684
  15.445
   5.528
   9.852
  16.746
  21.117
  20.185
   9.919
  19.354
  -0.285
  20.019
  18.673
  16.432
  18.605
  18.670
  20.503
  17.566
  21.346
  20.015
  18.752
  17.939
  15.362
   9.853
  13.499
  20.738
   8.437
  21.109
  12.183
  17.335
  21.221
  19.965
  21.101
  11.247
   3.772
  16.332
  14.524
  19.807
  21.162
  17.405
  21.195
  19.279
  18.586
  17.589
  16.928
  13.258
  10.556
  12.624
  10.129
  20.916
  21.291
  19.702
  20.611
  20.470
  17.779
  16.196
   8.458
   9.040
  21.126
  18.395
  21.121
  12.557
  18.704
  18.669
  11.247
   8.648
  21.105
  13.485
  13.321
  16.452
  10.274
   6.754
  21.069
  15.926
   9.218
  16.552
  20.019
  18.652
  18.147
  14.376
  21.095
  19.626
  17.669
  17.309
  12.281
  16.616
  18.308
  19.928
  18.016
  19.005
  14.326
  19.923
  21.182
  19.029
  17.908
  11.362
  21.259
  17.435
   7.304
  17.713
  14.500
  13.963
  10.943
  21.215
  17.630
  17.015
  19.026
   7.294
  21.185
  15.855
  21.080
  19.822
  14.273
  17.818
   7.457
  15.256
  19.285
  19.188
  16.455
  17.365
  20.239
  20.898
  20.086
  18.670
  20.503
  17.566
  21.346
  20.015
  18.752
  17.934
  20.539
  10.334
  21.183
  19.279
  18.586
  19.305
  16.548
  17.852
   7.841
  17.589
  11.039
  14.230
  15.414
  11.535
  18.006
  11.213
   9.405
  17.294
  21.024
  10.358
  10.552
  10.840
   8.723
  14.361
  18.432
  13.730
   9.991
  21.069
  21.291
  20.611
  20.470
  19.613
  17.779
  21.162
  19.310
  19.121
  10.754
  10.439
  10.462
   8.356
  13.745
   8.434
   5.245
   8.678
   7.543
  17.253
   7.248
  12.222
  19.086
   9.312
   9.568
   9.599
  20.019
  18.652
   5.659
  21.067
   4.980
  10.629
  16.848
  17.547
  19.374
  20.153
  16.031
  16.481
  12.355
  21.176
  19.413
   7.369
  20.074
   5.935
   6.993
  17.767
  17.739
  20.749
  14.227
  19.216
  19.888
  14.412
  14.992
   7.450
   9.635
  12.090
  13.081
  21.241
  20.092
  21.099
  21.277
  20.936
  11.474
  15.487
  21.254
  14.274
   8.370
  18.777
  16.781
  20.212
  17.517
  16.590
  19.187
  19.225
  21.197
  20.029
  19.310
  18.670
  20.503
  21.346
  20.015
  18.752
  15.698
  12.451
   6.067
  17.830
  16.799
  10.547
   3.263
  13.447
   9.239
  21.180
  11.452
  15.504
  21.162
  21.028
  19.279
  17.273
  21.201
  15.558
  14.220
  17.060
  21.164
   6.417
  12.447
  11.591
  16.444
  12.422
   8.971
  16.509
  11.423
  21.209
  18.065
  11.478
  10.363
  21.291
  10.442
  20.749
  20.611
  20.470
  11.504
   6.849
  21.242
  19.876
  11.130
  21.103
  19.447
  21.162
  10.722
  15.386
  19.216
  19.678
  19.116
   6.020
   5.267
  13.027
  20.029
  19.187
   8.990
   9.426
  -1.850
  17.600
   4.992
  18.611
  17.816
  21.045
  19.072
  19.293
  20.423
  21.052
  19.158
  14.237
  16.593
  12.378
  13.645
  19.241
   6.952
   8.913
  10.568
  15.521
   9.664
  18.540
  17.777
  14.160
  16.526
   7.400
  21.241
   6.832
  21.097
  21.130
  13.915
  16.596
  19.294
   7.337
  17.655
  21.178
  20.560
  20.038
  17.734
   7.424
  19.983
   7.330
  20.349
  20.246
  10.015
