4.686
4.706
4.646
4.657
4.606
4.618
4.597
4.671
4.648
4.578
4.594
4.142
4.586
4.567
4.648
4.645
4.597
4.597
4.628
4.652
4.716
4.605
4.622
4.660
4.602
4.617
4.647
4.587
4.602
4.491
4.617
4.655
4.607
4.545
4.634
4.656
4.542
4.569
4.632
4.662
4.630
4.509
4.624
4.627
4.629
4.624
4.649
4.602
4.647
4.583
4.697
4.610
4.556
4.647
4.601
4.718
4.645
4.651
4.536
4.439
4.719
4.620
4.639
4.626
4.529
4.628
4.587
4.590
4.684
4.624
4.589
4.646
4.612
4.639
4.465
4.571
4.602
4.410
4.658
4.527
4.626
4.692
4.587
4.708
4.593
4.652
4.502
4.661
4.725
4.643
4.665
4.641
4.643
4.666
4.699
4.684
4.634
4.015
4.626
4.614
4.554
4.574
4.682
4.605
4.643
4.635
4.570
4.611
4.563
4.601
4.015
4.647
4.710
4.634
4.565
4.607
4.725
4.652
4.641
4.571
4.566
4.635
4.574
4.695
4.628
4.627
4.571
4.498
4.691
4.686
4.652
4.632
4.714
4.590
4.497
4.647
4.553
4.640
4.686
4.639
4.572
4.695
4.669
4.725
4.633
4.326
4.567
4.200
4.743
4.720
4.726
4.429
4.553
4.694
4.662
4.700
4.615
4.383
4.719
4.212
4.698
4.702
4.629
4.667
4.673
4.686
4.655
4.667
4.722
4.709
4.220
4.579
4.664
4.047
4.469
4.688
4.033
4.732
4.720
4.722
4.744
4.744
4.713
4.748
4.658
4.679
4.646
4.717
4.624
4.651
4.652
4.645
4.640
4.728
4.590
4.629
4.698
4.678
4.583
4.682
4.665
4.628
4.671
4.691
4.646
4.639
4.630
4.650
4.640
4.667
4.615
4.633
4.602
4.708
4.647
4.635
4.658
4.722
4.694
4.624
4.200
4.680
4.220
4.666
4.646
4.673
4.670
4.457
4.667
4.628
4.732
4.667
4.653
4.689
4.582
4.716
4.579
4.633
4.613
4.682
4.611
4.047
4.658
4.713
4.669
4.720
4.679
4.724
4.672
4.663
4.632
4.661
4.098
4.660
4.633
4.642
4.743
4.719
4.647
4.650
4.745
4.221
4.632
4.717
4.717
4.714
4.692
4.648
4.628
4.705
4.745
4.690
4.746
4.682
4.720
4.679
4.744
4.684
4.661
4.659
4.188
4.744
4.666
4.682
4.676
4.725
4.652
4.741
4.747
4.747
4.734
4.646
4.646
4.652
4.652
4.629
4.635
4.723
4.640
4.575
4.604
4.660
4.629
4.647
4.685
4.660
4.689
4.657
4.638
4.698
4.647
4.716
4.642
4.663
4.653
4.617
4.200
4.220
4.679
4.619
4.524
4.559
4.671
4.653
4.634
4.657
4.697
4.655
4.410
4.610
4.652
4.598
4.675
4.648
4.717
4.732
4.692
4.670
4.663
4.630
4.690
4.658
4.745
4.713
4.669
4.648
4.703
4.705
4.047
4.720
4.718
4.684
4.639
4.692
4.661
4.686
4.743
4.749
4.661
4.723
4.663
4.649
4.707
4.720
4.720
4.663
4.648
4.633
4.748
4.659
4.650
4.682
4.721
4.711
4.699
4.742
4.679
4.742
4.654
4.642
4.670
4.743
4.667
4.741
4.677
4.686
4.744
4.693
4.655
4.667
4.203
4.655
4.724
4.698
4.744
4.743
4.723
4.646
4.646
4.652
4.683
4.716
4.682
4.694
4.694
4.685
4.640
4.657
4.689
4.302
4.654
4.670
4.692
4.748
4.743
4.728
4.648
4.674
4.697
4.666
4.652
4.585
4.650
4.684
4.627
4.556
4.203
4.736
4.696
4.692
4.699
4.647
4.552
4.678
4.648
4.659
4.625
4.633
4.664
4.704
4.674
4.730
4.684
4.639
4.689
4.621
4.696
4.652
4.585
4.743
4.670
4.705
4.047
4.663
4.630
4.647
4.630
4.720
4.684
4.660
4.689
4.648
4.673
4.675
4.691
4.664
4.721
4.715
4.706
4.656
4.724
4.645
4.641
4.659
4.716
4.724
4.716
4.707
4.737
4.715
4.670
4.747
4.741
4.744
4.747
4.748
4.718
4.746
4.663
4.664
4.660
4.652
4.743
4.720
4.742
4.741
4.709
4.660
4.740
4.697
4.798
4.641
4.745
4.672
4.750
4.732
4.671
4.744
4.723
4.646
4.652
4.640
4.657
4.702
4.656
4.746
4.570
4.724
4.694
4.634
4.660
4.661
4.660
4.724
4.670
4.674
4.622
4.687
4.720
4.203
4.715
4.632
4.695
4.637
4.722
4.721
4.695
4.649
4.647
4.657
4.689
4.680
4.648
4.634
4.649
4.563
4.670
4.681
4.698
4.594
4.663
4.630
4.641
4.678
4.670
4.702
4.660
4.705
4.047
4.646
4.704
4.674
4.641
4.656
4.732
4.671
4.684
4.674
4.659
4.720
4.721
4.722
4.732
4.538
4.659
4.657
4.676
4.688
4.668
4.716
4.645
4.720
4.572
4.658
4.711
4.711
4.716
4.648
4.656
4.717
4.744
4.720
4.745
4.718
4.712
4.739
4.737
4.722
4.709
4.641
4.784
4.635
4.670
4.668
4.703
4.705
4.785
4.672
4.658
4.697
4.741
4.745
4.729
4.729
4.723
4.652
4.640
4.657
4.712
4.670
4.698
4.525
4.682
4.656
4.616
4.677
4.715
4.643
4.564
4.683
4.629
4.720
4.641
4.671
4.203
4.676
4.694
4.627
4.630
4.631
4.700
4.708
4.691
4.696
4.670
4.644
4.480
4.736
4.621
4.666
4.648
4.572
4.693
4.736
4.661
4.672
4.583
4.617
4.682
4.670
4.660
4.705
4.047
4.669
4.690
4.660
4.632
4.630
4.643
4.664
4.732
4.671
4.665
4.709
4.689
4.629
4.720
4.716
4.719
4.689
4.707
4.722
4.721
4.716
4.684
4.678
4.672
4.677
4.719
4.654
4.643
4.715
4.702
4.663
4.715
4.658
4.653
4.673
4.668
4.717
4.719
4.741
4.745
4.656
4.743
4.670
4.664
4.717
4.671
4.745
4.798
4.707
4.708
4.703
4.653
4.651
4.665
4.648
4.723
4.652
4.643
4.627
4.668
4.669
4.644
4.628
4.628
4.628
4.652
4.725
4.647
4.631
4.653
4.703
4.610
4.688
4.587
4.654
4.693
4.686
4.708
4.212
4.706
4.708
4.716
4.639
4.724
4.712
4.670
4.722
4.641
4.203
4.736
4.638
4.717
4.647
4.486
4.648
4.572
4.663
4.649
4.637
4.681
4.645
4.717
4.630
4.671
4.506
4.704
4.654
4.706
4.718
4.682
4.714
4.708
4.670
4.798
4.705
4.732
4.671
4.660
4.566
4.718
4.709
4.695
4.659
4.716
4.656
4.716
4.660
4.657
4.664
4.743
4.740
4.746
4.684
4.666
4.695
4.681
4.745
4.726
4.717
4.745
4.720
4.664
4.679
4.674
4.685
4.685
4.657
4.646
4.745
4.743
4.742
4.715
4.721
4.686
4.704
4.718
4.654
4.662
4.716
4.743
4.674
4.652
4.643
4.627
4.674
4.689
4.649
4.653
4.659
4.638
4.630
4.629
4.630
4.625
4.723
4.726
4.669
4.538
4.627
4.676
4.662
4.643
4.668
4.677
4.665
4.724
4.718
4.722
4.684
4.641
4.617
4.577
4.203
4.650
4.652
4.639
4.549
4.689
4.682
4.681
4.716
4.724
4.638
4.724
4.715
4.659
4.659
4.648
4.572
4.631
4.632
4.638
4.685
4.629
4.663
4.651
4.679
4.670
4.798
4.705
4.732
4.671
4.573
4.368
4.668
4.140
4.750
4.723
4.707
4.721
4.720
4.723
4.707
4.722
4.736
4.716
4.648
4.707
4.652
4.653
4.648
4.705
4.644
4.702
4.643
4.716
4.723
4.720
4.642
4.748
4.721
4.745
4.743
4.739
4.724
4.718
4.743
4.679
4.677
4.713
4.704
4.647
4.721
4.661
4.722
4.660
4.681
4.738
4.744
4.652
4.643
4.627
4.643
4.746
4.630
4.690
4.627
4.690
4.592
4.680
4.572
4.643
4.696
4.718
4.666
4.675
4.635
4.693
4.596
4.717
4.715
4.650
4.676
4.655
4.651
4.722
4.684
4.653
4.641
4.203
4.563
4.531
4.653
4.709
4.736
4.724
4.679
4.628
4.697
4.676
4.720
4.677
4.691
4.717
4.678
4.716
4.642
4.677
4.684
4.648
4.704
4.572
4.663
4.661
4.639
4.696
4.632
4.585
4.670
4.683
4.692
4.700
4.710
4.653
4.723
4.708
4.670
4.798
4.705
4.648
4.690
4.732
4.707
4.671
4.707
4.528
4.718
4.705
4.708
4.695
4.675
4.708
4.649
4.698
4.685
4.652
4.708
4.693
4.658
4.731
4.715
4.600
4.746
4.653
4.684
4.642
4.742
4.688
4.741
4.666
4.664
4.690
4.718
4.643
4.657
4.650
4.757
4.767
4.654
4.662
4.671
4.749
4.745
4.643
4.627
4.645
4.746
4.716
4.634
4.637
4.630
4.706
4.639
4.736
4.668
4.660
4.705
4.642
4.691
4.636
4.631
4.632
4.712
4.590
4.526
4.722
4.684
4.641
4.203
4.632
4.719
4.660
4.678
4.684
4.687
4.380
4.666
4.595
4.649
4.659
4.636
4.636
4.691
4.725
4.648
4.704
4.661
4.572
4.629
4.690
4.628
4.724
4.696
4.676
4.663
4.670
4.798
4.705
4.696
4.647
4.732
4.671
4.610
4.663
4.647
4.636
4.697
4.663
4.721
4.716
4.738
4.722
4.737
4.760
4.723
4.661
4.717
4.716
4.687
4.724
4.661
4.675
4.681
4.716
4.712
4.742
4.649
4.746
4.742
4.743
4.743
4.706
4.804
4.748
4.550
4.697
4.661
4.705
4.735
4.684
4.715
4.804
4.668
4.652
4.662
4.743
4.649
4.629
4.691
4.704
4.650
4.669
4.690
4.660
4.659
4.669
4.688
4.629
4.674
4.718
4.722
4.664
4.622
4.652
4.638
4.716
4.682
4.643
4.722
4.706
4.641
4.659
4.677
4.716
4.647
4.534
4.586
4.651
4.661
4.662
4.716
4.704
4.645
4.737
4.572
4.715
4.663
4.628
4.704
4.725
4.672
4.728
4.658
4.722
4.722
4.721
4.689
4.642
4.716
4.707
4.659
4.670
4.649
4.732
4.628
4.647
4.650
4.689
4.676
4.674
4.667
4.676
4.706
4.708
4.712
4.711
4.708
4.626
4.720
4.688
4.678
4.652
4.716
4.663
4.716
4.653
4.664
4.715
4.745
2.192
4.745
4.708
4.701
4.744
4.715
4.736
4.702
4.650
4.706
4.745
4.655
4.742
4.706
4.705
4.715
4.649
4.715
4.741
4.744
4.643
4.649
4.629
4.647
4.691
4.701
4.661
4.658
4.640
4.663
4.125
4.674
4.493
4.688
4.657
4.660
4.762
4.642
4.676
4.627
4.679
4.644
4.628
4.687
4.701
4.722
4.587
4.674
4.706
4.650
4.696
4.719
4.593
4.688
4.658
4.662
4.740
4.696
4.649
4.658
4.691
4.627
4.657
4.650
4.661
4.716
4.714
4.704
4.737
4.652
4.572
4.715
4.643
4.654
4.650
4.658
4.666
4.634
4.654
4.718
4.602
4.670
4.732
4.624
4.541
4.720
4.726
4.720
4.711
4.723
4.744
4.708
4.707
4.697
4.672
4.652
4.702
4.669
4.716
4.688
4.673
4.714
4.662
4.707
4.655
4.661
4.660
3.880
4.708
4.574
4.716
4.636
4.707
4.745
4.743
4.743
4.714
4.722
4.740
4.713
4.736
4.746
4.655
4.668
4.743
4.650
4.744
4.745
4.747
4.653
4.664
4.649
4.629
4.691
4.601
4.650
4.646
4.668
4.662
4.660
4.641
4.630
4.685
4.656
4.632
4.659
4.692
4.647
4.654
4.664
4.630
4.688
4.633
4.736
4.673
4.722
4.674
4.707
4.643
4.670
4.628
4.718
4.683
4.671
4.643
4.685
4.642
4.635
4.678
4.638
4.716
4.691
4.690
4.493
4.697
4.742
4.672
4.065
4.465
4.655
4.661
4.716
4.580
4.704
4.737
4.652
4.743
4.572
4.339
4.650
4.666
4.624
4.644
4.732
4.742
4.713
4.659
4.339
4.723
4.721
4.708
4.644
4.696
4.706
4.708
4.709
4.723
4.729
4.672
4.631
4.650
4.717
4.692
4.718
4.653
4.661
4.709
4.660
4.722
4.676
4.650
4.686
4.690
4.744
4.743
4.783
4.753
4.672
4.715
4.728
4.661
4.704
4.654
4.678
4.746
4.651
4.744
4.650
4.671
4.743
4.650
4.649
4.633
4.691
4.634
4.654
4.548
4.672
4.650
4.649
4.721
4.694
4.743
4.714
4.722
4.691
4.634
4.635
4.650
4.723
4.674
4.707
4.643
4.625
4.660
4.708
4.591
4.651
4.649
4.643
4.660
4.691
4.629
4.694
4.662
4.661
4.650
4.166
4.717
4.690
4.716
4.626
4.679
4.661
4.716
4.692
4.674
4.722
4.656
4.704
4.654
4.737
4.649
4.723
4.646
4.708
4.736
4.650
4.650
4.637
4.732
4.690
4.686
4.621
4.720
4.723
4.719
4.672
4.661
4.639
4.652
4.660
4.716
4.713
4.655
4.653
4.670
4.649
4.721
4.642
4.706
4.748
4.746
4.733
4.743
4.719
4.718
4.684
4.654
4.714
4.681
4.652
4.669
4.707
4.676
4.656
4.644
4.708
4.673
4.681
4.657
4.669
4.660
4.669
4.673
4.696
4.740
4.650
4.649
4.633
4.648
4.657
4.637
4.627
4.643
4.707
4.745
4.689
4.663
4.698
4.719
4.667
4.722
4.707
4.724
4.624
4.695
4.649
4.679
4.700
4.725
4.632
4.633
4.723
4.631
4.650
4.674
4.707
4.643
4.454
4.631
4.642
4.654
4.661
4.629
4.663
4.716
4.654
4.649
4.697
4.679
4.694
4.646
4.704
4.737
4.724
4.583
4.642
4.643
4.700
4.703
4.636
4.711
4.650
4.650
4.643
4.644
4.721
4.632
4.684
4.732
4.700
4.711
4.722
4.707
4.688
4.717
4.653
4.673
4.635
4.664
4.714
4.660
4.655
4.660
4.717
4.670
4.653
4.493
4.719
4.663
4.744
4.741
4.696
4.697
4.648
4.743
4.744
4.628
4.556
4.665
4.695
4.677
4.746
4.731
4.716
4.678
4.653
4.743
4.690
4.746
4.742
4.701
4.638
4.726
4.680
4.646
4.650
4.649
4.633
4.650
4.661
4.664
4.624
4.655
4.647
4.658
4.660
4.656
4.629
4.585
4.641
4.649
4.669
4.643
4.690
4.630
4.690
4.664
4.719
4.651
4.678
4.582
4.619
4.723
4.707
4.642
4.674
4.643
4.661
4.613
4.654
4.643
4.463
4.648
4.676
4.630
4.644
4.689
4.643
4.692
4.653
4.573
4.661
4.716
4.636
4.704
4.737
4.698
4.673
4.643
4.683
4.663
4.650
4.650
4.643
4.684
4.732
4.676
4.701
4.722
4.676
4.669
4.654
4.210
4.675
4.708
4.721
4.721
4.722
4.645
4.721
4.645
4.656
4.692
4.693
4.652
4.666
4.650
4.670
4.652
4.708
4.718
4.656
4.657
4.695
4.690
4.719
4.721
4.676
4.660
4.743
4.717
4.713
4.727
4.677
4.724
4.672
4.660
4.748
4.644
4.739
4.716
4.640
4.650
4.669
4.633
4.698
4.635
4.641
4.649
4.660
4.707
4.641
4.668
4.696
4.667
4.634
4.629
4.708
4.640
4.661
4.582
4.661
4.634
4.642
4.511
4.639
4.648
4.710
4.676
4.602
4.723
4.707
4.674
4.309
4.643
4.689
4.720
4.645
4.611
4.645
4.669
4.666
4.670
4.608
4.639
4.631
4.631
4.643
4.711
4.661
4.716
4.658
4.649
4.704
4.737
4.661
4.626
4.719
4.710
4.650
4.648
4.632
4.643
4.684
4.732
4.719
4.677
4.669
4.717
4.720
4.720
4.719
4.750
4.719
4.718
4.665
4.708
4.651
4.651
4.674
4.716
4.737
4.664
4.666
4.687
4.653
4.661
4.669
4.668
4.708
4.654
4.686
4.660
4.755
4.657
4.638
4.650
4.716
4.716
4.660
4.723
4.653
4.658
4.745
4.623
4.715
4.715
4.699
4.707
4.668
4.708
4.681
4.726
4.650
4.669
4.633
4.698
4.720
4.643
4.630
4.720
4.716
4.648
4.661
4.686
4.676
4.707
4.722
4.669
4.714
4.723
4.707
4.674
4.690
4.655
4.643
4.632
4.674
4.710
4.647
4.683
4.663
4.684
4.638
4.722
4.701
4.614
4.649
4.647
4.665
4.649
4.643
4.698
4.649
4.645
4.644
4.660
4.727
4.656
4.664
4.722
4.688
4.661
4.709
4.688
4.716
4.704
4.737
4.720
4.650
4.684
4.732
3.931
4.708
4.706
4.664
4.679
4.717
4.664
4.714
4.691
4.707
4.655
4.707
4.704
4.715
4.656
4.705
4.716
4.721
4.723
4.661
4.715
4.668
4.678
4.721
4.644
4.742
4.675
4.651
4.725
4.718
4.681
4.660
4.717
4.707
4.687
4.679
4.729
4.688
4.717
4.744
4.689
4.787
4.712
4.651
4.702
4.742
4.653
4.650
4.669
4.633
4.698
4.663
4.640
4.630
4.648
4.709
4.727
4.680
4.650
4.649
4.635
4.690
4.636
4.724
4.641
4.604
4.650
4.665
4.624
4.647
4.717
4.571
4.694
4.672
4.547
4.664
4.562
4.623
4.723
4.651
4.697
4.639
4.685
4.694
4.707
4.627
4.674
4.643
4.460
4.574
4.631
4.617
4.683
4.661
4.716
4.650
4.704
4.737
4.306
4.684
4.715
4.660
4.660
4.540
4.650
4.668
4.662
4.661
4.684
4.732
4.665
4.677
4.761
4.661
4.654
4.670
4.723
4.696
4.718
4.671
4.587
4.723
4.676
4.716
4.720
4.704
4.705
4.709
4.651
4.672
4.653
4.651
4.758
4.739
4.723
4.642
4.720
4.692
4.743
4.743
4.677
4.699
4.692
4.658
4.744
4.744
4.717
4.716
4.652
4.748
4.740
4.706
4.716
4.660
4.703
4.649
4.732
4.672
4.657
4.650
4.669
4.633
4.698
4.693
4.689
4.640
4.708
4.730
4.641
4.619
4.716
4.657
3.800
4.622
4.690
4.708
4.639
4.645
4.690
4.647
4.722
4.676
4.696
4.687
4.671
4.722
4.760
4.677
4.723
4.707
4.674
4.643
4.720
4.649
4.563
4.737
4.707
4.660
4.629
4.645
4.656
4.645
4.659
4.649
4.650
4.661
4.716
4.629
4.704
4.670
4.719
4.720
4.737
4.736
4.681
4.650
4.684
4.732
4.653
4.705
4.667
4.721
4.677
4.722
4.688
4.707
4.709
4.710
4.671
4.661
4.739
4.671
4.678
4.678
4.522
4.661
4.662
4.674
4.724
4.670
4.688
4.707
4.675
4.712
4.685
4.721
4.661
4.651
4.732
4.709
4.114
4.676
4.744
4.669
4.743
4.658
4.652
4.724
4.708
4.693
4.644
4.736
4.653
4.641
4.650
4.669
4.698
4.719
4.630
4.640
4.700
4.674
4.691
4.715
4.759
4.667
4.722
4.627
4.636
4.661
4.656
4.671
4.654
4.634
4.643
4.605
4.673
4.790
4.723
4.644
4.707
4.721
4.627
4.674
4.643
4.371
4.634
4.709
4.724
4.745
4.643
4.638
4.634
4.668
4.404
4.645
4.660
4.643
4.642
4.713
4.661
4.716
4.704
4.638
4.737
4.154
4.653
4.590
4.672
4.650
4.688
4.641
4.586
4.646
4.684
4.732
4.681
4.423
4.721
4.721
4.731
4.705
4.722
4.677
4.724
4.700
4.700
4.741
4.723
4.739
4.669
4.645
4.737
4.716
4.669
4.716
4.665
4.689
4.717
4.707
4.526
4.720
4.656
4.715
4.654
4.707
4.747
4.708
4.652
4.690
4.742
4.745
4.764
4.657
4.659
4.716
4.675
4.694
4.657
4.524
4.661
4.734
4.627
4.650
4.759
4.669
4.642
4.698
4.592
4.728
4.660
4.667
4.642
4.641
4.634
4.643
4.638
4.649
4.724
4.647
4.666
4.664
4.674
4.586
4.566
4.720
4.678
4.657
4.684
4.599
4.761
4.699
4.686
4.678
4.687
4.723
4.707
4.577
4.674
4.721
4.552
4.695
4.655
4.656
4.647
4.629
4.596
4.694
4.735
4.548
4.661
4.430
4.676
4.716
4.689
4.715
4.650
4.641
4.687
4.638
4.564
4.074
4.651
4.684
4.732
4.642
4.640
4.717
4.708
4.696
4.718
4.717
4.687
4.700
4.688
4.705
4.657
4.695
4.654
4.714
4.717
4.661
4.696
4.665
4.650
4.654
4.717
4.717
4.716
4.780
4.672
4.717
4.654
4.745
4.643
1.284
4.660
2.195
4.639
4.688
4.754
4.699
4.644
4.655
4.658
4.663
4.707
4.654
4.716
4.655
4.620
4.678
4.727
4.627
4.650
4.759
4.669
4.642
4.698
4.669
4.650
4.719
4.660
4.668
4.657
4.654
4.710
4.718
4.638
4.746
4.658
4.690
4.661
4.696
4.677
4.681
4.647
4.691
4.690
4.664
4.654
4.643
4.671
4.657
4.683
4.716
4.723
4.640
4.667
4.707
4.647
4.707
4.674
4.588
4.668
4.641
4.705
4.647
4.644
4.634
4.726
4.623
4.643
4.634
4.652
4.637
4.646
4.661
4.620
4.716
4.676
4.509
4.650
4.684
4.659
4.732
4.640
4.631
4.663
4.671
4.708
4.450
4.676
4.720
4.721
4.695
4.679
4.718
4.718
4.695
4.718
4.644
4.731
4.700
4.662
4.721
4.690
4.660
4.653
4.488
4.650
4.664
4.684
4.674
4.716
4.718
4.678
4.691
4.716
4.650
4.656
4.703
4.659
4.645
4.714
4.718
4.717
4.719
4.723
4.689
2.218
4.662
4.654
4.647
4.650
4.759
4.698
4.647
4.672
4.669
4.675
4.651
4.736
4.658
4.706
4.649
4.650
4.667
4.637
4.641
4.632
4.659
4.640
4.627
4.679
4.626
4.618
4.643
4.649
4.631
4.656
4.619
4.723
4.653
4.683
4.670
4.668
4.649
4.660
4.668
4.644
4.637
4.708
4.663
4.671
4.647
4.723
4.532
4.676
4.672
4.700
4.722
4.673
4.661
4.620
4.719
4.573
4.705
4.651
4.639
4.680
4.689
4.670
4.654
4.639
4.684
4.732
4.689
4.686
4.708
4.649
4.619
4.709
4.708
4.722
4.717
4.723
4.697
4.697
4.652
4.722
4.643
4.699
4.685
4.676
4.675
4.694
4.694
4.657
4.523
4.706
4.652
4.656
4.652
4.651
4.651
4.717
4.642
4.724
4.658
4.668
4.717
4.745
4.654
4.651
4.744
4.707
4.667
4.717
4.640
4.638
4.743
4.712
4.722
4.716
4.726
