hardness
 (GPa)  
  11.378
   8.004
   9.176
   5.164
   4.809
   2.051
   3.943
   7.031
   4.770
   4.965
   6.493
   2.645
   5.128
   4.529
   7.048
   5.588
   5.794
   4.447
   3.829
  10.717
  11.093
   7.293
   7.263
   3.350
   4.887
   4.424
   6.240
   5.241
   7.467
   5.902
   6.285
   7.222
   5.228
   4.346
   3.661
   4.793
   5.335
   5.514
   5.027
  11.342
   4.287
   7.877
   9.088
   6.327
   7.806
   7.797
   8.383
   7.062
   6.506
   7.036
   9.112
   5.748
   5.828
   5.988
   4.919
   9.403
   7.607
  10.040
   5.299
   5.052
  10.598
   6.313
   4.897
   7.464
   7.106
   7.882
   5.274
   4.231
  11.616
   4.146
   7.033
  10.397
   8.058
   6.110
   5.080
   5.823
   4.822
   7.590
   5.921
   5.674
   5.372
  10.293
   8.250
  11.232
   4.417
   9.672
   6.849
   5.077
   7.545
   7.256
   5.689
   2.398
   6.655
   3.332
   4.599
   8.553
   4.746
   1.738
   5.991
   7.166
   2.786
   6.530
   2.997
   5.720
   7.735
   8.303
   5.074
   5.403
   2.823
   5.766
   3.669
   8.101
   5.618
   8.152
   6.017
   5.508
   9.368
   6.880
   6.348
   4.924
   5.750
   5.079
   8.058
   4.763
   5.827
   4.158
   6.004
   1.821
   9.465
   5.671
  10.179
   3.103
   6.434
   8.074
   4.354
   6.608
   7.302
  12.856
   3.122
   6.288
   6.250
   6.667
   8.794
   5.833
  10.907
   4.461
   6.400
   9.865
  11.747
  10.969
   6.624
   6.579
   4.146
  10.388
   6.463
  11.354
   3.581
   5.266
   6.124
   4.850
   7.645
  10.515
   6.776
   9.256
   4.683
   7.918
  10.147
   6.081
  11.911
   6.300
   8.491
   6.584
   6.440
  10.042
   4.723
   6.942
   3.756
   8.749
  11.860
  11.036
   7.263
  11.290
   8.608
   9.378
   9.197
   9.267
  10.397
   9.488
   7.992
   8.766
  10.179
   6.524
   5.629
   9.290
   6.498
   4.018
  10.025
  10.164
   5.800
   8.946
   5.289
   5.948
  10.659
  10.015
   8.971
   7.493
   5.295
   6.049
  12.856
   4.143
   4.362
  10.907
   5.788
   8.708
   6.625
   6.904
   5.837
  11.911
  10.388
   4.010
   9.865
   4.271
   8.491
   4.437
   5.787
   3.813
   7.136
   1.488
   9.256
   5.042
   8.749
   9.536
  12.059
  12.131
   6.386
  11.504
   4.573
  11.083
   8.082
  10.026
   5.169
  10.042
   9.197
   8.608
   8.721
  11.860
   9.267
  10.421
   5.056
   4.349
  10.384
   8.612
   6.724
  10.440
   9.239
  10.882
  10.565
  10.402
   4.541
  11.349
   9.280
   6.725
  10.944
   6.496
  12.324
   3.654
  10.637
  12.894
   9.049
  10.650
  11.012
  12.412
  12.044
   5.123
  11.125
   5.209
   9.341
   9.419
   5.446
   8.153
   0.451
  11.712
   8.597
   6.375
   7.309
  10.614
  11.219
  10.938
  10.920
   6.569
   9.860
  10.397
   8.971
  10.179
   6.391
   9.040
   6.016
  10.651
  12.856
   6.230
   8.898
  10.440
   6.352
   1.279
   5.402
  10.752
   8.213
   7.990
   4.223
   7.953
   3.682
   9.214
   5.924
   7.653
   7.865
   8.951
   9.865
   8.491
   5.670
   8.189
   5.801
   6.735
   5.391
   5.886
  10.030
  12.567
  10.179
  10.544
   5.423
   5.395
   3.959
   6.250
   6.057
  12.894
  12.324
   8.749
   5.155
   6.936
   3.156
   9.093
   7.433
   4.493
  11.012
  10.167
   8.917
   8.275
   9.907
  10.650
  10.042
  11.860
   7.511
   9.419
  11.096
  11.803
   2.875
   4.928
  12.360
  11.671
  10.306
  11.317
   7.681
  10.422
  12.138
  10.257
  10.712
  10.029
  11.230
  10.331
   8.846
  11.072
   8.677
   9.349
  11.532
   4.408
   9.314
   9.769
   4.088
  11.372
  12.112
  10.684
  11.778
  10.498
   5.674
  11.652
  10.369
   6.363
  11.644
   5.115
  10.568
   8.054
  10.857
  11.153
  10.248
   8.080
  10.826
  11.627
  10.651
  10.397
   8.971
  10.179
   9.727
  12.038
   9.088
  11.225
  11.081
   8.877
  12.856
  12.567
   7.110
   3.035
  10.065
  10.839
   5.491
   8.424
   9.655
  11.053
   7.694
  10.139
   5.184
   7.017
   9.852
   6.077
   6.121
   5.872
   4.393
   5.985
  10.857
   9.783
   8.387
   7.177
   8.809
   5.172
   6.784
   5.077
  12.894
   2.324
  11.261
   8.158
   9.383
  10.845
   3.812
   9.256
   8.810
   6.878
   5.192
   4.455
   6.260
  10.008
   5.574
  12.360
  11.778
  10.650
  10.042
  10.029
  11.916
   8.643
  12.836
  11.860
   9.419
   9.178
   7.262
   9.141
   7.043
   5.647
   4.889
   8.277
  12.834
   8.497
  12.075
   7.796
   8.906
  11.722
  11.267
  12.294
  11.537
  11.411
  11.913
   5.737
   6.063
  11.802
   5.547
   9.768
  10.929
  11.011
  11.303
   9.323
  10.867
   8.866
   5.178
   7.988
   8.583
  11.721
  10.965
  13.048
  10.855
   8.093
   6.429
  11.411
  11.883
   9.484
   7.038
  11.270
  11.732
  11.744
  11.889
  12.650
  11.143
  10.961
  10.651
  10.397
  10.179
  12.856
  12.567
  10.712
   8.200
   9.894
   5.995
  11.298
   9.904
  12.005
  10.893
  11.120
  11.696
  12.524
   6.566
   4.104
   5.973
   4.762
  13.048
  10.857
   7.676
  12.850
   9.964
  10.839
  11.916
  12.805
   9.901
   5.766
   4.915
   2.686
   9.880
   7.303
  12.894
   4.939
   9.637
   8.976
   3.240
  11.476
  10.075
   6.273
  10.528
   9.650
   9.574
   9.561
  11.778
   6.017
  11.411
  10.650
  10.042
   5.148
  11.969
   5.590
  10.548
   5.621
  12.650
  11.143
   9.419
   5.582
   5.075
   8.058
  11.196
  11.247
  10.524
   5.626
  11.145
  10.026
   7.952
  12.029
   6.782
  11.128
  10.382
   5.555
  12.032
  12.234
   7.041
   7.739
  11.026
  10.083
  10.374
  11.537
  11.613
  10.849
   9.771
   9.000
   6.444
  10.831
  10.979
   8.272
   7.654
  11.384
   7.383
   9.294
  10.527
  11.079
   7.830
   9.003
   6.566
   6.354
  11.136
   2.219
  11.689
  10.630
  10.566
  11.018
  10.651
  10.179
  12.856
  12.567
   4.228
   9.284
   4.745
   5.888
  10.938
   4.648
   3.819
   8.402
  10.966
  11.580
   5.313
   2.425
   5.900
  13.048
  11.384
   7.442
  10.857
   7.805
   7.227
  12.824
   9.149
  10.151
   6.033
  11.094
   9.535
   6.784
   8.617
   7.693
   7.595
   8.285
   6.232
   5.270
  12.894
  12.032
   5.616
  11.124
  10.944
   6.509
   6.515
   5.099
   5.291
  11.778
  11.411
  10.650
  10.042
   9.617
   5.133
  10.869
  11.119
   7.400
  13.137
   6.006
  12.650
  11.143
   6.605
   6.653
  10.924
  11.017
  11.591
  11.288
  10.315
  11.461
  12.419
  13.322
  12.847
  11.628
   9.535
   7.262
  11.852
   8.855
  11.432
  12.147
   4.062
  11.110
   6.895
  11.658
  11.003
   7.581
  11.101
  12.166
  11.212
  11.260
   9.633
   6.730
  11.638
  10.038
   9.343
   9.829
   6.113
   8.355
  11.046
   8.910
  11.353
  11.455
   9.972
   7.452
  10.252
   9.432
  10.873
  11.343
  10.651
  10.179
  13.137
  12.824
   6.931
   4.104
   3.257
  10.077
  11.903
  10.361
   9.693
  10.878
  10.763
   9.129
  11.715
   8.509
   9.869
   3.342
   7.876
   9.969
   5.205
   3.981
  11.186
  10.852
  13.144
  11.495
   9.823
   5.537
   9.085
   7.453
   4.242
  13.322
  11.384
  10.857
   7.516
  11.615
  11.152
   8.349
   5.573
  12.894
  12.032
  11.658
   4.992
   4.002
  10.275
  10.532
  10.990
   9.385
   4.660
   7.868
   9.830
   7.070
  10.237
  13.053
   4.797
   5.146
  11.324
  11.778
  11.353
  10.650
  12.650
  11.143
   4.565
   4.846
  11.852
  11.156
   9.982
  10.528
  10.152
   7.606
  11.135
  12.497
  10.443
   9.072
  12.401
   6.915
  11.829
  11.769
  10.462
  11.149
  10.134
   9.181
  10.350
   7.177
   9.320
  11.437
  11.431
   5.546
   5.936
  11.311
   4.524
  13.056
  10.133
  11.709
  11.910
  10.812
  12.798
  11.699
   7.479
   9.725
  10.636
  11.090
   5.531
   9.465
  11.540
  10.866
  10.179
  13.137
  12.824
  11.371
  11.854
   8.718
   9.882
   5.643
   7.035
  11.085
   9.294
  12.835
  12.807
   9.743
  11.872
   8.536
   8.602
   5.127
   9.146
   7.115
   7.918
   6.530
   7.769
   6.796
   4.077
  10.882
  13.322
  11.769
  11.384
   4.893
   5.560
  10.857
   6.348
   2.112
   6.105
   8.353
   7.170
   7.412
   4.027
  10.728
  11.941
   4.564
  11.372
  10.103
   3.934
  11.630
  12.894
  12.032
   9.790
  11.235
   7.705
  11.729
   6.233
  11.658
   7.308
   6.042
  11.778
  11.353
  10.650
  12.650
  11.143
   5.363
   7.180
   5.962
   6.108
   9.605
   9.972
  11.093
  13.061
  13.064
  11.995
  11.477
  10.289
   6.997
  11.910
   5.557
  12.015
   9.796
   9.883
   9.017
   7.297
  10.435
   0.186
   7.228
  11.595
  11.622
  10.729
   9.486
  10.656
  11.967
   9.290
   9.250
  10.190
   8.082
   7.599
  10.569
  10.378
   8.216
  11.116
  12.414
  11.857
  11.853
  12.550
  11.274
  10.162
   3.760
   7.672
  11.837
  10.976
  13.137
  12.824
   9.458
   9.645
   8.839
  12.219
  11.903
   8.559
  10.109
   4.707
   6.269
   9.283
   6.130
   5.957
   6.464
   9.682
   9.135
   6.941
   6.181
   9.602
  10.337
  12.108
   8.051
   4.694
  10.021
  13.322
  11.769
  10.434
  11.384
  10.857
   9.495
   5.515
  10.353
   5.555
  10.875
  11.732
   5.466
  12.822
   3.842
   9.151
  13.222
   8.326
   8.239
  12.144
   9.165
   4.526
   7.685
   1.887
   9.786
  12.894
  12.414
  12.032
  11.658
   8.655
  11.864
   3.639
   3.619
   5.664
   5.732
   5.657
   6.301
   4.124
  10.337
   8.572
  10.269
  11.022
  11.778
  11.353
  10.650
   8.907
  10.933
  12.650
  11.649
  11.143
  10.369
   2.424
   9.515
  10.428
  11.104
   6.531
   8.618
  11.889
  10.659
   6.504
   7.541
  12.134
  12.702
   9.581
   6.477
   4.812
   9.790
   7.284
   9.621
  11.065
   7.180
  11.126
   9.792
   4.424
  11.837
   5.497
  11.772
  10.264
  11.766
   5.330
   7.717
  10.338
   7.823
   5.421
  11.716
  10.192
  11.883
   5.505
  11.298
  13.137
  12.824
   2.451
   8.277
  10.045
   7.798
   8.638
  12.828
   6.323
   6.911
  10.902
   5.998
   4.389
   6.548
  11.131
  12.133
  11.960
   9.921
  10.700
  10.947
   4.980
   5.649
  13.322
  11.769
  11.384
  10.857
  12.827
  11.737
   4.596
   6.239
   5.317
   6.585
   7.033
   5.044
   7.769
  12.252
  11.240
  11.944
   5.198
   9.596
  12.507
  12.894
  12.414
  11.253
  12.032
  12.849
  13.022
   5.935
   9.181
  10.944
   7.323
  11.658
  11.778
  11.353
  10.650
  11.301
   8.222
  12.650
  11.143
   3.897
   3.819
   4.923
   9.625
   3.842
   6.397
  10.465
   8.964
  10.872
  11.718
  12.312
   8.407
  11.656
  13.145
  11.546
  11.309
  10.815
  12.071
  12.544
   5.927
   2.381
  12.452
   6.511
  12.378
  11.668
  10.885
  11.307
  12.389
  11.428
  12.247
   6.958
  11.564
   6.473
   2.131
  11.905
   5.556
   8.083
   6.752
  11.855
   6.721
  11.744
  11.047
   1.595
  10.969
  12.252
  12.849
  12.133
  11.027
  10.948
   5.453
  10.487
   8.512
   9.510
  11.475
  10.802
  12.839
  12.517
  13.020
  11.191
   3.959
   4.120
  12.845
   8.418
  10.263
  10.910
  12.806
  13.322
  12.247
  10.050
  11.113
   5.360
  12.870
   7.977
   3.673
   5.597
   3.807
  13.145
   5.934
  12.452
  12.414
   6.392
  12.312
  12.032
  11.855
  11.658
  10.865
   5.532
  10.283
   2.039
  11.110
   8.871
  10.313
  13.259
  13.076
   8.930
   6.915
   8.641
  11.880
   8.843
  11.778
  11.668
  12.650
  11.909
  12.803
  10.074
   5.242
  10.143
   4.839
   6.912
  10.298
  11.151
  11.483
   9.666
  10.925
  10.939
   4.522
  12.271
  12.399
   7.970
  12.042
  11.250
  12.542
  12.205
  11.078
  12.291
  11.047
   8.907
  -1.885
   6.350
   6.580
   6.207
  11.648
  11.562
  10.825
  10.703
  11.083
   7.470
   9.304
  11.567
  11.594
   9.898
  11.580
  10.552
   8.429
   8.172
  10.906
  10.407
   3.428
  12.252
  12.849
  12.803
  12.133
   5.459
   5.633
   4.406
   9.141
   4.317
   8.006
  10.565
   2.784
  10.772
   8.727
   9.988
   7.714
   7.532
   8.952
   5.018
  10.793
   5.290
   7.252
   6.813
  13.017
  13.322
   4.621
  12.517
  12.247
   5.177
   7.919
   9.857
  10.626
  10.807
  10.373
   4.754
   7.191
  11.693
   9.852
   9.506
  10.519
   8.939
   9.221
   8.314
  13.145
  12.452
   9.453
  12.414
  12.312
  12.042
  12.032
  11.855
  12.277
   4.216
  10.310
   7.436
   4.992
  11.783
   9.856
   5.705
   5.081
   5.744
  12.650
   5.283
   4.727
  11.706
  11.875
  10.478
  11.842
  12.492
  12.315
  11.450
  12.372
  10.949
  10.431
  10.087
   8.571
  12.188
  11.925
   6.921
  11.846
  12.138
   4.802
  10.974
   9.445
  12.561
  12.985
   5.294
   8.011
   4.907
  10.763
   8.813
   6.728
  10.945
  11.016
   9.668
  10.767
  11.558
  10.839
   9.171
  10.993
  11.663
  10.340
   3.056
  12.785
  12.227
  11.613
   8.913
  11.766
  11.935
  10.543
  12.252
  12.849
  12.133
   8.108
  13.031
   9.916
   7.661
   9.084
  10.155
   7.390
   5.906
   4.033
   9.883
   8.945
   8.698
  10.225
   9.033
  10.255
  10.328
   8.773
   8.969
  12.816
  10.975
   9.721
  13.322
  12.517
  12.372
  12.277
   5.197
   5.619
  11.043
   4.541
   6.666
   6.680
  11.182
   6.696
   4.311
   6.213
  11.255
   9.097
   8.794
   8.416
   5.291
  12.250
  10.021
   4.450
   2.140
   5.076
   8.252
  13.145
  12.452
   6.216
  12.414
  12.312
  12.042
   6.023
  12.032
   4.734
  12.227
   6.771
   4.148
   4.661
  12.650
  10.348
   8.405
   6.860
   7.479
  12.047
  12.315
  12.122
   9.081
   9.805
  10.616
  12.275
  11.731
  13.328
  12.104
   4.116
   5.099
  11.033
  12.220
   2.031
  12.007
  10.199
  11.656
  12.023
  11.823
   9.616
   9.653
  10.234
   7.384
   6.210
  10.190
  11.786
   7.505
   8.666
  11.753
   9.168
   8.903
  11.773
  12.083
  11.105
   9.302
   9.763
  10.949
  11.623
  12.792
  11.752
  10.613
  13.031
  12.252
  12.816
  12.133
   7.569
   4.417
  10.331
   4.675
   8.457
  10.616
  10.456
  11.118
   3.971
   6.618
  10.736
  10.729
  10.364
   5.375
   8.302
  13.328
  12.517
  12.372
  12.277
  12.796
   8.388
  11.921
   6.083
   5.916
   8.170
   9.828
   9.056
   8.291
   5.871
   4.502
   6.164
   4.293
   7.731
   2.823
  12.076
   7.140
  10.542
  12.084
   6.940
  13.145
  12.452
  11.488
   7.483
  11.336
   9.407
  12.414
   6.065
  12.312
   8.823
   6.293
  11.002
  11.346
   6.107
  12.792
  12.227
   8.768
  12.650
   9.416
   6.083
   5.528
   9.489
  11.380
  11.510
  11.010
  12.535
   7.176
   7.731
  13.001
  10.686
   9.530
  12.105
   7.820
  11.725
  10.623
  11.532
  10.125
  10.853
   7.706
  11.374
   9.580
  10.947
   6.196
  11.244
  13.247
   9.428
   8.585
   6.611
   9.408
  12.424
  11.014
   5.278
  11.217
   8.286
   9.761
  11.795
   4.860
   3.199
   6.583
  12.538
   7.758
  11.728
   6.115
   8.817
  13.031
  12.252
  12.816
  10.303
   8.206
   5.371
   7.371
  12.267
   9.522
  11.750
  11.225
   7.528
   8.177
  13.233
   8.481
  11.149
  13.151
  10.417
   5.665
  12.334
   7.626
   5.538
   9.892
  11.384
  10.129
   9.940
  13.328
   9.623
   4.308
  12.517
  12.372
  12.277
   5.933
   6.862
   2.911
   8.079
  13.145
  12.834
   5.962
  12.452
   5.912
   9.814
   8.219
   7.477
   9.819
  12.442
  12.414
  12.312
  10.593
   7.711
   9.966
   6.780
   9.084
   9.478
   7.111
   7.891
  12.792
  12.227
   9.108
   9.555
  13.246
   2.983
  13.247
  12.650
   9.720
   8.265
  12.451
   9.940
   9.841
  11.100
   9.266
   3.735
  10.284
  10.473
  11.047
  11.809
  11.161
   9.604
  11.438
  12.000
  11.053
   1.988
  13.056
   8.199
  12.340
  11.891
   5.408
   6.368
   9.185
  11.805
  11.588
  10.323
   4.158
   9.260
   4.163
   7.134
  11.781
   9.992
  12.484
  12.038
   7.795
  12.332
   7.346
  10.166
  10.661
  10.703
   3.182
  10.982
   9.076
   3.942
  13.031
  12.252
  12.816
   8.787
   4.331
  10.742
   6.215
   9.471
   6.902
   6.084
   8.886
   9.261
   5.918
   4.636
   4.548
  10.327
  12.887
  11.690
   8.888
  10.090
  12.400
   5.079
  11.950
   7.143
   4.189
   5.204
   4.332
  13.328
  13.151
   5.858
  12.517
  12.277
   6.096
   8.118
   7.981
   9.786
   6.954
  11.266
   8.012
   9.259
  10.718
   8.589
   5.266
   9.450
   8.596
   6.199
  13.145
  12.484
   4.452
  12.414
  12.312
  12.462
   7.003
   6.746
   6.377
   9.130
  12.792
  12.227
   6.489
  13.247
  12.650
   8.934
   5.195
  11.929
  10.262
   6.759
  10.766
   6.251
   7.881
  11.834
  11.914
  11.472
  11.490
  12.271
  10.522
  11.461
  11.001
   7.919
  10.372
  12.045
   6.524
   9.912
   3.297
  10.040
  11.678
  11.063
  11.165
   8.675
   8.063
   3.969
  11.389
  11.089
   2.874
  12.299
  11.843
  12.214
  10.918
  10.494
   6.449
  11.605
   8.949
   7.810
  11.308
  12.400
   9.274
  11.042
  10.646
  13.031
  12.887
  12.816
  12.462
   6.548
   3.415
  10.978
  10.302
   9.315
   3.655
   5.015
   6.319
   8.324
  11.437
  12.822
  11.659
  12.598
   4.675
   6.027
  10.277
   5.891
  10.293
   4.839
   4.070
  12.986
   8.696
   6.021
   6.345
  13.328
  13.151
  12.517
   5.062
  12.277
   8.431
  10.873
  11.056
   6.509
  11.876
   5.873
   6.749
   9.534
   5.179
   5.106
  10.741
   7.516
   9.798
  10.859
  13.145
  12.484
   3.933
   3.410
  12.414
  12.312
   5.824
   4.544
  11.237
  12.717
  12.792
  11.548
   2.987
  12.387
  13.247
  12.650
  11.439
   9.586
   8.806
  13.029
   9.201
   6.187
  11.081
   9.918
  11.519
  13.040
   7.397
  11.578
   8.806
   9.926
   5.595
  11.625
  12.312
   7.880
   4.352
   6.325
   9.749
  13.037
  12.967
  11.017
   8.694
  10.620
   5.634
  11.482
   6.265
  11.681
  11.251
  10.330
  11.294
  10.244
  11.819
   8.351
   9.973
  10.236
  10.642
   5.253
   9.312
  12.130
  11.435
  11.530
   3.983
  10.410
   6.655
   5.953
  13.031
  12.887
  12.816
  12.462
   9.086
  10.333
   5.925
  11.945
   9.365
   5.615
   9.798
   4.970
  10.996
  11.375
  10.404
   4.720
   9.154
  13.328
  13.151
  12.517
   9.253
  10.352
  12.277
   6.761
   8.934
  11.677
   4.907
  11.092
   3.718
  11.987
  10.578
  10.898
  11.087
  11.154
  11.106
   5.320
   8.696
   2.376
  12.806
   5.971
  10.508
   6.175
   9.285
   9.919
  10.876
   8.608
   3.901
   9.305
   1.126
  13.145
  11.869
   5.729
  12.484
  12.414
  12.312
  11.894
  12.792
  13.247
  12.650
   3.710
  10.526
  11.468
   5.249
  10.298
  11.330
   6.383
  10.541
   7.477
  11.285
   5.677
  11.937
   7.100
  11.812
  10.902
  11.771
   9.509
  12.805
  11.553
  12.753
  12.056
   5.092
   7.188
  11.240
   7.670
  12.272
   9.431
  11.830
  12.828
  11.178
  10.123
  11.543
  11.265
  11.681
  10.797
   5.856
   5.404
   6.754
   9.380
   9.756
   9.399
   7.648
   7.906
   9.901
   5.219
  11.285
   7.746
  13.031
  12.887
  12.816
  12.462
   5.678
  10.115
   8.971
   6.095
   6.254
   5.933
   5.139
   9.896
   9.654
   6.239
  12.172
  10.409
  11.704
  10.886
   6.172
   5.332
  11.924
   7.122
   3.439
  11.976
   8.463
   7.147
  10.700
   6.127
   2.443
   7.516
   5.223
  13.328
   6.877
   6.387
   8.129
   5.654
   9.096
  13.151
   5.539
  12.517
  12.277
   4.831
   5.607
   9.570
   5.067
   7.092
  13.145
  12.484
   9.025
  12.414
  12.312
   8.532
   8.651
  10.716
   9.390
   8.714
   3.969
  12.792
   8.893
   4.178
   7.455
  13.247
  12.650
   3.908
   7.076
   8.864
   5.944
   5.865
   8.269
  11.744
  11.038
  11.295
   4.300
   7.940
  11.478
   6.291
  11.949
  12.006
  12.258
   7.677
  10.456
  10.166
  12.156
   7.731
   8.920
   8.056
   7.002
  10.197
   5.783
   9.107
  11.605
   9.698
  10.925
   6.382
   7.348
   9.781
  10.672
  10.936
   6.582
  11.806
  10.768
  10.632
  11.448
  11.046
   6.786
  11.405
  13.139
   6.337
   9.095
   7.146
   7.453
   5.342
  13.031
  12.887
  12.816
  12.462
  12.494
  11.115
   9.752
  10.865
  11.253
   9.398
   3.810
  11.018
   7.292
   3.289
  11.922
  11.796
   8.376
   6.739
  10.519
  11.308
  11.683
   9.163
   7.849
  10.575
   3.703
   6.863
   9.459
   5.644
   9.314
  13.328
  13.151
  12.517
  12.277
  10.401
   4.495
   4.817
  10.795
  12.760
  11.140
   8.844
   5.235
   5.065
   5.719
  10.395
   6.944
   9.696
  13.145
  12.484
  12.816
  12.414
  10.642
  11.777
   9.806
  12.312
   8.775
   9.814
  12.792
  13.247
  12.650
   9.904
  10.927
   6.356
  11.596
   9.723
  11.322
   7.667
  10.545
  11.921
  10.872
   7.416
   7.233
   6.327
   4.812
   6.587
   7.725
   5.521
  11.821
  11.162
  10.396
  11.583
  11.175
   7.000
  11.719
   7.998
   8.045
   6.006
  10.335
  13.133
   9.921
  10.953
   8.147
   4.247
   8.635
  11.668
  11.705
  10.917
  11.011
  11.812
  10.570
  12.538
   5.794
  11.035
   8.088
  11.361
  12.426
  13.031
  12.887
  12.462
  11.305
   5.043
  11.403
   5.831
   5.314
  10.659
  10.272
  12.958
   7.089
   5.512
  10.371
  11.437
  11.663
   4.911
   6.456
   7.130
  11.903
  10.778
   4.195
   5.189
   6.823
  13.328
  12.259
  13.151
  13.083
  12.435
  12.517
  12.277
   3.817
  10.869
  11.215
  11.634
   8.844
  10.311
  10.201
   8.930
  11.950
   5.833
  10.090
   9.649
  12.642
  12.819
   6.763
  13.145
  12.484
  12.414
   5.581
  12.312
   3.074
   4.951
   4.672
   5.988
  12.792
   2.555
  12.426
   6.838
   5.452
  13.247
  12.650
  10.367
   8.226
  11.878
  13.051
  11.378
  11.599
  11.376
   9.005
  10.608
   8.783
   9.934
   4.005
  10.475
   6.246
   5.310
   4.611
   9.933
  12.204
  10.530
  11.306
   5.427
   1.719
  11.349
  11.334
   3.971
  13.075
   9.763
  12.376
  12.564
   5.926
   6.612
   9.169
  10.020
   9.387
  11.263
  11.813
   8.123
   7.782
   4.718
  12.480
   9.336
   8.128
   9.203
   7.008
   5.165
  10.964
  12.435
  13.031
  12.958
  12.887
  12.819
  12.462
   4.254
   5.666
   7.718
   5.382
  12.664
   9.599
   8.965
   7.765
  12.547
  12.121
  11.792
  10.663
   6.310
   5.677
  10.291
   7.776
   6.157
  13.013
   7.704
  11.605
   5.657
   9.101
   6.352
  11.408
   6.444
   4.946
   5.578
  13.328
  13.151
   5.206
  12.517
  10.298
   6.404
  10.881
   8.192
   5.580
   9.203
   5.148
   7.659
   6.084
  11.375
   7.097
  13.145
   2.771
  10.958
  12.484
   7.610
   9.148
  12.792
  12.426
   7.153
   3.680
   5.446
   3.934
   9.420
  13.247
  12.650
   3.907
   7.893
  11.641
  10.789
  11.497
  11.128
  10.765
  11.952
  10.559
   6.760
  10.632
   9.832
   7.412
  11.155
  11.752
  12.024
   7.032
   5.444
   5.371
   9.841
  12.110
  10.349
  11.956
   7.817
   6.000
  12.182
   7.653
  10.941
  10.654
  10.167
  -0.729
  11.176
  -2.986
  11.148
   5.676
   6.624
   7.669
  11.156
  10.340
  12.120
   7.655
  11.961
   9.900
  10.485
   6.886
  12.719
  10.097
   6.764
  12.435
  13.031
  12.958
  12.887
  12.819
  12.462
   8.014
   7.996
  12.827
   7.824
   8.680
   7.494
   1.494
  10.139
  12.025
  11.215
   8.086
   6.873
  10.442
   9.056
   5.370
   9.026
   9.025
  10.704
  10.076
   9.346
   5.756
  11.336
  12.184
   9.791
   5.014
  11.169
  10.566
  13.328
   7.837
   6.495
  13.151
  10.289
  10.486
  12.517
   4.049
   9.888
  10.680
   5.536
  10.703
   9.210
   5.900
  12.846
   7.892
   6.918
   7.921
   2.688
   6.834
   6.967
  13.145
  12.719
  12.484
   6.440
   1.218
  12.792
  13.247
   8.293
  12.650
  10.982
   6.217
   7.597
   9.702
  11.756
   7.266
   9.729
  11.793
  13.069
   8.549
  10.442
   9.569
  11.431
   7.552
  13.037
   9.470
   5.799
   9.730
  10.572
  12.064
   4.748
  10.004
  11.389
   5.654
   9.365
   6.988
   8.689
   6.121
   7.811
   6.372
   8.916
   4.642
  11.727
  11.046
  12.207
   8.845
  11.840
  12.353
  12.381
  11.091
  11.026
  10.589
  11.716
   9.454
  -2.119
   4.821
  10.941
   9.954
  13.031
  12.958
  12.462
  10.704
   7.500
   2.353
   3.712
   8.449
  10.993
   6.794
   6.588
  10.751
   9.575
   4.475
   6.139
   7.656
   8.941
  11.304
   7.322
  12.840
   9.607
   4.985
   4.763
  10.621
   8.648
   5.619
   6.984
   4.119
  13.328
  11.389
  11.169
   7.900
  10.771
   9.191
  11.096
   9.888
   9.470
   4.109
  10.808
   5.947
   4.998
   5.814
  12.219
   5.629
   8.737
  10.612
   6.922
  11.899
   3.923
  13.145
  12.719
  10.589
   4.080
  11.003
   7.481
   9.714
   3.797
  11.725
   5.015
  10.941
  10.062
  13.247
  12.650
   5.914
   4.336
  12.233
  10.142
   6.458
  11.303
  10.730
  13.044
  12.826
   9.877
  10.806
   7.456
  10.979
  12.658
  11.314
  10.200
   5.951
   9.585
   6.408
   4.341
   5.482
  11.460
   5.974
  12.353
  11.038
  11.171
  11.012
  11.218
  10.085
  11.213
  10.635
   7.981
  12.250
  11.186
  11.211
   9.292
   9.289
   9.103
  10.644
   9.807
   9.720
  10.204
  10.981
  11.401
  11.247
   7.143
   7.244
  11.225
   6.751
