11.667
10.278
10.883
10.607
7.748
9.901
11.191
11.604
11.579
11.542
10.630
11.133
11.010
10.896
11.511
10.506
11.064
9.741
10.384
10.950
10.493
11.080
11.290
11.227
10.641
10.971
11.073
9.409
10.750
11.222
11.261
9.698
11.576
10.887
11.478
10.411
10.955
10.687
8.946
10.367
10.180
10.999
10.972
9.355
10.860
8.715
10.837
10.114
10.919
11.006
11.176
10.966
11.554
9.942
10.934
11.114
9.248
10.947
10.857
10.735
10.665
10.583
11.022
11.055
10.744
11.130
10.688
10.753
10.148
10.404
9.843
10.688
10.061
11.586
10.881
10.936
10.803
10.996
9.907
10.914
10.895
11.111
11.068
11.524
11.013
11.079
10.823
7.823
11.031
10.320
11.074
11.075
9.073
9.894
10.353
11.553
11.136
11.099
10.890
11.311
11.629
8.705
10.744
10.638
9.409
9.878
11.602
11.153
11.512
11.094
10.649
10.843
11.509
10.391
10.063
7.868
11.166
10.492
11.578
10.881
7.947
9.020
10.770
11.572
10.660
9.490
10.700
11.569
10.629
9.246
10.642
10.679
10.678
10.992
8.143
11.311
9.538
9.535
10.061
10.114
10.581
9.892
11.464
10.759
10.724
10.290
9.200
10.616
9.403
10.522
9.834
11.424
9.643
11.544
5.510
9.005
9.830
9.917
10.938
11.549
11.565
9.822
9.592
11.516
9.581
10.691
9.884
11.099
10.647
11.006
11.640
9.423
11.631
10.120
6.258
6.169
8.136
10.138
10.989
11.559
8.374
11.391
11.461
11.457
8.968
9.856
9.509
11.603
11.453
11.562
9.302
11.412
9.798
11.422
11.189
10.865
9.115
9.901
11.576
11.055
10.493
11.572
11.094
10.744
11.057
11.106
10.919
10.852
11.549
10.953
10.994
9.429
10.691
10.988
11.580
11.559
10.413
10.957
11.577
11.342
11.555
11.579
10.943
11.078
11.057
10.478
11.015
11.484
6.560
11.102
9.830
11.517
11.640
11.101
11.424
11.454
8.968
11.590
11.638
10.283
11.469
11.513
11.516
11.072
11.425
11.596
8.018
11.523
11.400
9.550
10.766
10.846
10.914
10.684
9.302
7.418
7.093
10.926
10.865
9.798
10.992
10.745
10.683
11.447
11.562
10.692
11.619
11.618
10.859
11.649
10.670
11.561
11.668
11.037
11.638
11.600
9.907
11.585
11.588
10.129
11.589
11.201
11.247
11.555
11.467
11.047
10.562
11.552
11.636
11.567
6.990
11.412
10.770
9.802
9.802
9.856
11.619
9.879
10.206
11.633
11.653
11.642
11.562
11.521
11.514
9.853
11.597
10.478
10.413
11.101
10.744
10.669
10.768
11.061
10.691
10.923
10.893
10.671
11.590
11.600
11.575
11.580
10.420
11.564
11.606
11.566
11.054
11.381
11.575
11.619
10.727
10.784
9.830
11.640
10.042
11.560
11.424
11.515
8.968
11.260
11.508
11.516
11.527
7.398
9.005
10.696
11.052
11.371
10.419
11.642
11.445
10.801
9.853
9.302
10.681
11.556
11.572
10.768
11.107
10.948
10.621
9.957
10.865
11.396
11.414
9.802
8.417
11.575
11.444
10.774
10.755
11.431
9.820
11.642
11.594
11.606
11.640
11.565
11.569
11.483
11.406
11.704
11.566
11.637
11.602
9.816
11.526
11.461
11.643
11.658
9.883
11.280
11.560
10.536
11.645
9.827
11.602
11.564
11.619
11.620
9.812
9.805
11.485
11.578
11.677
9.803
11.519
9.398
9.590
11.671
11.426
11.617
11.575
10.478
10.420
10.042
10.744
10.691
11.585
10.757
11.327
10.418
11.507
11.049
11.575
11.572
11.636
11.610
11.595
10.778
11.114
11.559
11.597
11.577
11.519
10.916
11.604
10.766
11.548
10.755
11.619
11.642
9.830
11.424
10.691
8.968
10.698
11.528
10.951
9.918
10.684
11.523
11.643
11.177
11.371
11.643
10.738
10.871
11.642
10.623
11.189
9.853
11.474
11.584
11.026
11.395
11.372
11.396
10.919
9.016
10.769
11.010
9.698
11.222
5.175
10.865
9.812
11.508
11.639
11.569
11.450
9.823
9.818
11.420
9.460
11.646
11.645
11.622
10.446
11.651
11.551
10.320
11.567
11.664
11.646
11.638
11.645
11.646
10.629
11.515
11.567
10.245
11.599
11.590
10.677
11.672
11.652
11.284
11.295
11.259
9.834
11.488
11.516
9.798
9.805
9.809
10.790
11.674
11.667
11.498
11.345
11.675
11.575
10.478
10.042
10.757
10.684
11.604
9.830
11.424
11.646
10.013
10.747
11.616
11.648
9.822
11.646
11.641
9.824
11.618
10.711
11.605
11.538
11.621
11.630
11.602
11.649
11.653
11.655
11.619
11.551
11.642
11.608
11.558
11.637
10.993
9.713
11.650
11.052
9.853
11.391
10.597
10.962
11.496
11.620
11.600
11.644
10.352
10.822
10.532
10.776
10.799
9.395
9.641
9.989
10.351
11.516
11.626
11.498
11.516
10.790
9.812
10.344
11.452
11.040
11.401
11.569
11.686
11.485
10.732
11.654
11.405
9.804
9.802
11.675
10.157
11.553
11.682
11.593
11.553
9.800
11.668
9.801
11.368
11.080
11.661
11.434
11.464
11.464
11.455
11.417
11.677
11.630
11.613
11.549
11.548
11.483
11.628
10.716
11.460
11.688
11.629
11.452
11.527
11.566
11.485
11.247
9.789
11.529
8.874
11.575
10.478
10.042
11.620
10.757
10.684
11.644
9.830
11.424
11.622
11.379
11.623
10.480
11.616
10.132
10.597
11.419
10.285
11.650
11.639
11.634
11.643
9.819
11.644
11.639
11.649
10.189
11.610
11.631
10.687
11.641
9.820
11.648
11.551
11.642
11.637
11.590
11.668
11.620
11.658
11.519
10.733
10.198
11.613
9.853
11.650
10.645
10.657
10.482
11.407
11.644
11.646
11.615
10.680
9.442
11.642
11.516
10.790
9.812
10.692
11.567
11.463
11.210
10.565
8.760
11.570
11.659
9.829
11.519
11.677
11.559
11.616
11.668
11.454
11.651
11.469
11.641
11.574
11.412
11.576
11.508
11.457
11.641
11.440
11.559
11.638
11.586
11.571
11.274
9.803
11.571
11.577
9.802
11.271
11.366
9.805
11.599
11.497
11.415
11.567
11.580
11.356
11.670
11.415
11.664
10.478
11.658
10.757
10.684
11.644
9.830
11.424
11.443
11.372
11.628
11.494
11.658
10.678
11.623
11.611
11.642
11.560
11.606
11.593
11.594
11.507
10.689
11.592
11.641
11.551
11.651
11.510
10.674
11.502
8.399
11.641
11.611
10.656
11.595
11.644
11.513
11.471
11.512
11.621
11.609
11.570
11.616
9.853
11.607
11.609
11.546
9.543
10.618
11.599
11.617
9.795
10.970
11.535
10.328
11.579
11.461
11.260
11.580
11.516
10.790
9.812
11.589
11.139
10.572
10.840
11.663
11.653
11.665
9.764
10.166
11.625
11.565
11.392
11.629
11.647
11.516
10.299
11.570
11.389
10.776
11.592
11.439
11.393
11.569
11.434
11.656
11.662
11.443
11.488
11.484
11.414
11.489
11.576
11.271
11.334
11.481
11.498
11.402
11.619
11.626
11.682
11.435
11.492
11.337
11.587
9.801
11.505
11.229
11.396
11.575
10.478
11.658
10.757
10.684
11.644
9.830
11.424
11.508
11.616
11.627
11.545
10.874
11.602
11.622
11.416
11.601
11.587
9.793
11.643
11.645
10.670
11.313
11.329
10.137
10.696
11.565
11.651
11.642
11.642
11.641
11.603
11.648
11.622
11.594
11.560
11.542
11.662
11.629
11.626
11.619
10.444
9.851
11.614
11.645
9.853
11.649
11.528
11.642
10.604
11.642
11.613
11.648
10.962
11.131
11.580
11.516
10.790
11.619
9.812
11.631
10.810
11.571
10.349
11.400
11.149
11.666
11.393
11.489
11.580
11.412
11.627
11.631
11.645
11.631
11.709
11.555
11.391
11.492
11.181
11.629
11.636
11.571
11.501
11.411
11.345
11.495
11.290
11.418
11.359
11.483
11.569
11.576
11.564
9.865
11.346
11.402
11.356
11.520
11.353
11.626
10.703
11.401
11.271
11.694
11.596
10.478
11.658
10.757
10.684
11.644
9.830
11.424
10.651
11.372
11.590
10.444
11.307
11.553
11.564
11.611
11.425
11.546
11.643
11.617
11.529
11.637
11.642
11.593
11.647
11.636
11.650
11.496
11.565
9.227
11.651
11.646
11.587
11.646
11.650
11.648
11.644
11.649
11.197
11.563
10.186
10.450
11.606
11.495
9.853
11.646
11.381
10.750
11.502
11.654
11.628
10.878
11.538
11.557
11.384
10.583
9.827
7.803
11.580
11.516
10.790
11.619
9.865
11.612
9.208
9.892
10.595
11.663
11.269
11.359
11.496
11.578
11.672
11.301
11.573
11.564
11.555
11.658
11.561
11.640
11.664
11.664
11.449
11.600
11.567
11.425
11.561
11.606
11.401
11.493
11.263
10.422
11.665
11.616
11.618
11.669
10.361
11.649
11.491
11.663
11.631
11.394
11.489
11.486
11.393
11.611
11.416
11.573
11.484
10.478
11.658
10.757
10.684
11.644
9.830
11.424
11.620
10.648
11.623
11.652
11.536
11.615
11.522
11.599
11.644
11.638
11.637
11.639
11.545
11.425
10.680
11.638
11.645
11.643
11.639
10.337
10.742
11.603
10.554
11.552
11.639
11.596
11.565
11.651
11.613
11.609
11.643
11.595
11.319
11.617
11.541
8.997
10.683
9.853
11.643
11.651
10.624
11.447
11.646
10.468
10.200
11.609
11.072
10.749
10.979
10.177
11.197
11.580
11.516
10.790
11.619
9.586
9.865
10.567
11.622
10.591
11.562
11.561
11.635
11.660
11.664
11.667
11.587
11.401
11.489
11.346
11.611
9.729
11.430
11.490
11.649
11.411
11.644
11.605
11.428
11.640
11.556
11.602
11.548
11.493
11.570
11.349
11.496
11.478
11.584
11.489
11.432
11.404
11.421
11.496
9.896
11.270
10.690
11.391
11.495
11.489
11.494
11.400
11.674
11.658
10.979
10.757
10.680
11.644
9.830
11.626
11.622
11.622
11.592
10.649
10.611
11.643
11.642
11.621
11.507
11.449
11.574
11.644
11.643
11.645
11.649
11.641
11.601
11.483
5.158
10.753
11.614
11.565
11.514
11.650
11.640
11.611
11.640
10.690
10.660
11.593
11.301
11.605
10.675
11.522
9.853
11.546
11.550
10.559
10.304
11.665
11.598
11.462
11.646
10.672
11.580
10.808
11.516
10.951
10.790
11.619
11.346
11.064
9.896
10.690
11.193
11.069
11.412
10.444
11.570
11.503
11.503
11.355
11.555
11.482
11.567
11.528
11.632
11.490
11.601
11.564
11.562
11.555
11.665
11.147
11.612
11.437
11.618
11.555
11.456
11.409
11.633
11.460
11.459
11.461
11.051
11.600
11.458
11.586
9.798
11.421
11.366
11.573
11.586
11.571
11.496
11.618
11.476
11.533
11.658
10.979
10.757
10.680
11.644
9.573
11.646
11.623
10.985
11.640
11.615
11.560
11.642
11.613
11.635
11.649
11.299
11.640
11.489
11.649
11.290
11.599
11.624
11.609
10.651
11.423
10.128
11.611
11.639
11.609
11.652
11.558
11.639
11.564
11.618
11.563
11.565
11.561
11.644
11.586
9.226
11.643
8.084
11.553
11.558
11.229
10.623
8.375
11.604
11.633
11.113
11.580
11.429
11.516
10.680
10.790
11.619
11.346
9.896
9.798
10.690
10.928
11.623
11.425
10.871
11.566
11.621
11.692
11.621
11.620
11.617
11.562
11.493
11.630
11.504
11.558
11.489
9.881
10.468
11.452
11.617
11.485
11.507
10.425
11.568
11.459
11.598
11.594
11.403
11.406
10.873
11.523
11.354
11.451
11.579
10.462
11.590
11.554
11.454
11.674
11.408
10.740
11.419
11.507
11.507
10.979
10.757
10.680
11.606
11.622
11.640
11.605
11.646
11.641
11.643
11.558
11.642
11.293
10.189
10.936
11.620
11.617
11.644
11.586
11.649
11.604
11.639
11.634
11.642
11.360
11.602
11.692
9.280
11.646
11.565
11.490
11.639
11.652
11.476
10.175
11.586
11.298
10.947
9.830
11.639
11.312
11.606
11.648
11.517
11.539
11.515
10.929
11.521
11.646
11.574
11.536
11.644
10.707
10.717
11.589
9.319
11.580
11.516
10.733
10.790
11.619
11.346
9.896
9.798
10.690
11.607
11.712
9.875
11.480
11.500
11.594
11.569
11.406
11.636
11.494
11.621
11.660
11.657
11.674
11.400
10.601
11.594
11.616
10.854
11.622
11.399
11.588
11.513
11.411
11.571
11.368
9.800
11.363
11.548
11.491
10.867
11.687
11.260
11.427
10.434
11.539
11.486
11.601
10.578
11.615
11.411
11.579
11.463
11.515
11.416
11.552
11.494
10.979
10.189
10.757
10.680
10.184
11.624
11.625
11.554
10.865
11.592
11.558
11.650
11.539
11.574
11.391
11.622
11.550
11.530
11.202
11.507
9.816
11.646
11.548
11.692
11.230
11.641
11.613
11.642
10.995
11.525
11.400
11.645
11.634
11.647
11.641
11.617
11.638
11.556
11.581
10.662
10.505
11.581
11.645
11.642
11.580
11.568
11.524
11.450
11.593
11.434
11.446
11.580
11.463
11.687
10.867
11.516
11.619
9.896
9.798
11.552
9.814
11.189
10.727
10.690
6.511
11.437
11.498
11.619
11.658
11.561
11.435
11.374
11.637
11.604
11.627
11.639
11.638
11.651
11.647
11.609
11.686
11.505
11.714
11.603
11.049
11.507
11.392
10.928
10.808
11.419
11.522
11.426
11.654
10.686
11.500
11.363
11.685
11.343
11.493
11.264
11.358
11.403
11.497
11.349
11.489
11.492
10.454
10.865
10.979
10.189
10.680
11.619
11.596
11.538
11.659
11.633
11.596
10.184
10.186
11.374
11.253
10.814
11.409
11.600
11.552
11.540
11.595
11.611
10.649
11.641
10.866
11.647
11.648
11.399
10.885
11.602
11.692
11.640
11.217
11.398
11.036
11.642
11.490
11.647
11.258
11.453
10.428
11.623
11.400
11.592
11.600
11.637
11.446
11.588
9.781
9.595
11.527
9.866
11.496
11.384
11.362
11.432
11.580
11.463
11.413
11.687
10.867
9.882
11.516
11.619
9.896
9.798
11.622
11.416
11.631
11.371
10.435
11.617
11.374
10.785
11.710
11.641
11.078
11.649
11.561
11.639
11.620
6.898
11.616
11.636
11.522
11.342
11.431
11.638
11.686
11.489
11.457
11.406
11.363
11.458
11.581
11.332
11.454
11.502
11.562
11.692
11.510
10.879
11.571
10.719
11.384
11.268
11.677
11.658
11.562
11.373
10.865
10.979
10.189
10.680
11.652
11.619
11.511
11.433
11.609
10.186
10.981
10.951
11.606
11.638
11.588
11.632
11.556
11.585
11.647
11.568
11.598
11.539
11.374
11.199
11.505
11.616
10.729
11.600
11.581
11.591
11.692
11.541
10.654
9.960
11.644
11.643
11.648
11.652
11.648
11.591
9.844
11.096
11.400
9.888
8.569
11.544
10.688
11.490
11.645
11.618
11.625
11.514
10.780
10.600
11.580
11.463
11.483
11.687
10.867
11.516
11.619
9.896
9.798
5.015
10.614
11.456
11.456
11.659
11.638
11.466
11.198
10.473
10.438
11.419
11.371
11.463
11.349
11.567
11.159
11.397
11.577
11.704
10.803
11.407
11.667
11.341
11.428
11.495
11.500
11.487
11.595
11.588
11.605
11.585
10.904
10.039
11.499
11.402
11.492
11.558
11.562
11.663
11.463
11.049
11.500
11.491
11.490
11.416
11.552
10.865
10.979
10.189
10.680
11.374
11.620
10.391
10.428
11.638
9.591
11.565
11.583
11.603
10.600
11.644
9.730
10.873
11.594
11.592
11.592
11.585
8.454
11.543
10.681
11.460
11.594
11.692
11.622
10.814
9.818
11.643
11.643
11.644
11.645
11.648
11.644
11.522
11.648
11.647
11.563
11.394
10.991
11.467
11.304
11.400
10.535
10.434
11.410
11.624
11.497
11.542
11.581
10.709
10.313
10.245
11.580
11.463
11.687
10.867
11.516
11.619
9.896
9.798
10.832
9.884
9.131
11.667
11.708
11.566
11.669
11.225
11.643
11.665
11.493
11.532
11.588
11.626
11.547
11.527
11.641
11.658
11.704
11.505
11.409
11.323
11.682
11.472
11.366
11.578
11.698
11.577
11.489
11.497
11.346
10.884
11.509
11.491
11.338
11.498
11.478
11.564
11.496
11.371
11.510
11.502
10.150
11.672
11.565
10.865
10.979
10.189
10.680
11.602
11.599
11.597
10.755
11.583
11.499
11.456
11.258
10.189
11.539
11.590
11.595
11.632
11.636
11.615
11.640
9.571
11.551
11.635
11.543
11.581
11.584
11.598
11.413
11.436
11.611
11.374
10.734
11.435
11.053
11.614
11.692
10.571
9.780
11.640
11.622
11.581
11.545
10.370
10.241
11.478
10.768
11.531
11.475
11.400
10.802
10.776
10.377
10.779
11.466
8.966
10.242
10.377
11.580
11.463
11.687
10.867
11.516
11.619
10.150
9.896
11.643
11.648
11.639
11.643
11.641
11.399
11.656
11.362
11.669
11.450
11.560
11.563
11.599
9.880
11.562
11.370
11.623
11.660
10.274
11.409
11.592
11.443
10.724
7.738
11.506
11.651
11.593
11.556
11.498
11.357
11.477
11.492
10.852
11.407
11.611
11.622
11.611
11.583
11.441
11.379
11.504
11.341
11.492
11.426
11.571
11.481
10.683
10.865
10.755
10.979
10.189
10.680
11.643
11.436
11.594
11.619
11.473
10.187
10.792
11.554
11.656
11.374
11.578
10.504
11.609
11.655
11.553
11.608
11.632
11.296
11.542
11.391
11.606
9.874
10.912
11.545
11.692
11.561
10.729
11.560
11.563
11.571
11.274
11.458
10.634
11.645
11.594
11.612
11.134
11.627
10.622
10.646
11.437
11.644
11.642
10.772
11.257
11.619
11.587
11.496
11.550
11.090
10.984
11.314
11.580
11.463
10.867
11.516
11.619
11.195
11.406
11.104
11.685
11.657
11.617
10.751
11.544
11.566
11.574
11.646
11.421
11.195
11.466
10.710
11.634
11.577
11.512
11.575
11.496
11.272
11.565
11.489
11.422
11.418
11.507
11.503
11.023
11.375
10.436
11.372
11.561
11.617
11.384
11.472
11.560
11.489
10.790
11.424
11.614
11.424
11.335
11.421
10.865
10.755
10.979
10.189
11.598
11.520
11.643
10.185
10.189
11.621
11.641
11.598
11.443
11.528
11.597
11.597
11.274
11.413
11.643
8.126
11.625
11.436
10.656
11.613
11.633
11.644
11.644
11.644
11.640
11.639
11.546
11.374
10.962
10.297
11.614
11.645
11.692
11.560
10.186
10.712
11.197
11.510
11.646
11.614
11.612
11.566
11.578
11.635
9.839
11.647
10.831
10.941
11.196
11.576
10.338
11.640
11.490
11.294
11.360
11.580
11.463
10.867
11.516
10.751
11.619
11.519
10.438
11.458
11.395
11.449
11.553
11.402
11.413
10.433
11.578
11.401
11.592
10.428
10.730
11.596
11.475
11.641
11.362
11.714
11.634
11.672
11.462
11.543
11.524
11.214
11.306
11.390
11.411
11.433
11.465
11.637
11.405
11.563
11.495
11.341
11.461
11.566
11.497
11.476
11.555
11.621
11.497
11.494
11.489
11.569
11.573
11.407
11.509
10.865
10.755
10.979
10.189
11.643
11.436
11.600
11.577
10.783
10.185
10.184
11.620
11.539
11.559
11.301
11.374
11.581
10.693
11.598
10.544
11.643
11.593
11.545
11.602
10.582
11.692
11.567
11.560
10.639
11.417
9.924
11.644
11.645
11.521
11.651
11.463
10.647
11.512
11.604
11.635
11.526
10.465
11.548
10.605
10.203
11.610
11.646
11.658
11.655
11.514
11.647
11.506
10.242
11.584
10.513
9.729
11.568
11.580
11.463
10.867
11.516
10.751
11.619
9.628
9.853
11.576
11.643
11.608
11.663
11.622
10.774
9.603
11.679
11.496
11.351
11.661
10.849
11.424
11.341
11.489
11.443
11.437
11.465
11.400
11.653
11.620
11.602
11.598
11.462
11.336
11.442
11.503
11.398
11.475
11.502
11.494
11.492
11.495
10.834
11.496
11.548
11.351
10.553
11.555
11.583
11.409
11.573
11.580
5.768
10.865
10.755
10.979
10.189
11.643
11.436
11.570
11.595
11.596
11.597
11.600
11.622
11.599
11.486
11.645
11.602
10.754
10.638
11.374
11.641
9.240
11.095
11.617
11.632
11.627
11.625
10.538
8.724
9.535
11.573
11.692
11.663
11.560
11.592
11.599
9.837
11.640
11.607
11.645
10.327
11.504
10.928
11.628
7.444
11.617
11.646
11.615
11.605
11.465
11.621
11.499
11.572
11.462
9.395
11.579
11.039
11.409
11.436
11.523
11.492
11.731
11.580
11.463
10.867
11.457
11.516
10.751
11.376
11.619
10.373
10.593
11.655
11.569
11.121
11.626
11.497
11.456
11.363
10.383
11.419
11.707
9.453
11.205
11.457
11.452
11.373
10.846
11.492
10.038
11.278
11.338
11.421
11.424
11.598
11.469
11.487
11.616
11.341
11.496
11.492
11.498
11.339
11.590
11.564
11.362
11.590
11.602
9.913
10.865
10.755
10.979
10.189
11.643
11.436
11.622
11.677
10.676
11.594
11.597
11.597
11.593
11.568
11.676
10.346
11.594
11.374
11.636
11.448
9.830
11.642
11.648
11.621
11.183
11.644
11.655
11.692
11.635
11.466
9.928
11.521
11.623
11.630
10.185
11.560
11.600
11.002
11.452
11.064
10.656
10.242
9.862
11.641
11.546
11.639
11.107
11.646
10.451
10.815
11.141
11.581
10.682
10.432
11.567
11.631
11.587
11.614
11.674
11.404
11.269
10.451
9.804
11.580
11.463
10.867
10.959
11.516
10.751
11.517
11.573
11.619
11.117
10.485
11.353
11.400
11.563
11.469
11.488
11.558
11.495
11.505
11.489
11.338
11.456
11.633
11.371
11.594
11.682
11.564
11.428
11.377
11.501
11.130
11.587
11.481
11.552
11.489
11.432
11.614
11.479
11.492
11.398
11.328
11.278
11.609
11.493
10.425
6.004
11.406
2.971
10.865
10.755
10.979
11.643
11.436
10.994
11.598
11.616
11.453
10.651
10.672
11.507
10.938
10.730
10.806
11.588
11.626
11.679
11.630
11.637
11.677
11.657
11.584
11.601
11.601
11.586
11.595
11.692
11.560
11.504
11.511
11.632
11.647
11.551
11.655
11.111
11.039
11.599
11.131
11.628
8.578
10.753
11.225
11.197
11.648
11.585
11.494
11.562
11.528
11.455
11.542
11.530
11.359
11.431
11.250
10.764
11.359
11.521
10.590
11.578
11.664
11.674
11.662
11.612
11.622
11.525
11.497
11.580
11.614
11.269
10.554
11.463
11.490
10.062
10.867
11.516
11.257
11.328
10.751
11.679
11.443
11.405
11.427
11.457
11.619
10.237
11.442
11.401
11.501
10.437
11.619
11.585
11.408
11.574
9.646
11.595
11.193
11.393
11.445
11.484
11.490
11.407
11.466
11.332
11.503
11.355
11.411
11.492
11.470
11.362
11.348
11.569
11.504
