hardness
 (GPa)  
   8.803
   4.814
   6.655
   4.164
   1.835
   8.245
   5.804
   5.941
   4.729
   7.723
   6.359
   5.296
   3.763
   3.299
   1.327
   5.402
   7.501
   4.711
   6.020
   6.925
   7.724
   2.667
   4.173
   4.056
   6.346
   4.887
   6.398
   7.092
   3.456
   4.897
   6.101
   3.586
   8.146
   5.734
   3.483
   5.030
   5.808
   5.424
   1.101
   3.453
   3.519
   4.541
   5.081
   4.059
   4.049
   2.689
   4.272
   4.901
   6.453
   5.516
   5.092
   6.801
   5.910
   6.499
   7.657
   7.197
   0.872
   5.435
   3.883
   5.244
   5.931
   3.225
   5.442
   8.515
   5.167
   5.922
   5.807
   5.842
   6.963
   4.866
   5.632
   5.287
   4.910
   7.028
   3.491
   4.704
   5.212
   5.026
   1.198
   4.829
   3.557
   7.643
   6.016
   7.373
   5.662
   6.757
   5.535
   2.287
   5.294
   4.028
   2.289
   5.894
   4.494
   6.967
   5.185
   3.691
   6.234
   4.538
   5.789
   7.139
   6.530
   3.637
   9.438
   6.069
   6.701
   2.799
   7.963
   4.198
   1.118
   7.729
   5.949
   5.024
   0.945
   6.204
   5.973
   3.888
   6.880
   5.085
   6.498
   5.248
   3.441
   3.803
   8.505
   9.405
   5.991
   4.555
   7.762
   6.011
   4.285
   5.362
   5.452
   3.586
   6.378
   4.517
   3.178
   7.220
   6.118
   4.516
   6.097
   6.202
   1.654
   7.229
   5.919
   4.560
   5.561
   5.775
   2.152
   5.215
   6.639
   5.515
   5.308
   8.965
   3.801
   2.837
   1.304
   5.073
   9.331
   6.146
   6.515
   4.334
   4.984
   8.588
   1.928
   7.299
   1.298
   8.932
   3.027
   7.139
   3.662
   6.658
   9.069
   5.102
   5.205
   7.358
   2.426
   1.859
   4.410
   4.207
   6.374
   6.506
   4.672
   5.772
   3.382
   4.151
   8.458
   8.310
   3.485
   6.065
   4.355
   6.774
   7.824
   3.455
   9.521
   3.772
   7.343
   9.801
   5.472
   8.245
   8.146
   8.515
   7.724
   9.405
   7.729
   9.438
   4.994
   5.784
   4.786
   5.675
   4.460
   4.740
   6.343
   6.657
   8.932
   5.134
   4.596
   4.662
   8.700
   5.702
   7.532
   3.494
   7.324
   5.170
   3.563
   5.881
   6.076
   8.545
   5.826
   2.814
   1.942
   6.766
   9.331
   1.721
   9.069
   7.755
   8.965
   4.179
   8.458
   8.818
   9.367
   6.073
   3.156
   2.119
   3.713
   5.291
   5.982
   7.904
   3.491
   3.292
   3.958
   3.856
   5.044
   5.300
   2.285
   4.940
   7.824
   3.076
   5.645
   4.563
   9.801
   9.521
   6.813
   5.714
   5.732
   5.930
   7.559
   5.017
  10.139
   7.141
   5.059
   8.961
   8.497
   4.237
   9.575
   4.160
   6.500
   5.049
   6.821
   3.610
   6.520
   6.513
   7.915
   5.229
   7.476
   1.988
   3.405
   6.772
   7.212
   5.501
   5.078
   9.564
  -2.902
   6.449
   8.452
   9.529
   9.529
   8.239
   9.324
   8.676
   4.542
   8.735
   5.845
   9.280
   5.780
   4.181
   2.371
   9.299
  10.005
   8.545
   8.700
   7.755
   9.438
   8.707
   9.430
   7.417
   8.932
   6.206
   3.758
   8.501
   7.839
   8.030
   6.759
   7.894
   9.140
   7.916
   7.003
   6.252
   4.933
   5.603
   6.288
  10.139
   5.956
   5.032
   9.331
   9.069
   8.538
   7.119
   8.965
   4.324
   8.458
   5.627
   3.161
   4.544
   2.634
   6.852
   2.185
   7.083
   5.090
   8.329
   6.397
   9.280
   1.849
   3.907
   9.299
   7.824
   6.019
   4.991
   8.220
   4.825
   4.657
   6.971
   6.923
   4.126
   9.801
   3.370
   8.497
   9.529
   3.452
   9.607
   7.155
   6.234
   8.418
   7.337
   8.615
   9.822
   6.390
   5.321
   5.543
   6.108
   5.877
   4.208
   3.462
   7.599
   5.546
   6.144
   5.706
   6.469
   3.984
   2.765
   8.709
   9.285
   8.695
   7.756
   8.472
   6.531
   8.972
   8.599
   5.178
   7.404
   6.552
   8.604
   9.545
   9.533
   5.540
   7.047
   8.089
   9.532
   5.549
   5.820
   3.479
   9.391
   6.915
   8.381
   9.607
   8.545
   9.140
   8.538
   9.438
   8.932
   8.025
   9.460
   5.370
   5.507
   3.712
   6.273
   4.743
   9.045
   9.345
  10.066
   8.027
   8.479
   3.807
   5.769
   6.871
   9.343
   0.764
   4.463
   9.189
   8.646
   3.397
   7.187
  10.139
   9.822
   9.331
   8.965
   3.416
   8.458
   5.685
   7.052
   8.275
   3.563
   9.983
   3.359
   8.242
   4.387
   8.045
   9.586
   7.065
   4.289
   9.280
   5.365
   4.599
   9.299
   4.088
   7.379
   5.286
   4.773
   5.430
   2.772
   3.571
   3.201
   5.390
   4.966
   6.044
   4.383
   0.153
   9.801
   9.545
   7.456
   8.078
   2.357
   4.883
   8.573
   8.585
   7.469
   4.848
  10.386
  10.067
  10.128
   6.703
   9.829
  10.337
   7.356
   5.449
   9.548
   8.780
   6.072
  10.366
   8.987
   5.750
   3.491
   6.141
   3.654
   2.676
   8.377
   6.232
   8.815
   5.762
   7.525
   8.302
   8.682
   5.181
   9.440
  10.622
   9.525
   9.533
   9.543
  10.578
   9.248
  10.229
  10.762
   9.504
  10.084
   9.607
   8.545
   8.538
   9.460
   9.983
   9.189
   9.331
   8.965
   7.808
   6.594
   9.447
   9.658
   9.620
   8.591
  10.001
   9.012
   6.469
  10.177
   6.098
   7.489
   7.835
   8.488
   9.926
   7.176
   6.284
  10.305
   8.415
   9.436
  10.337
   9.280
   9.192
  10.593
   7.724
   7.527
   5.633
   5.408
   8.914
   9.299
   4.020
   4.689
   7.497
   2.956
  11.032
   9.282
  10.532
   4.190
   5.405
   2.864
   4.976
   5.185
   2.935
   5.641
   7.913
   4.653
   4.367
   2.977
  10.762
  10.622
  10.578
   9.545
   6.839
   3.993
   8.746
   7.205
   8.749
   9.033
  10.452
   6.866
  10.130
   1.175
   9.534
   9.529
   9.662
   7.432
   4.771
   9.029
   5.710
   5.902
   9.521
  10.526
   9.526
   4.974
   8.382
   9.350
   5.705
   6.738
   5.414
   3.585
   2.408
   6.973
   5.068
   8.735
   4.478
   8.037
   6.249
   6.596
   9.605
   6.755
   7.857
   6.253
   7.169
   3.891
   5.959
   6.379
   7.696
   9.507
   9.072
   8.172
   9.607
   8.545
   8.538
  11.032
   9.460
   9.983
  10.532
   9.331
   8.965
   8.574
   7.897
   7.957
   4.497
   9.333
   5.557
   6.926
   8.234
   5.728
   9.622
   8.709
   9.093
  10.338
   9.312
   9.554
   8.372
   5.529
   7.418
  10.336
  10.573
   3.734
   9.798
   6.691
  10.911
  10.337
   9.280
   6.210
   7.878
   9.133
   9.358
  11.120
   3.682
   7.302
   5.687
   9.306
   9.299
  10.123
   5.846
   7.065
   7.282
   7.055
   9.473
   6.349
  10.147
   6.674
   4.667
   9.954
  10.622
  10.578
   9.545
   6.203
   8.466
   3.385
   6.266
   7.530
   5.808
   8.105
   9.455
   4.702
   4.719
  10.143
   8.003
   6.408
   9.583
   4.080
   9.457
   4.495
  10.540
   8.614
   4.371
   6.127
  10.777
   4.885
   5.544
   6.426
   8.081
   6.240
   7.258
   5.955
   8.266
   9.534
   8.358
   9.942
   9.529
   4.202
   7.036
   9.536
   7.855
  10.253
   4.388
   9.519
  10.980
   9.501
   7.194
   5.715
   9.754
   8.545
  11.120
   9.460
   9.983
   9.554
   9.331
   8.965
   5.664
   6.930
   8.350
   5.588
   9.074
   6.768
  10.510
   4.298
   6.701
   7.075
   8.386
   5.809
   6.865
   5.087
   7.800
   8.514
  10.540
  10.337
   9.457
   1.031
   6.173
   5.194
   7.191
  10.018
   8.604
   6.388
   6.774
  10.816
   3.642
   1.621
   3.713
   9.398
   6.370
   5.676
   6.662
   9.299
   9.082
   9.363
   8.399
   3.260
   5.058
  10.959
   5.060
   3.376
   4.571
   2.655
   7.376
   3.191
   3.392
   7.141
  10.980
  10.622
  10.578
   9.545
   6.585
   5.092
   4.307
   4.942
   9.454
   5.599
   9.527
   9.466
   6.363
   6.426
  10.383
   7.912
   9.921
   5.494
   8.449
   3.581
   9.357
   9.459
  10.576
   6.032
   9.134
   8.977
   8.565
   7.797
   9.251
   9.480
   9.194
   9.429
  10.744
   3.860
   9.411
   9.524
   9.978
   9.474
   9.221
  10.761
   1.306
  10.248
  10.824
   9.022
   8.080
  10.756
  10.557
   8.545
   9.527
  10.156
   6.530
   6.424
   9.019
   8.545
  11.120
   9.460
   9.983
  10.816
   9.331
   8.965
   4.102
   7.637
   8.675
   8.210
   3.188
   6.640
   9.705
   6.708
   3.657
   8.944
   7.464
   8.894
  10.369
   9.960
   6.035
   8.799
   5.520
   6.364
  10.383
   9.457
   7.541
   7.592
   8.258
   8.401
   9.641
   8.511
  10.484
   6.750
   7.694
   9.379
   6.627
   9.478
   9.682
   7.374
   6.845
   6.700
  10.025
   9.299
  10.008
   3.948
   6.376
   3.616
   8.635
  10.988
   6.242
   6.379
   3.502
  10.980
  10.622
  10.578
  10.248
   9.545
   5.631
   3.493
   4.988
   5.262
   4.275
   4.303
   7.069
   9.967
   9.408
   5.442
   6.920
   9.573
   5.027
   5.496
   6.630
   5.688
   7.964
   6.784
   7.472
   4.531
   9.981
   5.606
   6.106
   9.829
   3.786
   8.902
  10.244
   9.625
   6.202
   8.805
  10.742
   6.044
  10.278
   8.384
   9.639
  10.260
   1.296
   6.880
   9.953
   6.577
   5.352
   9.657
   6.433
   5.591
   9.373
   5.026
   8.545
  11.120
   9.460
   9.983
  10.816
   9.331
   8.965
   3.504
   4.954
   3.760
   5.947
   6.758
   9.149
   5.688
  10.541
   7.118
   6.338
  10.038
   9.345
   3.753
   9.954
   9.879
   6.258
   9.487
   7.856
   8.626
   7.973
  10.383
   2.961
   9.457
   9.861
   6.389
   8.673
  10.384
  10.476
   9.101
  10.402
   6.295
   5.339
   8.391
   5.957
  10.964
   4.187
   9.299
   7.926
   7.298
   2.214
   4.268
   9.508
   9.649
   7.606
   6.001
   3.651
   3.953
   4.431
   4.317
   0.813
  10.980
  10.622
  10.578
  10.248
   9.639
   6.409
   1.569
   8.957
   4.253
   4.889
   7.861
   8.944
  10.757
   9.380
   8.961
   8.925
   6.046
   5.973
   4.023
   5.659
   8.427
   8.948
   9.565
  10.559
   3.359
   8.706
   7.517
   1.605
   9.842
   8.524
   4.450
  10.753
   8.843
   6.848
   7.174
   6.894
   9.482
  10.158
   6.609
  10.517
  10.741
   9.314
   5.170
   8.788
   8.561
   9.445
   7.253
   8.347
   5.532
   7.304
   6.387
   8.545
  11.120
   9.460
   9.983
  10.816
   9.331
   8.965
   7.785
   4.572
   8.214
   4.841
   7.011
  11.032
   1.487
   5.440
  10.005
   7.311
   8.405
   7.704
   3.878
   5.114
  10.076
   8.206
  10.394
   9.998
   9.540
   3.626
   5.401
   6.202
   5.297
   3.090
   8.245
   7.506
  10.383
   9.457
  10.982
   7.063
   7.860
   6.932
   8.202
   9.522
   8.980
   6.138
   7.829
   9.299
  10.041
  10.061
   7.667
   3.819
   9.094
   4.738
   6.834
   6.608
   2.323
   6.447
  10.511
   4.681
   4.087
  10.980
  10.622
  10.578
  10.248
   6.113
   9.639
   3.397
   6.184
   7.586
   5.154
   1.755
   7.204
   9.422
   9.420
   9.550
   1.586
   8.689
   9.419
  10.225
   3.136
   7.504
   8.297
  10.746
   5.697
   6.947
   9.328
  10.124
   8.241
   9.095
   5.650
  10.122
   7.758
   5.726
   8.543
   9.623
   7.738
   6.263
  10.476
  10.749
   4.556
   3.439
   3.489
  10.235
   9.683
   8.509
   9.389
   4.455
  10.740
  10.749
   8.929
   4.298
   9.075
  11.120
  10.511
   9.460
  10.076
  10.816
   9.331
   8.875
   9.957
  10.078
   8.982
   6.201
   4.930
   5.686
  10.437
   4.336
   1.998
   4.629
   7.577
  10.170
   9.584
   8.721
  10.551
   7.301
   8.593
   8.195
  -2.186
   7.371
   9.198
  10.383
   1.161
   9.123
   8.635
  10.152
   6.267
   6.601
   6.688
   9.017
   4.745
   8.846
   7.412
   5.304
   9.299
   9.260
   5.742
   7.166
   2.532
  10.524
   7.691
   2.886
   9.209
   4.600
  10.980
   3.591
  10.622
   3.969
  10.578
  10.248
  10.225
   3.302
   9.683
   9.389
   9.145
   6.177
   1.534
   3.178
  10.519
  10.760
   9.466
   6.537
   8.733
  10.739
   8.748
   8.714
  10.024
  10.748
   5.219
   4.142
   8.017
   1.916
  10.542
   8.460
   8.269
   6.609
   5.590
   5.474
   4.271
   4.408
   4.992
   6.808
   4.506
   2.924
   9.003
   6.350
   3.750
   9.410
   9.520
   6.788
  10.254
   8.957
  10.678
   5.893
   9.200
   8.569
   5.283
   9.807
  11.120
  10.511
   9.460
  10.076
  10.816
   4.172
   8.581
  10.815
   7.297
  10.047
   6.210
   6.591
   8.620
  10.161
   8.022
   8.740
   7.482
   8.647
   1.061
   9.411
   6.536
   7.782
  10.145
   4.223
   6.813
   4.292
   4.904
   9.277
   7.934
   8.763
  10.554
   6.611
  10.286
   7.092
   6.527
   5.957
  10.383
   8.708
   7.903
   9.410
   2.783
   9.998
   4.501
   6.760
   3.227
   4.242
   5.305
   2.687
   9.287
   8.456
   3.917
  10.980
   9.105
  10.622
   6.561
  10.578
  10.248
  10.225
   9.683
   9.520
   9.389
   4.806
   7.788
   3.331
   3.594
   5.894
   9.652
  11.168
   9.633
   9.455
   7.766
   5.993
   8.675
   8.341
   3.289
  10.717
   7.340
   8.685
   8.245
   3.118
   9.457
   4.385
   8.647
   7.765
   5.440
   5.096
   6.233
   7.459
   4.734
   5.617
   9.791
   9.144
   7.909
   4.280
   8.046
   6.722
   9.683
   8.591
   8.581
   9.573
   6.454
   9.490
   3.455
   4.502
   7.703
  10.511
   9.460
  10.076
   7.448
  11.027
  10.879
   4.400
  10.019
   9.577
   7.737
   6.647
  10.323
   4.893
  10.219
   5.790
  10.738
   8.999
  10.816
   6.135
  10.015
   7.837
   9.396
   8.060
   9.577
   4.292
   6.999
  11.168
   5.020
   8.989
  10.383
   6.676
   8.952
  10.409
   4.743
   4.785
   9.410
   8.394
   3.926
   6.064
   9.548
   6.683
  10.145
  10.857
   3.189
  10.922
   1.366
   6.701
   2.706
  10.037
   2.671
   4.990
  10.888
   5.010
   5.334
   7.937
   4.265
  10.980
  10.622
   5.598
  10.578
  10.248
  10.225
   9.683
   9.520
   9.389
   7.723
   9.020
   8.661
   8.612
  10.654
   6.444
   9.546
   8.094
   9.341
   7.405
   5.464
   9.346
   7.281
   8.104
   9.678
   5.570
   5.391
   9.345
   9.744
   9.484
   3.045
   5.964
   6.886
   7.189
   6.106
   8.220
   9.523
   6.594
   8.666
  10.749
  10.659
  10.770
  10.070
   5.316
   5.944
   9.451
   7.420
   9.441
   6.307
   4.448
   6.470
   8.634
  10.793
   9.854
   1.188
  10.349
   6.824
  10.511
  10.219
   9.460
  10.076
  10.210
   8.170
   9.562
   8.538
  10.350
  11.014
   5.639
   7.528
  10.923
   8.607
   6.766
   6.110
   9.484
   4.722
   4.934
   5.550
   1.791
   8.655
   8.065
  11.168
   6.157
   6.075
   6.831
   9.967
   3.412
   3.458
   9.678
   8.419
  10.548
  10.359
   7.772
   9.347
   5.374
   4.602
   6.111
   6.279
   7.177
  10.697
   8.695
   9.089
   7.673
   6.020
   7.554
   3.129
   7.851
   7.113
   7.849
  10.980
  10.793
  10.770
  10.659
  10.622
  10.248
   9.683
   9.520
   5.463
   3.243
   7.061
   4.067
   9.389
   3.282
   6.257
  10.208
   3.098
   9.473
   8.324
   8.691
  10.134
   5.363
   7.170
   5.738
   5.561
   5.668
   6.457
   9.305
   6.535
   8.120
   4.631
   8.312
   7.192
   8.596
  10.778
  10.325
   7.492
  10.603
   1.596
   9.855
   8.727
   8.098
   8.319
  10.754
   9.079
   7.979
   8.550
   9.163
  10.196
   7.109
   1.180
  10.763
   7.789
   7.988
  10.753
   5.306
  10.350
  10.511
  10.219
  10.076
   6.669
  10.499
   8.976
   9.176
   4.481
   7.296
  10.212
   9.135
  10.134
   2.861
   4.691
   5.984
   7.847
   9.699
   6.630
   6.556
  10.615
   3.934
   9.803
   3.503
   9.004
   6.585
   4.809
   4.031
   5.694
  11.168
   7.950
   9.235
   8.925
   2.418
  10.018
   7.476
   6.255
   9.672
   4.767
   8.067
  11.023
   9.678
   6.983
   9.181
   7.927
   3.233
  -0.201
   8.951
   6.532
   5.830
   6.581
   3.189
   5.134
   3.670
   5.518
  10.980
  10.793
   4.636
  10.770
  10.659
   6.863
  10.622
  10.248
   9.683
   9.520
   9.702
  10.129
   8.601
  10.037
   7.983
   9.398
   3.256
   9.771
   5.515
   5.489
   8.363
   5.753
   8.289
   9.309
   5.220
   2.635
   5.635
   8.996
   6.101
   6.525
   2.932
   8.221
   9.002
   9.259
   3.800
   7.186
   4.671
   2.589
  10.310
  10.535
   4.143
  10.767
  10.435
   7.556
   6.798
   9.833
   9.560
   9.510
   7.042
   8.927
   8.979
   8.287
   8.813
   3.911
  10.350
  10.511
  10.219
  10.076
   9.990
   8.858
   0.797
   5.581
   5.616
   9.466
   6.281
   5.433
   6.125
   8.693
   7.401
   7.773
   7.183
   6.043
   9.474
   9.264
   7.529
   8.439
  10.134
   9.235
   2.767
   7.060
   4.445
   9.141
  10.976
  10.993
  11.168
   8.765
   4.068
   3.159
  10.022
   7.938
   9.140
   4.880
   9.235
  11.008
   2.737
   6.570
   9.678
   9.333
   4.621
   9.923
   7.258
   2.836
   6.861
  10.188
   5.087
   2.911
   5.016
   2.811
  10.980
  10.793
   6.016
  10.770
  10.659
  10.622
  10.248
   9.683
   9.520
   0.898
   6.839
   4.066
   4.058
   9.355
   9.689
   4.993
  10.559
   5.650
   6.788
   8.439
   6.723
   4.204
  10.102
   5.877
   8.377
   6.485
   5.953
   7.083
   9.673
   5.487
   9.565
  10.194
   3.465
  10.754
   7.472
  10.243
   7.426
   7.853
  10.306
  10.854
   9.847
   7.401
  10.768
   9.987
   8.634
   5.872
   8.513
   9.544
   5.012
   6.362
   9.133
  10.755
   9.162
   2.928
   8.400
  10.350
  10.511
  10.219
  10.076
  10.134
   8.400
   6.355
   7.432
   7.914
   3.037
   9.646
   7.998
   9.575
   4.095
   8.360
   8.752
   7.538
  10.545
   6.813
   6.246
  10.122
   1.800
   8.758
   4.174
   5.928
   7.300
  11.168
   7.438
   4.968
   8.588
  10.047
   7.935
   8.678
   8.816
   8.750
  10.372
   4.621
  10.063
   6.392
   5.163
   3.901
   7.881
   7.315
   4.502
   9.678
   1.511
   7.962
   2.467
   7.585
   4.367
   5.312
   7.966
   5.894
   5.815
   3.934
  10.980
  10.793
  10.770
  10.659
  10.622
  10.248
   9.683
   9.520
   5.325
   3.089
   6.386
   9.455
   5.605
   4.891
   9.612
   5.308
   3.006
   9.550
  10.110
   9.198
   6.220
   6.075
   5.951
   8.819
   5.539
   9.288
   7.589
   7.085
   3.415
   6.842
   9.070
   6.503
   8.152
   8.779
  10.315
   8.701
   9.431
   9.154
   9.286
   9.812
   7.853
   9.098
  10.357
   6.847
   9.470
  10.816
  10.748
   9.832
   4.451
   9.631
  10.021
   7.320
   8.856
  10.350
  10.511
  10.219
  10.076
   8.589
  11.021
  10.077
  10.515
   8.237
   3.626
   7.890
   8.063
  10.219
  10.834
   6.252
  10.187
   6.536
   6.946
  10.986
   5.967
   8.811
   7.258
   2.088
   3.413
   4.492
   5.093
   8.038
   3.965
  10.373
   7.199
  10.134
   5.189
   7.832
   8.687
  10.984
  11.168
   4.112
   4.133
   6.254
  10.090
   6.682
   6.507
   4.244
   7.683
   7.162
   6.417
   5.200
   6.857
   9.678
   7.020
   5.777
   5.214
   5.436
   1.027
   7.921
   3.860
   5.385
  10.980
  10.793
  10.770
  10.659
  10.622
  10.248
  10.021
   9.683
   9.169
   9.886
   5.446
  10.838
   8.614
   8.942
   9.356
   2.131
   8.505
   7.059
  10.375
   8.296
   9.452
   8.677
   8.254
   8.615
  11.002
   6.906
   8.977
   5.272
   8.284
   6.143
   5.694
   5.156
   7.180
   6.628
   9.608
   7.404
   7.661
   8.261
   8.518
   8.751
  10.444
   4.422
   8.276
   9.733
   8.564
   9.364
   3.949
   4.921
   9.104
   9.439
  10.741
   4.444
   5.974
   9.267
   9.571
  10.350
  10.515
  10.511
  10.219
  10.076
  10.838
  10.373
   9.144
   7.208
   3.211
  10.216
   7.798
   6.655
   9.410
  10.134
   4.346
   5.003
   8.482
   8.195
   4.739
   4.453
   3.936
   6.234
  10.926
   8.071
   4.675
   9.305
   3.862
   5.115
  11.168
   5.488
   8.485
  10.375
   6.484
   9.602
   3.585
   4.738
   8.056
   8.684
   8.588
   9.265
   4.462
  10.325
   4.865
   4.071
   3.408
   6.846
   6.952
   5.649
   2.686
   8.557
   5.721
   2.191
   5.421
   5.235
   6.997
   7.656
  10.980
  10.793
  10.659
  10.622
  10.248
   3.897
   7.793
   5.510
   8.766
   5.341
   7.428
  10.502
  10.020
   8.859
   6.287
  10.108
   3.134
  10.554
   3.953
   9.670
   6.614
   5.936
   1.736
   6.440
   9.453
  10.002
   9.954
   9.972
   4.382
   4.545
   4.768
  10.767
   7.957
   5.743
   6.128
   7.051
   6.284
   5.467
   6.667
   4.957
   9.515
   9.104
   9.695
   6.943
   9.110
   3.830
   8.424
   6.723
  10.350
  10.515
  10.511
  10.219
  10.971
   4.214
   9.020
  10.213
   9.147
   7.972
  10.598
  10.148
   6.251
   7.356
   8.433
   2.568
   2.949
   8.794
  10.838
   1.381
   8.872
  10.373
   4.649
   7.093
   8.142
   7.925
   9.127
   7.749
  10.088
   9.471
   6.009
  10.134
   5.460
   7.320
   6.955
   8.698
  11.168
  10.375
   8.391
   5.929
   8.398
   3.290
   9.051
  10.983
  10.979
   5.232
   6.825
   6.246
   2.784
  10.051
   4.278
   4.210
   5.038
   5.885
   5.443
   8.564
   3.717
   8.272
   5.545
  10.980
  10.793
  10.659
  10.622
  10.502
  10.248
   4.766
   8.149
   3.837
   6.326
   2.402
   3.981
   2.516
   6.713
   7.826
   4.610
   7.792
   4.458
   6.610
   3.016
   5.820
   3.832
   5.538
   6.942
   5.455
   5.414
   9.630
   4.323
   4.857
   6.462
   4.821
   9.242
   7.196
   5.725
   8.208
   5.278
   9.274
   6.502
   9.871
  10.752
  10.554
   3.850
   9.111
   9.381
   1.951
   9.834
   8.571
   7.477
  10.198
   8.612
  10.725
   8.841
   6.445
  10.604
  10.350
  10.515
  10.511
  10.219
  10.838
  10.373
   7.168
   8.060
   8.928
  10.213
   6.938
  10.131
   8.546
   9.208
   3.651
  10.134
   7.893
   4.412
   4.917
   2.794
   7.918
   6.440
   1.519
   7.945
   6.323
  11.168
   5.818
  10.375
   4.075
   7.058
   8.168
   7.928
   8.417
   7.567
   7.865
   2.835
   7.354
   2.511
   6.360
   8.724
   7.876
   4.878
   9.725
   7.353
   4.669
   7.274
   9.219
   8.009
  10.572
   3.656
   6.277
   2.897
   5.167
   7.462
   4.601
   7.307
   5.773
  10.980
  10.793
  10.659
  10.622
  10.502
  10.248
   2.121
   3.363
   6.167
  10.505
   5.203
  10.520
   8.305
   5.741
   4.312
  10.208
  10.273
   5.772
  10.507
   9.008
   8.057
   8.987
   8.411
   9.815
   3.769
   3.902
  10.254
   5.302
   5.782
   9.026
   3.871
   4.876
   8.892
   8.624
   8.922
   6.880
  10.813
   9.398
  10.741
   7.962
   9.070
   9.793
  10.566
   9.546
   8.181
   7.828
   6.911
   8.828
   7.176
   8.759
   6.188
  -0.535
  10.350
  10.515
  10.511
  10.219
  10.838
  10.373
   8.812
   7.915
   5.059
   9.236
   9.947
   9.255
   4.208
   3.354
   6.415
   6.940
   7.488
   4.071
  10.134
   5.960
   5.201
   7.617
  10.815
   6.370
  10.680
  10.605
   5.244
   7.723
   5.260
   5.570
  11.168
   9.181
  10.375
   7.571
  10.966
   4.866
   9.584
   8.377
   8.605
   4.242
   5.204
   3.503
  10.216
   5.431
  10.992
   9.859
  10.167
   6.886
   0.195
   5.390
   5.979
   2.621
   4.246
   4.287
   6.192
   5.378
   3.971
   9.164
   8.889
   6.767
   6.710
  10.980
  10.793
  10.659
   3.274
  10.622
  10.502
   1.468
  10.248
   8.340
   5.228
   5.699
   8.824
   6.901
   8.107
   4.393
   3.176
   6.573
   6.226
   5.482
  10.965
   0.983
   6.185
   3.145
   6.937
   6.752
   9.729
   9.972
   5.212
   6.545
  10.545
   6.595
   6.233
  10.046
   8.559
   8.648
   8.614
  10.338
  10.756
   7.072
   9.133
  10.528
   9.018
   8.871
   7.247
   5.975
   8.497
   8.116
  10.350
  10.515
  10.511
  10.219
  10.838
  10.373
   9.451
  10.915
   2.158
   7.959
   5.354
   4.435
   5.671
   8.217
  10.950
   7.475
   6.262
  10.134
   6.588
   3.887
   5.361
  10.009
  10.564
  10.305
   6.289
   9.777
   9.906
  11.168
   7.654
   4.894
   5.894
   6.726
   8.859
   6.799
   8.390
  10.375
  10.946
   7.462
   7.790
   8.178
   4.314
   4.567
  -0.474
   7.456
   7.412
   8.959
   6.108
   8.063
   2.968
   5.066
   2.516
   5.326
   5.110
   9.072
   7.253
   8.255
   8.103
   3.476
   8.572
   4.805
  10.939
   7.576
   6.872
  10.980
  10.793
  10.659
   4.726
  10.622
  10.502
   5.520
   3.953
  10.248
   3.030
   4.783
   7.180
   7.264
   8.374
  10.716
   8.639
   9.556
  10.755
  10.765
   3.144
   8.433
   3.746
   6.721
   7.144
   7.226
   9.013
   6.126
   5.698
   5.962
   9.996
   5.593
   8.478
   8.686
   9.265
  10.749
   9.735
   7.895
  10.731
   8.600
   5.972
  10.571
   5.289
   5.070
  10.754
   5.614
   0.616
   4.379
   0.644
  10.350
  10.515
  10.511
  10.838
  10.373
   7.957
   9.204
   2.113
   4.165
   6.694
   7.945
   7.267
   9.516
   6.061
   5.106
   6.348
   5.750
   7.262
   3.532
   6.096
   9.060
   0.568
   6.013
   6.706
   6.960
   7.922
  11.017
  11.168
  10.375
   2.972
   3.906
   8.497
  10.100
   8.553
   8.114
   4.635
   5.625
   5.491
   5.115
   9.812
   7.766
   8.569
   4.423
   6.285
   9.145
   7.201
   7.518
  10.665
   5.898
   6.868
   6.997
   7.943
   4.595
  10.053
   3.783
   9.385
   6.124
   5.205
   7.256
   5.932
   9.469
   8.866
   9.534
  10.590
   9.902
   8.679
  10.759
  10.980
   6.915
  10.939
   8.738
  10.793
   9.225
   7.666
  10.659
  10.622
   8.811
  10.571
  10.502
  10.949
  10.760
   3.482
   6.947
   3.589
  10.248
   6.412
   6.629
   8.617
  10.753
   8.059
   9.865
   6.031
   3.124
   7.555
   5.728
   7.819
   9.854
   8.756
   8.954
  10.728
   9.073
   1.707
   8.471
   8.191
  10.761
   3.238
   3.450
   8.441
   4.491
   7.051
   6.756
  10.243
   9.608
