3.902
4.503
4.748
4.587
5.218
4.001
4.021
4.629
4.034
4.840
4.617
3.813
5.345
5.570
4.821
4.269
5.195
4.014
5.278
3.546
4.855
5.571
4.492
5.586
4.989
4.385
5.082
3.761
4.484
4.804
2.965
4.678
4.820
5.177
4.466
4.057
4.089
4.471
3.707
4.664
4.646
3.703
3.285
4.127
3.598
4.278
3.455
3.715
3.053
5.357
3.972
4.208
4.367
4.063
5.064
3.918
4.369
4.891
3.954
4.557
5.599
4.383
5.626
5.538
5.362
5.356
5.691
3.634
2.651
5.167
4.421
5.574
3.840
3.768
3.444
4.788
4.993
5.155
4.771
5.624
5.626
3.726
4.443
4.838
4.968
5.136
5.070
3.087
4.046
4.840
3.005
3.746
3.846
3.345
4.946
2.866
3.083
3.102
3.292
5.629
5.321
5.830
4.539
3.991
5.355
5.161
4.739
5.908
5.379
4.090
4.749
4.432
5.107
5.592
5.219
3.355
5.311
4.632
5.890
4.936
3.152
3.595
5.069
4.303
3.479
4.477
3.270
5.645
2.986
3.926
4.180
5.618
2.326
2.879
5.517
4.515
3.417
5.466
5.281
5.711
5.121
4.307
3.610
4.280
4.327
3.193
4.977
4.897
3.799
4.393
4.466
4.224
5.274
4.020
4.486
3.988
4.182
4.345
5.819
4.655
3.572
5.442
4.837
5.066
5.203
4.759
5.334
5.041
4.891
4.783
5.866
3.941
3.695
4.364
5.178
5.887
4.156
5.474
5.087
4.588
5.358
5.764
5.756
5.460
6.129
5.912
3.964
5.847
5.469
5.837
5.609
4.361
4.235
5.566
5.982
5.711
5.879
5.586
4.369
5.599
5.629
4.122
3.288
4.678
3.238
3.913
5.471
4.422
3.778
5.119
5.459
4.325
5.902
4.523
3.839
4.477
4.763
5.311
3.712
5.311
5.281
5.069
5.121
5.466
4.897
4.225
4.810
3.388
2.305
2.161
4.530
5.888
4.807
3.420
3.622
5.006
3.282
5.318
3.696
5.566
4.895
5.334
2.986
4.262
4.695
5.672
3.528
2.526
3.468
4.485
4.077
3.854
4.680
5.123
2.180
4.702
4.372
0.931
5.879
5.982
5.469
3.397
3.420
5.121
5.032
2.365
4.404
3.614
4.619
5.329
5.127
3.442
2.918
5.661
3.275
4.086
5.757
3.562
3.851
6.122
3.145
3.818
4.729
4.084
5.774
4.883
5.681
5.479
5.376
5.813
2.532
5.754
4.045
5.490
3.963
4.290
5.838
5.876
5.835
4.391
4.099
3.225
1.206
5.945
4.119
3.889
5.650
3.945
4.461
2.045
5.586
4.477
5.629
5.471
5.311
5.281
5.069
5.121
4.802
5.131
5.075
5.069
4.141
5.885
4.308
5.671
4.738
4.579
5.287
5.466
4.897
4.515
2.563
3.619
3.296
4.074
4.138
3.036
3.102
5.885
3.640
5.471
5.421
4.430
4.768
5.566
5.334
4.667
4.495
2.925
4.296
3.951
3.478
3.681
4.258
4.374
4.584
4.033
4.239
3.388
2.518
3.406
3.609
5.879
5.982
5.469
3.880
2.920
2.753
3.458
3.680
3.262
3.358
3.831
2.893
3.581
5.820
5.756
5.541
4.963
3.259
4.362
4.486
1.470
4.773
4.278
4.204
5.022
4.411
2.522
5.484
5.902
4.173
3.060
5.856
6.108
5.134
4.506
3.676
5.842
3.575
3.825
5.618
5.755
5.850
4.362
4.239
1.024
0.755
0.725
5.586
4.477
4.802
5.471
5.311
5.281
5.069
3.871
4.245
3.543
3.843
4.509
5.552
3.882
4.203
5.885
4.137
3.163
3.941
3.719
3.975
3.955
5.904
2.556
3.912
4.390
4.935
3.837
3.869
3.790
5.686
4.987
5.756
3.166
5.566
4.314
5.484
5.334
3.939
5.072
1.748
5.312
3.072
3.151
5.099
5.127
4.351
3.676
4.161
5.162
5.245
5.124
3.697
4.912
4.644
4.380
4.636
5.271
2.415
5.879
5.820
5.982
4.963
4.071
2.930
4.086
4.465
5.805
5.628
3.375
4.323
5.379
5.700
2.968
3.612
3.671
5.752
3.272
2.897
4.506
4.924
4.233
5.828
5.191
5.847
4.158
4.043
4.833
4.650
5.839
5.097
5.845
5.729
5.876
5.843
3.059
5.840
5.834
3.837
2.041
3.897
4.248
3.672
5.642
4.276
5.312
5.586
4.477
5.072
5.311
5.281
5.124
5.069
4.043
4.269
5.259
5.204
4.585
4.191
5.752
4.032
6.220
5.566
5.484
5.334
5.898
3.338
4.465
6.263
5.276
5.745
3.457
3.733
4.431
2.388
4.381
5.759
4.449
5.550
3.872
5.754
3.942
3.209
4.102
4.334
4.622
3.006
4.911
3.365
3.523
4.685
3.864
3.023
3.005
4.304
4.316
5.847
3.355
3.867
4.171
4.268
5.982
2.624
3.642
3.475
3.481
3.047
2.974
2.808
5.838
5.630
5.518
5.620
4.483
3.813
5.847
4.421
5.846
5.889
5.838
5.077
5.106
3.550
4.082
3.917
4.255
5.485
5.901
5.831
5.140
5.854
5.842
5.848
5.837
5.835
5.837
5.848
5.841
4.447
3.504
6.008
3.571
5.443
3.600
3.789
5.487
3.474
4.101
2.060
5.586
4.477
5.072
5.311
5.281
5.124
5.069
6.154
6.142
5.760
5.531
5.855
4.750
5.580
3.811
5.624
3.714
3.564
3.430
5.639
5.532
4.888
4.564
4.026
3.852
6.263
4.298
5.566
3.935
5.636
5.461
4.443
3.776
2.219
5.912
4.666
5.484
5.334
3.594
4.465
2.601
4.030
4.060
3.971
2.097
4.126
3.922
4.019
3.528
3.731
3.412
3.673
5.847
5.296
4.076
2.577
2.172
3.996
4.225
5.982
3.978
6.008
3.798
3.184
4.460
5.925
5.836
4.742
5.847
3.506
5.840
5.839
4.260
3.128
4.246
4.374
4.577
5.845
5.263
4.380
5.845
5.838
5.850
5.622
5.842
5.841
5.885
5.837
5.842
5.848
5.850
5.468
4.859
5.735
4.402
3.584
2.399
4.300
3.410
4.140
5.940
5.593
6.004
5.915
0.858
1.581
5.586
4.477
5.072
5.311
5.281
5.124
5.069
6.263
5.566
5.484
5.334
4.443
3.706
3.867
3.062
3.041
2.879
4.771
3.233
5.389
3.630
5.889
5.761
5.512
5.813
5.882
5.852
3.593
3.805
5.540
5.839
4.444
4.188
4.330
4.454
4.790
5.195
3.558
4.031
3.373
4.019
4.744
4.387
2.818
5.454
3.604
5.839
3.513
4.170
5.847
5.682
5.324
3.421
3.637
4.123
4.501
5.982
3.895
4.059
3.706
2.876
6.008
3.744
3.414
4.207
3.828
5.842
5.836
5.848
5.854
5.628
4.221
5.879
4.817
5.853
5.844
4.261
5.850
5.572
5.846
5.837
5.800
4.924
5.846
5.290
5.346
5.840
5.840
5.849
5.262
5.888
5.604
5.852
2.939
4.292
5.546
4.241
6.084
3.412
3.661
4.156
4.000
3.712
5.057
5.030
4.020
3.697
2.045
6.055
6.004
4.477
5.072
5.311
5.281
5.124
5.069
6.263
5.566
5.484
5.334
5.324
2.906
3.709
1.968
3.922
3.901
4.203
4.176
3.859
4.575
4.110
3.584
3.693
3.011
3.478
5.914
4.844
5.863
3.816
3.654
3.175
5.566
4.968
4.178
3.887
3.698
3.794
3.261
4.430
3.316
3.936
4.758
5.574
5.882
6.057
5.961
4.992
3.839
5.217
3.448
3.894
5.840
5.754
5.077
6.084
5.982
4.207
4.339
6.055
2.909
5.516
5.019
3.624
3.104
2.992
3.027
4.449
4.123
4.543
5.843
5.831
5.838
5.845
3.657
3.772
5.565
5.872
5.842
4.009
5.542
1.370
5.839
5.852
5.849
5.845
5.848
5.610
5.740
4.244
6.017
3.854
5.472
6.030
3.546
3.697
1.486
3.797
4.022
4.281
4.128
3.806
5.912
4.514
4.820
6.204
5.072
5.311
5.281
6.263
5.566
5.484
5.334
5.324
5.516
4.128
5.471
5.876
4.427
4.724
4.362
4.081
5.997
5.771
5.442
5.754
3.607
3.593
5.823
6.185
5.923
5.903
4.689
3.773
4.191
4.459
3.924
5.081
3.905
3.727
3.943
5.389
4.743
5.763
5.632
5.813
4.056
5.207
5.107
3.300
3.529
2.927
5.840
5.835
5.740
3.292
4.228
4.231
6.084
5.982
2.869
4.178
4.842
4.354
6.204
3.908
4.205
3.813
6.055
2.896
4.204
5.241
3.674
5.846
5.848
5.875
5.845
5.848
3.974
6.019
4.340
6.003
6.005
6.012
3.930
3.596
5.997
3.577
5.464
6.010
6.212
6.004
3.870
3.698
3.115
1.566
6.154
5.846
3.932
4.165
5.919
5.849
5.847
3.851
5.449
4.613
4.415
4.020
4.037
3.810
5.881
3.776
5.903
5.072
5.311
5.006
5.835
5.885
6.263
4.452
5.566
5.484
2.981
3.688
4.213
4.413
4.004
4.127
3.854
3.094
5.869
5.914
3.434
4.088
3.729
5.905
5.493
5.334
5.324
5.516
4.749
3.411
4.266
3.869
3.451
3.828
3.653
4.693
3.425
5.424
5.161
3.068
3.132
5.901
5.162
3.156
3.888
4.433
5.740
4.106
4.767
3.734
3.785
6.084
6.154
5.982
3.413
3.832
4.241
4.134
6.204
3.441
2.511
6.055
4.293
3.557
3.517
5.533
5.943
3.869
5.724
5.922
5.846
3.825
5.843
5.839
5.941
5.136
5.037
3.828
4.191
4.323
3.263
3.892
4.298
5.857
4.536
4.130
3.811
5.877
4.104
5.844
3.863
3.852
3.212
4.355
4.132
5.105
5.922
5.978
4.294
1.421
6.007
6.005
6.016
6.006
6.019
6.004
6.004
6.034
5.903
5.072
5.311
5.860
6.273
3.282
4.095
2.876
3.775
2.918
3.682
5.605
4.506
3.291
4.031
6.263
5.566
5.484
3.828
5.334
5.759
3.418
5.324
5.516
4.011
5.132
3.695
4.102
3.417
4.069
2.391
5.768
2.929
2.733
4.304
5.740
2.729
5.774
3.900
4.341
5.255
3.457
6.084
6.154
3.694
3.586
5.982
4.897
4.199
4.561
3.512
3.873
4.148
3.834
3.990
3.765
3.730
6.204
3.961
6.055
2.976
4.140
3.062
4.235
3.121
5.833
4.903
5.194
5.910
5.789
5.846
5.170
5.387
4.073
5.690
5.617
5.366
3.412
3.856
5.847
5.833
4.484
3.641
5.840
5.832
4.103
4.277
6.023
2.092
5.994
6.000
5.995
6.002
5.988
6.026
5.965
6.005
3.464
3.807
4.016
5.914
5.914
5.903
5.311
6.263
5.774
5.566
5.484
5.334
5.324
5.516
5.374
5.412
5.106
5.851
5.911
4.148
3.113
4.225
3.925
4.306
4.079
4.036
4.178
3.493
3.839
2.745
5.582
5.878
4.767
3.599
3.467
5.840
5.814
3.545
3.248
5.830
5.740
5.756
3.923
5.568
4.239
3.528
3.649
3.594
4.431
3.674
6.084
6.154
5.982
4.501
3.392
6.574
4.898
3.863
3.544
3.523
3.563
3.545
2.850
4.282
2.375
6.204
6.055
2.390
3.054
3.564
5.860
3.418
5.924
5.844
5.855
3.871
5.836
5.599
5.837
5.865
4.982
5.885
5.893
5.756
5.836
4.040
4.044
3.910
3.773
3.574
4.359
5.914
6.009
4.095
4.242
5.899
6.082
6.116
5.728
4.887
6.015
4.197
6.017
6.012
6.028
6.004
5.856
6.027
5.992
6.005
5.989
5.992
5.960
5.106
5.311
6.263
5.774
5.566
5.484
5.334
5.324
5.516
5.568
5.276
5.903
2.881
4.651
4.027
4.598
3.695
2.704
4.887
4.178
5.853
3.639
5.883
3.492
5.924
4.614
4.181
4.282
5.724
2.374
4.426
4.894
4.133
5.777
5.888
5.843
5.845
5.844
4.146
4.217
5.886
5.859
3.819
3.854
4.358
3.739
4.759
3.579
3.970
4.532
6.084
4.796
5.877
5.904
4.116
3.660
4.472
3.731
6.204
3.372
6.055
4.479
5.960
4.068
1.966
5.902
5.847
5.844
5.849
4.297
5.425
3.873
4.134
3.446
3.879
5.818
5.978
3.856
3.893
5.532
3.859
5.928
6.089
5.721
6.007
4.104
6.014
6.004
4.568
6.004
6.008
6.006
6.011
5.998
6.017
6.006
6.018
6.006
6.009
6.002
6.003
5.991
5.995
6.231
5.996
5.993
5.991
5.106
5.311
6.263
5.774
5.566
5.484
5.334
5.324
5.516
5.568
2.979
4.188
3.339
3.193
4.226
5.291
3.920
4.083
3.827
3.942
3.781
3.704
6.224
6.129
3.744
5.984
4.369
3.338
6.017
5.894
5.785
3.705
4.347
5.846
3.840
2.650
4.658
5.722
4.154
3.884
4.795
5.924
3.914
3.619
4.630
4.500
3.016
3.139
6.084
3.410
6.378
4.154
3.540
4.351
4.162
5.259
3.671
4.297
3.471
4.391
3.942
3.165
6.204
6.055
5.960
4.362
6.083
5.182
5.893
5.837
5.841
5.839
5.656
5.839
5.846
5.737
4.508
5.846
5.840
6.193
4.182
4.250
6.057
5.841
3.308
3.612
3.963
3.671
3.159
3.447
6.003
5.921
4.119
6.022
6.008
6.006
5.999
6.003
5.924
4.167
3.295
4.537
4.164
6.003
6.001
6.002
6.002
6.001
6.006
6.005
6.004
6.378
5.106
5.984
6.263
6.017
5.774
5.566
5.484
5.334
5.516
3.870
3.704
5.903
3.836
4.520
3.796
3.125
3.380
3.825
3.158
5.764
5.649
5.924
5.879
3.916
3.716
5.924
4.346
3.630
4.910
4.185
4.755
3.523
3.672
3.030
5.901
4.135
5.987
5.963
5.305
4.675
5.354
3.750
3.878
3.380
3.469
4.235
4.496
6.084
3.938
4.847
3.968
2.999
4.525
2.706
3.058
3.045
4.666
3.618
6.204
6.055
5.960
3.439
3.145
2.932
3.728
6.006
5.992
6.002
5.987
6.006
5.112
4.124
5.844
6.007
5.846
4.404
5.741
4.117
5.921
5.499
5.909
4.894
5.923
5.718
5.891
3.391
5.912
3.949
5.993
4.504
6.019
3.992
6.006
1.866
6.004
6.023
4.170
6.002
6.007
6.019
6.016
5.974
5.972
5.978
5.995
6.378
5.106
5.984
6.263
6.017
5.774
5.566
5.484
5.334
5.516
3.583
4.112
5.349
4.093
5.595
4.036
5.885
5.885
2.924
4.791
3.800
3.791
4.184
3.948
2.315
4.471
2.875
5.360
3.909
4.073
5.924
6.152
3.973
6.134
4.756
5.151
4.784
4.662
4.362
4.131
4.178
4.112
4.778
4.236
4.821
3.206
4.900
3.278
6.084
3.549
3.343
3.073
3.860
3.066
4.049
3.798
4.127
2.940
3.077
4.027
2.610
6.204
6.055
5.960
3.782
3.894
4.386
6.001
6.021
6.005
6.004
5.929
5.998
6.004
3.990
3.756
4.505
5.990
6.064
3.654
3.314
6.010
3.774
3.948
5.843
5.995
5.911
5.965
5.844
5.873
5.084
4.720
5.655
4.257
4.951
5.797
3.802
3.513
3.638
3.803
3.255
3.617
4.052
4.718
5.975
5.991
5.878
5.995
4.582
3.915
5.965
6.378
5.106
5.984
6.263
6.017
5.774
5.566
5.484
5.334
5.516
4.434
3.373
4.827
4.088
4.182
4.203
3.465
3.833
3.111
4.529
5.793
2.125
5.111
5.675
5.992
4.491
4.285
3.495
3.641
4.712
5.924
4.506
4.796
5.927
4.611
3.248
3.950
4.057
3.418
3.366
5.276
6.084
3.714
4.964
3.026
3.704
3.463
4.392
3.702
4.963
5.055
5.843
5.714
4.606
3.343
3.314
3.054
3.579
3.971
3.279
3.405
6.204
6.055
5.960
5.862
5.882
5.908
5.434
5.918
3.929
3.538
5.286
4.199
3.336
5.321
3.142
3.594
6.059
5.902
6.021
6.020
4.044
5.993
6.008
5.994
6.076
6.008
3.774
4.054
6.212
4.588
5.733
6.008
6.001
5.932
6.000
3.742
6.007
6.018
6.018
6.006
5.915
6.002
5.995
6.018
6.002
6.004
6.008
4.964
6.378
5.106
5.984
6.263
6.017
5.774
5.566
5.484
5.334
5.950
4.153
3.053
3.942
3.814
3.670
4.160
4.364
2.918
3.383
4.564
3.532
3.597
4.041
2.695
3.417
4.153
3.488
5.379
3.790
5.924
3.999
4.054
4.274
4.057
4.081
3.185
2.884
3.161
2.405
6.084
3.071
5.847
3.415
4.035
3.207
5.300
3.329
5.841
2.617
2.943
3.180
4.421
2.501
3.275
3.935
2.877
4.122
3.566
3.536
3.785
6.204
6.055
5.960
2.981
3.639
3.860
5.961
6.030
3.641
6.006
5.920
5.851
6.009
5.914
6.047
5.025
5.844
3.568
6.006
4.242
5.833
6.009
3.556
6.009
6.009
6.004
6.017
5.967
3.444
5.514
3.627
4.288
3.964
3.215
3.880
4.550
4.878
5.511
6.008
4.093
6.009
6.004
6.206
6.004
5.979
5.970
5.992
4.964
6.378
5.106
5.984
6.263
6.017
5.774
5.566
5.484
5.334
3.933
5.885
4.068
2.602
3.548
5.912
4.237
5.461
5.187
5.265
3.797
5.427
3.855
4.193
3.835
3.765
4.636
3.446
3.331
3.677
5.468
5.817
4.622
2.886
3.657
5.924
4.467
4.561
3.901
3.585
3.142
3.245
3.568
6.084
3.539
3.226
4.275
3.184
3.816
3.456
4.020
3.743
3.521
3.677
3.504
3.572
3.199
3.133
3.100
6.204
6.055
5.960
2.867
2.646
2.747
5.838
5.838
5.841
5.832
3.572
3.624
3.759
4.051
3.490
3.489
5.845
3.706
5.838
5.750
3.833
3.874
4.366
3.566
5.841
3.255
3.646
3.155
5.978
6.018
6.006
5.996
6.017
5.991
6.001
5.924
5.547
5.976
6.007
6.002
6.013
6.017
3.696
6.209
3.986
3.587
5.994
5.996
5.926
5.995
5.980
4.964
6.378
5.106
5.984
6.263
6.017
5.566
5.484
5.334
5.094
3.249
6.164
3.908
3.645
5.089
5.397
3.398
4.500
2.555
4.525
4.048
3.154
5.409
3.282
4.425
5.827
5.209
4.578
4.018
4.074
5.838
4.842
4.880
2.887
5.326
6.053
2.954
3.446
2.870
3.798
3.970
4.904
2.428
3.984
6.084
5.168
3.733
3.608
3.663
3.495
5.669
2.993
5.020
2.994
3.356
2.666
4.474
3.612
6.204
4.058
6.055
3.652
3.032
5.926
5.960
5.841
4.398
3.786
4.348
3.788
3.982
3.552
4.138
3.468
5.841
3.050
2.964
3.523
3.995
5.869
3.520
4.132
3.605
3.835
5.915
6.009
6.001
5.912
6.017
6.020
6.006
5.628
6.018
6.003
6.016
5.988
4.846
6.009
5.735
4.266
5.996
6.073
6.006
5.933
6.010
5.990
5.397
6.378
6.164
5.106
5.984
6.263
6.017
5.409
5.566
5.484
3.818
4.783
3.864
4.920
3.016
2.740
4.105
3.645
3.457
4.103
3.812
4.651
6.462
4.970
3.096
4.345
4.158
3.657
2.648
3.522
3.400
3.564
3.212
6.113
4.092
4.180
3.101
4.293
3.117
4.424
3.718
5.111
2.979
6.084
5.735
5.921
5.772
4.230
5.595
5.532
4.434
3.993
4.495
4.323
2.719
2.700
3.754
6.204
2.971
6.055
5.960
4.027
3.430
3.262
3.448
5.946
5.164
5.835
5.837
3.596
5.920
5.913
5.836
5.906
4.376
3.511
3.389
5.832
5.847
3.639
3.458
3.766
6.045
5.847
5.832
3.674
6.005
2.419
5.894
6.008
3.681
5.914
6.000
6.017
6.033
6.016
6.006
6.019
6.015
5.991
6.010
5.962
5.988
6.007
5.998
5.968
5.397
6.462
6.378
6.164
5.106
6.263
6.017
5.409
5.566
5.484
3.489
3.738
4.714
5.274
3.796
3.958
5.902
3.763
3.251
3.064
3.955
3.316
4.124
4.729
4.028
3.633
5.816
4.730
4.855
3.959
3.516
3.607
4.312
4.795
5.920
3.861
4.703
3.007
6.084
5.735
3.480
4.182
4.790
4.237
5.824
5.861
3.795
4.505
4.915
5.608
5.882
4.499
3.419
5.486
3.292
3.214
2.679
3.182
2.866
5.506
3.749
3.137
6.204
6.055
5.960
4.190
2.509
5.914
3.746
3.129
3.464
3.961
6.021
6.017
3.925
5.508
3.826
6.003
3.583
5.849
3.744
3.548
4.055
5.913
4.593
5.918
6.004
6.019
6.005
6.003
6.017
6.008
6.005
6.003
6.007
5.997
5.994
5.976
6.002
6.008
5.965
5.993
5.994
5.981
5.986
6.142
5.989
6.010
5.397
6.462
6.378
6.164
5.106
6.263
6.017
5.409
5.566
5.484
5.385
4.518
4.046
4.272
3.571
3.725
5.355
4.091
2.662
3.540
5.848
4.622
3.161
4.755
4.567
3.878
2.180
3.613
3.319
3.445
3.660
3.783
3.806
2.859
3.722
3.571
3.410
3.800
4.830
4.185
3.468
6.084
4.671
5.780
4.282
5.735
3.577
3.883
5.537
5.941
5.818
5.455
3.797
4.045
3.126
3.601
3.388
2.901
3.376
3.831
3.493
2.696
6.204
6.055
5.960
2.727
3.435
4.306
6.006
6.007
3.769
3.172
4.047
3.117
5.995
4.071
4.914
4.031
5.992
3.371
5.959
6.005
3.683
4.026
5.882
3.941
6.029
5.911
3.433
6.101
6.008
6.009
6.007
5.919
5.858
5.943
6.006
6.002
6.008
6.001
6.029
6.009
6.003
6.012
6.005
6.025
5.990
5.987
6.018
5.971
6.008
6.126
5.397
6.462
6.378
6.164
5.106
6.263
6.017
5.409
5.566
5.484
3.613
5.577
3.010
4.061
3.725
4.111
5.101
3.457
4.109
3.826
4.406
4.043
4.249
3.696
3.113
4.368
4.992
3.849
3.365
4.265
3.570
3.439
3.126
3.153
6.084
3.213
3.525
5.735
4.221
3.267
2.868
4.122
3.856
4.255
3.869
4.033
4.198
4.497
4.798
4.007
3.540
5.844
3.301
3.694
2.559
3.170
3.245
3.557
2.916
3.487
6.204
6.055
3.702
5.960
3.973
4.480
3.795
5.831
5.917
5.883
5.881
5.828
5.848
3.459
3.836
5.913
3.595
6.003
6.000
6.016
6.006
6.004
6.000
5.999
5.994
6.006
6.002
5.999
6.023
6.006
6.010
5.176
6.016
5.984
5.977
6.003
6.017
6.111
5.644
6.015
6.001
3.017
4.828
5.971
5.995
5.992
6.011
5.350
