hardness
 (GPa)  
   1.067
   7.342
   8.447
   8.448
  12.166
  -0.111
   2.831
   7.796
   3.028
   9.608
   8.655
   6.923
  13.286
  11.595
  10.132
   6.982
  12.321
   5.683
   8.425
   3.465
   6.210
  13.091
   5.549
  14.638
  12.867
  10.619
  10.039
   5.866
   6.249
   9.578
  -1.971
   5.551
   8.801
  12.362
   6.156
   0.576
   5.920
   7.428
   3.119
   6.655
  10.900
   2.983
   2.351
   7.630
   6.588
   4.726
   5.174
   1.925
  -1.142
  11.130
   1.092
   7.943
   8.235
   5.879
  11.460
   7.829
  10.838
  11.297
   7.472
   9.311
   9.128
   8.397
   7.037
  11.862
   6.806
   6.689
   8.736
   5.452
   1.080
  10.944
   3.646
  13.003
   0.714
   2.661
   4.722
   8.317
   9.182
  12.762
   8.019
  10.256
  13.871
   7.243
   8.803
   7.592
  10.697
   8.325
   8.884
   3.290
   6.144
   2.558
   2.986
   3.422
   4.548
  -0.831
   7.885
   1.510
   3.558
   4.689
   3.662
  13.889
  10.302
  14.246
   7.733
   8.290
  13.173
   6.527
   8.616
  10.119
  14.217
   4.730
   7.176
   0.418
  11.289
  12.462
  13.360
   1.097
  13.477
   5.216
  12.798
   8.234
  -0.466
   0.588
  11.331
   5.556
   4.292
   6.987
   2.620
  12.239
   2.321
   5.115
   3.042
   8.407
  -0.506
  -2.216
  12.994
  10.023
  -1.242
  11.301
  11.958
  13.320
   9.924
   8.817
   6.035
   4.709
   6.642
   1.243
   9.081
  10.554
   8.622
   5.727
   5.999
  10.346
  13.429
   8.480
   9.471
   8.277
   6.812
   4.989
  14.873
   8.801
   3.484
  10.798
   7.544
   7.598
   6.755
   4.777
  14.022
  11.514
   9.649
   4.315
  13.106
   5.353
   4.002
   8.085
   4.756
  13.077
  -1.140
   8.295
   8.747
   7.320
  10.645
  10.415
   8.477
   9.586
  12.775
  16.111
   2.359
  13.295
   9.451
  15.760
  10.531
   0.036
   2.049
  14.410
  13.947
   9.972
  16.195
  14.638
  10.838
   9.128
  13.889
   1.532
  -2.681
   7.624
  -2.119
   5.847
  11.113
  10.807
   4.857
  11.602
  10.897
   7.429
  15.122
   9.810
   1.424
  10.913
  10.396
   9.406
   4.484
  13.477
  11.958
  11.331
   9.924
  11.301
  10.554
   9.026
  10.799
   4.819
  -1.207
  -1.308
   9.475
  13.032
   9.716
   1.384
   4.387
  12.555
  -1.857
   8.613
   0.422
  14.410
  10.839
  14.022
   0.116
   5.566
   8.781
  11.173
   4.532
  -2.097
  -0.555
   7.044
   4.746
  -1.302
  10.508
  11.848
  -2.610
   9.716
   8.129
  -3.290
  16.195
  13.947
   9.451
   2.984
   0.717
   7.542
   9.683
  -2.788
   7.001
  -0.590
   8.560
  10.552
   6.572
  -2.672
   0.107
  13.053
   0.726
   2.469
  14.351
   1.764
   3.036
  12.733
  -1.129
   3.354
   8.753
  -0.554
  14.159
  10.164
  10.040
  13.429
  14.505
  12.853
  -2.235
  10.160
   3.688
  14.196
   0.855
  -0.092
  15.368
  13.858
  14.134
   8.713
   2.355
  -0.218
  -3.385
  11.048
   5.652
  -0.009
  11.114
  -1.083
   4.402
   3.695
  14.638
  10.913
  13.889
  11.113
  13.477
  11.958
  11.331
   9.924
  11.582
  10.253
   8.871
   6.218
   3.203
  13.154
   9.788
  13.037
  10.839
   5.356
  10.930
  11.301
  10.554
   2.555
  -2.335
   1.009
  -2.192
   8.467
   7.944
   1.485
   0.022
  12.645
   3.266
  12.826
  11.124
  10.184
   6.391
  14.410
  14.022
   9.841
  10.878
   4.511
   8.560
   4.062
   4.947
   2.157
   6.604
   5.767
   7.567
   5.783
   7.019
   2.740
  -1.901
   3.978
   1.687
  16.195
  13.947
   9.451
   6.925
   0.256
  -1.409
   2.319
   4.441
   3.019
   0.370
   3.411
   4.357
   4.070
  14.203
  14.501
   6.303
  11.330
  -1.199
  -1.438
   2.336
  -3.364
   9.114
  -1.086
   8.369
  10.665
  -2.417
  -3.198
  14.225
  11.978
   0.665
  -1.209
  15.344
  12.464
  10.784
   3.358
   3.261
  15.136
   2.541
   2.933
  13.553
  14.712
  14.329
   7.186
   5.649
  -3.178
  -3.373
  -3.386
  14.638
  10.913
  11.582
  11.113
  13.477
  11.958
  11.331
   3.109
   4.597
  -0.001
   6.030
  10.403
  13.336
   4.638
   0.780
  12.467
   1.213
  -2.251
   3.254
   2.241
  -0.615
   4.770
  15.160
  -1.802
   2.370
   5.371
   8.462
   6.901
   5.241
   4.496
  14.277
   5.429
  14.501
   0.158
  14.410
   6.992
  14.225
  14.022
   4.722
  12.071
  -2.883
   9.003
  -2.030
   1.293
  10.586
  11.593
   8.024
   5.047
   7.562
  13.685
  13.547
  11.582
  -0.078
   9.450
   8.854
   3.650
   8.265
  12.554
   2.532
  16.195
  14.203
  13.947
  11.330
   5.509
  -0.741
   6.428
  10.634
  14.202
  13.220
  -1.442
   5.603
  13.922
  15.980
  -2.332
  -0.586
  -0.650
  14.736
  -2.188
  -2.237
   6.349
   7.699
   0.280
  14.842
   7.588
  16.202
   3.547
   2.489
   5.416
   8.707
  15.346
  10.722
  16.195
  13.423
  13.498
  15.406
  -1.004
  14.307
  14.645
  -2.435
  -3.316
   0.952
   3.032
  -2.064
  11.600
   1.289
   9.003
  14.638
  10.913
  12.071
  13.477
  11.958
  11.582
  11.331
   7.750
   3.835
  13.328
  12.835
   4.518
   4.039
  14.736
   6.333
  14.248
  14.410
  14.225
  14.022
  15.170
  -2.990
  10.634
  16.717
   9.133
  11.040
   2.256
   0.519
   5.744
  -3.147
  10.292
  11.840
  10.235
  13.239
   2.850
  11.817
   1.190
   1.960
   7.633
   3.105
   7.188
  -0.886
  11.208
  -0.077
   0.249
   8.272
   4.637
   2.087
   0.623
   7.992
   9.237
  16.202
   2.416
   4.079
   9.218
   7.826
  13.947
  -0.298
   3.496
   0.645
   3.398
   3.556
   0.065
   1.279
  13.577
  13.045
   2.772
   3.452
   6.940
   4.948
  16.196
   2.298
  14.271
  15.050
  16.164
   4.928
   9.726
   0.719
  -3.090
  -0.928
  -1.382
  12.185
  14.442
  15.347
   9.893
  15.464
  16.190
  15.219
  14.244
  14.001
  15.346
  15.078
  14.902
   2.580
  -2.079
  16.644
  -1.947
   8.123
  -2.869
   1.574
   6.788
  -1.146
   0.325
  -3.312
  14.638
  10.913
  12.071
  13.477
  11.958
  11.582
  11.331
  16.074
  16.028
  11.825
  14.791
  11.080
   9.937
  14.998
   0.280
   8.773
   5.027
   0.566
  -2.723
  11.069
  11.106
   8.555
   7.749
   3.264
   0.949
  16.717
   3.193
  14.410
   0.427
  11.895
  13.139
  10.910
   0.463
  -2.827
  14.362
   8.938
  14.225
  14.022
   0.455
  10.634
  -2.936
   6.275
   0.995
   6.057
  -2.434
   6.589
   1.519
   5.857
   0.779
   1.228
  -0.179
  -1.624
  16.202
  13.756
   1.121
  -0.980
   3.339
   3.858
   4.731
  13.947
   1.401
  16.644
   5.801
   3.145
   9.171
   6.902
  15.412
   9.021
  15.147
  -1.174
  15.424
  14.895
  -0.535
  -3.352
   6.069
   4.506
   6.451
  16.196
   8.993
   6.063
  14.944
  16.175
  15.089
  13.571
  15.208
  15.773
  15.323
  14.294
  14.238
  15.083
  14.899
   9.231
   9.246
  14.755
   4.625
  -2.312
  -3.055
  -0.670
  -1.823
   1.344
  15.952
   6.770
  16.630
  16.139
  -3.313
  -3.328
  14.638
  10.913
  12.071
  13.477
  11.958
  11.582
  11.331
  16.717
  14.410
  14.225
  14.022
  10.910
   0.114
  -2.457
  -0.085
  -2.525
  -2.834
   5.904
  -2.391
   8.434
  -0.547
  12.430
  14.873
  12.054
  14.774
  15.620
  15.946
  -0.490
   3.424
  12.418
  16.172
   2.788
  -1.474
   4.956
   5.563
   6.397
  12.935
   3.177
   6.287
  -1.966
   4.670
   2.667
   5.614
   0.605
  11.332
  -0.801
  13.083
   1.307
   5.666
  16.202
  13.960
  13.663
  -1.373
  -1.262
   4.545
  10.001
  13.947
   7.728
   6.803
  -0.969
   1.156
  16.644
   3.477
   2.278
  -1.951
  -1.635
  15.069
  15.406
  15.236
  14.746
  13.603
  -0.016
  13.266
  10.360
  16.223
  15.084
   1.008
  15.094
  13.254
  14.890
  15.028
  15.963
  10.074
  15.231
  14.245
   5.660
  14.885
  15.388
  15.119
  10.628
  14.653
  13.843
  16.219
  -2.529
   3.616
   7.716
   0.202
  17.028
  -0.194
  -1.474
  -0.622
   2.476
   1.296
   8.690
   8.417
   1.722
  -2.839
   3.694
  16.859
  16.631
  10.913
  12.071
  13.477
  11.958
  11.582
  11.331
  16.717
  14.410
  14.225
  14.022
  13.663
  -1.210
   0.902
  -3.025
   2.063
  -2.399
   2.512
  -1.648
  -0.142
   6.034
   8.784
   3.169
   0.349
  -1.819
  -0.801
  15.998
   9.059
  12.001
   5.165
   8.830
  -0.598
  13.481
  11.481
   3.384
   1.033
  -1.051
   0.546
  -3.068
   7.989
   1.988
   0.334
  12.179
   9.355
  12.784
  15.227
  13.837
  11.961
   3.304
  13.345
   5.779
   8.643
  15.388
  13.711
   6.958
  17.028
  13.947
   5.932
   7.406
  16.859
   0.836
  12.544
   6.137
   4.591
  -1.617
   1.735
  -1.890
   0.123
  -1.872
   3.939
  14.129
  14.618
  16.165
  15.427
  -1.341
   1.623
  14.254
  13.651
  16.178
   2.542
   7.362
   1.356
  14.124
  16.217
  16.199
  14.865
  14.317
  14.502
  14.226
   0.160
  16.686
   2.333
  13.392
  16.741
  -1.884
  -0.100
  -3.391
  -1.735
  -0.025
  -0.255
   3.012
   2.413
  16.119
   3.921
  11.653
  17.204
  12.071
  13.477
  11.958
  16.717
  14.410
  14.225
  14.022
  13.663
  12.544
   0.348
  11.511
  14.838
   9.758
  10.457
   7.727
   2.171
   8.145
  12.223
  10.908
  14.763
  -2.091
  -0.406
  13.508
  16.686
  16.130
  15.938
  11.474
   6.430
   5.937
   7.564
   0.414
   8.031
   2.322
   1.713
  -3.218
  11.949
   5.791
  14.166
  12.688
  15.828
   0.328
  13.171
   2.218
  -2.032
   5.702
  -0.366
  15.388
  14.387
  14.226
   5.311
   8.320
   4.560
  17.028
  13.947
   1.599
   6.911
  14.169
   6.908
  17.204
   0.160
   7.256
   5.497
  16.859
  -1.250
   5.541
  11.487
   0.430
  14.556
  15.239
  15.149
  16.189
  15.071
   4.213
  16.696
   1.387
  16.626
  16.637
  16.660
  -2.683
  -2.188
  16.578
  -0.141
   6.521
  16.652
  12.951
  16.631
  -1.240
   0.386
  -0.584
  -3.394
  15.530
  15.072
  -0.990
   1.425
  14.401
  14.271
  15.136
   0.723
  13.920
   2.990
   3.962
   0.434
  -0.389
   0.362
  16.180
   1.710
  15.938
  12.071
  13.477
  11.771
  13.945
  11.994
  16.717
   3.219
  14.410
  14.225
  -1.905
   2.183
   6.500
   9.406
   4.945
   3.830
   1.757
  -3.171
  12.986
  15.999
  -2.538
   1.816
  -0.578
  13.132
  13.257
  14.022
  13.663
  12.544
   3.624
  -1.304
   4.923
   0.266
   4.426
  -0.523
  -1.621
   7.862
  -2.312
  12.936
  12.393
  -0.941
  -2.291
  10.317
  12.973
  -1.091
   5.817
   4.588
  14.226
   5.257
   8.585
   2.737
   3.726
  17.028
  15.530
  13.947
   5.048
   1.539
   8.172
   6.285
  17.204
   4.031
  -2.728
  16.859
   4.315
  -0.800
   4.217
  13.281
  15.275
   1.070
  14.288
  15.532
  16.193
   0.605
  14.288
  14.922
  15.092
   5.874
   5.770
   0.654
   4.092
  -1.024
  -0.286
   2.097
  -2.056
  13.164
   1.067
   3.994
  -1.999
  15.136
   3.669
  14.965
   0.214
  -0.198
  -2.642
   3.206
   2.788
   8.811
  16.043
  14.814
   3.995
   1.529
  16.642
  16.633
  16.684
  16.640
  16.695
  16.632
  16.633
  16.761
  15.938
  12.071
  13.477
  15.615
  14.909
  -2.627
   4.769
  -2.971
  -1.578
  -2.561
   0.393
  13.336
   6.528
  -1.188
   0.544
  16.717
  14.410
  14.225
   2.149
  14.022
  11.836
  -2.327
  13.663
  12.544
   3.740
  13.086
  -1.743
   3.542
  -2.883
   7.690
  -1.439
  11.890
  -2.001
  -2.462
   6.267
  14.226
  -3.241
  15.218
   0.767
  10.386
   9.388
  -0.901
  17.028
  15.530
   3.302
  -0.987
  13.947
   8.619
   6.880
   7.671
   7.161
   5.678
   4.953
   6.835
   5.810
  -0.377
   6.058
  17.204
   4.990
  16.859
   2.177
   4.899
   1.988
   6.850
   3.320
  15.306
  12.136
  10.090
  13.163
  12.869
  16.185
  10.630
  10.588
  -1.089
  13.721
  13.144
  12.852
  -3.275
   0.066
  14.272
  13.940
   4.468
   0.289
  15.360
  14.890
   1.920
   4.028
  16.717
   3.837
  16.536
  16.619
  16.534
  16.627
  16.506
  16.674
  16.449
  16.634
  -1.809
  -0.487
  -0.438
  13.912
  13.913
  15.938
  13.477
  16.717
  15.218
  14.410
  14.225
  14.022
  13.663
  12.544
  11.762
  10.459
  13.801
  15.825
  10.592
   6.945
   0.081
   4.064
   2.033
   6.551
   4.341
  -2.339
   5.944
   2.343
  -1.469
  -2.928
  10.542
  15.728
   4.936
   3.775
  -0.166
   9.513
  16.063
   5.056
  -3.170
  14.020
  14.226
  14.189
   0.899
  11.845
   1.609
  -1.165
   0.846
  -0.855
   8.063
   3.135
  17.028
  15.530
  13.947
   7.579
  -0.064
  11.227
  11.764
   2.087
   4.488
  -0.677
   3.375
  -0.510
  -3.323
   6.151
   3.602
  17.204
  16.859
   0.369
  -0.999
   0.346
  15.334
  -1.042
  16.244
  14.944
  14.953
   1.661
  14.899
  10.659
  14.040
  13.502
   8.866
  16.189
  14.929
  13.398
  14.829
  -0.751
   0.397
  -2.493
  -0.761
  -1.561
   4.006
  15.979
  16.650
   0.790
   5.136
  15.890
  16.492
  13.328
   8.259
   3.504
  16.681
   0.017
  16.688
  16.673
  16.731
  16.633
  14.850
  16.726
  16.519
  16.634
  16.515
  16.527
  16.218
  13.801
  13.477
  16.717
  15.218
  14.410
  14.225
  14.022
  13.663
  12.544
  11.845
  11.654
  12.440
  -2.993
   3.426
   3.853
  11.021
  -1.920
  -2.590
  10.105
   1.893
  15.347
   0.504
  13.902
   2.083
  16.244
   7.829
   8.773
   8.942
  14.610
  -3.293
   2.925
   9.470
  -0.856
  13.890
  16.213
  14.161
  14.932
  15.108
   3.378
   4.847
  16.198
  14.251
   0.353
   3.570
   4.831
  -1.231
  10.024
   0.989
   0.190
   7.698
  17.028
   9.440
  15.535
  14.888
   6.254
   3.688
   3.031
   0.665
  17.204
   2.191
  16.859
   4.408
  16.218
   6.820
  -3.340
  12.364
  15.085
  14.929
  14.972
   4.897
  14.705
   5.313
   3.010
  -2.026
   0.058
  14.196
  16.442
  -1.296
  -1.087
   9.777
  -2.289
  14.413
  13.173
   9.624
  16.643
  -0.893
  16.678
  16.632
  -0.967
  16.630
  16.644
  16.635
  16.657
  16.609
  16.686
  16.640
  16.691
  16.634
  16.646
  16.627
  16.627
  16.518
  16.539
  13.050
  16.536
  16.530
  16.521
  13.801
  13.477
  16.717
  15.218
  14.410
  14.225
  14.022
  13.663
  12.544
  11.845
  -3.071
   4.344
  -3.146
  -2.062
  -1.594
  11.253
   0.449
   8.536
   0.171
  -1.652
  -1.733
  -1.099
  14.986
  11.066
   2.247
  14.839
   7.350
  -1.333
  15.456
  13.314
  12.921
   1.017
   6.819
  14.308
  -0.260
  -2.591
   0.471
  14.336
  -1.207
  -0.219
  10.348
  16.244
  -0.147
   4.893
   8.594
   5.009
  -3.077
  -1.874
  17.028
   2.031
  15.717
   6.533
   6.401
   5.990
   5.729
  12.968
   5.407
   6.237
   2.460
   9.591
   5.479
   4.436
  17.204
  16.859
  16.218
   5.194
  16.451
   8.443
  13.735
  15.257
  15.366
  14.697
  11.514
  12.224
  14.941
  13.324
   4.300
  15.791
  16.169
  12.881
   6.031
   6.425
  16.452
  15.206
  -2.313
  -1.544
   1.224
  -0.138
  -2.931
   3.452
  16.574
  13.922
  -0.730
  16.712
  16.648
  16.637
  16.613
  16.629
  16.040
   2.907
  -0.801
   8.738
   1.591
  16.628
  16.624
  16.628
  16.628
  16.622
  16.641
  16.638
  16.630
  15.717
  13.801
  14.839
  16.717
  15.456
  15.218
  14.410
  14.225
  14.022
  12.544
   7.209
  -3.143
  12.259
  -0.362
   9.087
  -1.507
  -0.520
  -0.375
  10.302
  -2.494
  14.183
  12.911
  15.600
  16.152
  -1.109
   4.682
  16.244
   5.235
   0.165
   5.650
   3.308
   9.652
   1.522
   2.479
  -2.397
   9.341
   9.834
  11.614
   7.789
   8.039
   4.501
   8.057
  -1.181
  -1.471
  -0.835
  -2.456
   4.242
   7.230
  17.028
   2.158
   5.348
   7.794
   0.275
   9.838
  -0.234
   1.470
   0.808
  11.319
   1.374
  17.204
  16.859
  16.218
   4.381
  -0.428
  -0.669
   4.832
  16.638
  16.522
  16.625
  16.505
  16.642
  10.716
   4.222
  16.192
  16.643
  16.196
   5.155
  13.935
   2.365
  16.030
  15.013
  15.981
  13.045
  14.474
   9.910
  14.920
   2.959
  13.808
  -0.093
  16.522
  -1.091
  16.696
   1.294
  16.637
   3.073
  16.633
  16.710
  -2.464
  16.625
  16.644
  16.694
  16.679
  16.423
  16.433
  16.435
  16.597
  15.717
  13.801
  14.839
  16.717
  15.456
  15.218
  14.410
  14.225
  14.022
  12.544
  -2.618
   3.223
   8.238
   3.793
  13.881
   1.596
  13.771
  14.099
   0.143
   9.869
   3.436
   0.492
   9.798
   1.428
  -1.474
   0.235
  -0.924
  11.624
   0.859
   1.064
  16.244
  10.496
   4.742
  15.943
   8.135
   6.612
   4.696
   9.105
   3.763
   0.417
  -0.853
   3.642
  11.292
   8.333
   8.101
   0.481
   9.081
  -1.118
  17.028
   1.081
   3.221
  -2.549
   6.606
   0.280
   4.429
   3.704
   6.214
   1.049
   1.961
   6.917
   3.740
  17.204
  16.859
  16.218
   2.504
   1.081
   0.800
  16.620
  16.704
  16.635
  16.633
  14.497
  16.554
  16.630
   5.087
   0.051
   6.383
  16.554
  14.873
  -0.383
  -2.576
  16.652
  -1.990
   0.841
  14.992
  16.532
  13.908
  16.452
  16.186
  16.141
  11.009
  12.908
  15.412
   1.855
  13.914
   8.422
   1.062
  -2.258
  -1.153
   0.605
  -1.100
  -2.044
  -0.915
   2.312
  16.429
  16.524
  15.139
  16.540
   3.549
   0.656
  16.428
  15.717
  13.801
  14.839
  16.717
  15.456
  15.218
  14.410
  14.225
  14.022
  12.544
   3.189
  -2.614
   7.913
   1.019
   7.290
   1.913
   1.992
   4.200
  -2.534
   6.957
  12.354
  -3.330
   5.852
  10.530
   8.144
  12.080
   9.409
  -2.151
   0.949
   4.519
  16.244
   4.288
   8.786
  14.184
   6.811
   0.047
   8.070
   7.856
   3.529
  -2.237
  10.065
  17.028
   4.499
  12.612
   1.117
   1.993
  -0.443
   4.254
  -0.104
   7.150
   6.673
  14.704
  12.662
  11.534
  -1.599
   3.768
   0.597
   1.909
   6.154
   6.804
  -0.986
  17.204
  16.859
  16.218
  12.721
  16.185
  15.930
   9.631
  14.435
   0.389
  -2.138
   8.000
   1.518
  -2.619
   5.818
  -2.795
  -1.875
  14.373
  15.863
  16.704
  16.697
  -0.088
  16.528
  16.648
  16.532
  16.464
  16.648
  -2.709
   1.289
  12.873
   3.792
  15.478
  16.649
  16.620
  13.975
  16.619
  -1.626
  16.639
  16.692
  16.694
  16.641
  13.875
  16.626
  16.587
  16.692
  16.626
  16.629
  16.646
  12.612
  15.717
  13.801
  14.839
  16.717
  15.456
  15.218
  14.410
  14.225
  14.022
  15.970
   9.652
  -1.196
  -0.722
  -0.214
   4.490
  -0.146
  10.665
  -3.044
  -1.538
   2.470
  -0.279
  -2.471
   6.317
  -2.432
  -1.518
   4.144
   4.379
   6.577
   1.874
  16.244
   3.038
   6.574
   8.799
   6.452
   4.716
  -1.691
  -3.010
  -1.541
   3.639
  17.028
   1.142
  10.460
   3.565
  -0.269
   3.527
  13.448
   1.519
  14.197
  -0.271
   4.233
   2.055
   3.571
  -2.870
  -0.400
   3.861
   1.241
   6.786
   3.915
   2.543
   4.821
  17.204
  16.859
  16.218
  -0.309
  -2.064
  -0.889
  16.372
  16.741
  -2.149
  16.639
  11.117
  13.092
  16.648
  16.127
  14.182
   2.766
  14.444
  -0.981
  16.636
   4.435
  15.383
  16.648
   4.130
  16.646
  16.649
  16.631
  16.690
  16.422
   0.577
   9.494
  -1.489
   2.592
   1.110
  -1.659
   0.251
   3.559
   4.433
   9.668
  16.649
   1.988
  16.650
  16.634
  12.932
  16.632
  16.447
  16.406
  16.325
  12.612
  15.717
  13.801
  14.839
  16.717
  15.456
  15.218
  14.410
  14.225
  14.022
   2.694
  13.256
   6.108
  -3.291
  -2.172
  13.861
   5.209
  11.905
   9.481
  10.137
   9.466
  12.328
   7.532
   7.699
   4.964
   3.017
   9.834
   2.456
   5.120
   0.963
  11.592
  12.699
   7.630
  -1.015
   1.889
  16.244
  10.101
   9.620
   7.319
   3.598
   2.450
   3.503
   3.350
  17.028
   5.060
  -2.259
   7.382
   3.481
  -0.344
   0.310
   8.345
   8.046
   2.749
   0.098
  -2.437
   4.770
   5.554
   1.797
   4.713
  17.204
  16.859
  16.218
  -2.876
   3.748
  -0.487
  14.986
  15.329
  16.168
  14.200
   1.772
  -0.932
   4.583
   3.530
  -0.160
  -2.376
  16.191
   1.740
  15.374
  12.311
   1.535
   0.020
   3.504
  -2.029
  15.279
  -2.541
  -0.110
  -2.728
  16.474
  16.693
  16.640
  16.544
  16.689
  16.524
  16.620
  14.479
   9.698
  16.432
  16.644
  16.625
  16.675
  16.639
   1.626
  13.283
   0.290
  -2.409
  16.522
  16.542
  16.244
  16.531
  16.449
  12.612
  15.717
  13.801
  14.839
  16.717
  15.456
  14.410
  14.225
  14.022
   9.527
   1.071
  14.501
   6.712
   3.448
   9.633
  12.906
   2.858
   3.241
  -2.519
   2.376
   7.033
  -2.859
  14.969
  -2.565
   1.718
  14.926
   5.981
   7.789
   7.953
   5.721
  15.374
  -0.293
  10.048
  -1.779
  14.472
  14.876
  -2.365
   3.785
  -1.056
   6.387
   4.405
  10.880
   3.039
   0.714
  17.028
  12.024
   1.631
   5.295
   6.088
   4.830
   9.931
   4.813
  14.426
  -2.351
  -2.386
  -2.611
   8.621
   3.627
  17.204
   1.455
  16.859
   7.844
  -1.434
  16.244
  16.218
  15.137
   2.523
   0.315
   2.699
  -0.483
   0.480
  -2.167
   3.716
   0.258
  14.868
  -2.717
  -2.945
  -1.639
   1.660
  13.003
  -2.372
   2.598
   0.619
   0.970
  13.888
  16.651
  16.619
  15.993
  16.686
  16.698
  16.636
   9.580
  16.688
  16.626
  16.685
  16.508
   4.821
  16.649
  15.485
   5.457
  16.532
  14.895
  16.640
  14.931
  16.660
  16.517
  12.906
  15.717
  14.501
  13.801
  14.839
  16.717
  15.456
  14.969
  14.410
  14.225
   0.616
   2.679
   4.538
  11.115
  -1.889
  -3.094
  10.661
   1.627
  -1.897
   4.537
   2.116
   7.858
  16.452
   8.890
   0.787
   3.236
   8.026
   4.846
  -2.780
   0.138
   0.378
  -2.544
  -0.562
  11.004
   7.292
   1.284
   3.525
   9.627
  -0.447
   7.167
  -2.502
   5.538
   0.114
  17.028
  15.485
  16.360
  14.868
   2.878
  12.659
  14.400
  11.202
   5.573
   2.233
   0.133
  -2.742
  -2.852
  -0.394
  17.204
  -0.767
  16.859
  16.218
   8.040
  -0.192
   2.978
  -1.267
  13.893
   5.616
  14.587
  14.865
  -2.358
  16.144
  13.911
  14.895
  11.417
   6.329
  -2.627
   0.236
  14.788
  14.891
  -2.051
  -0.692
   0.857
  14.197
  16.197
  15.367
  -1.709
  16.633
  -3.253
  15.856
  16.644
  -1.464
  13.868
  16.618
  16.689
  16.756
  16.689
  16.640
  16.693
  16.684
  16.521
  16.654
  16.377
  16.503
  16.644
  16.554
  16.398
  12.906
  16.452
  15.717
  14.501
  13.801
  16.717
  15.456
  14.969
  14.410
  14.225
  -2.432
   0.754
  11.499
  11.343
  -0.280
  -2.169
  12.377
  -2.320
  -1.899
  -2.878
   4.123
  -2.373
   8.379
  11.163
   0.700
   0.706
  10.713
   9.556
  11.077
   6.000
  -0.043
   2.824
   3.149
   5.205
  16.352
   3.330
   8.171
  -2.941
  17.028
  15.485
   0.465
   2.585
   7.163
   4.435
  11.485
  10.756
  -0.770
   3.547
   8.907
  13.783
  13.769
   5.127
   4.046
   9.907
   2.616
  -3.263
   0.396
   0.723
   0.283
  12.167
   3.435
  -2.526
  17.204
  16.859
  16.218
   0.141
  -2.835
  15.995
   1.552
  -2.615
  -2.548
  -0.104
  16.703
  16.690
   1.844
   9.497
   1.057
  16.627
  -2.126
  15.238
   1.655
  -2.396
  -0.091
  13.891
   5.219
  16.141
  16.630
  16.692
  16.632
  16.626
  16.688
  16.646
  16.633
  16.631
  16.639
  16.605
  16.527
  16.434
  16.625
  16.642
  16.391
  16.530
  16.536
  16.477
  16.502
  16.072
  16.514
  16.656
  12.906
  16.452
  15.717
  14.501
  13.801
  16.717
  15.456
  14.969
  14.410
  14.225
  10.269
   3.902
   2.398
   1.844
   4.684
   1.925
  10.828
   4.822
  -3.219
  -2.949
  16.200
   8.067
  -0.954
   5.087
   9.686
   9.163
  -2.954
   2.309
   5.226
  -0.722
   1.263
   0.093
   1.703
  -3.140
   6.431
  -0.594
   0.884
   5.607
   6.778
   8.623
   2.635
  17.028
  10.882
  14.436
   8.220
  15.485
   0.285
   1.230
   8.532
  14.382
  15.241
  10.786
   0.631
   3.991
  -0.901
   2.284
   0.369
   3.706
   2.597
   6.651
   2.262
  -0.865
  17.204
  16.859
  16.218
  -2.981
   0.415
   0.529
  16.637
  16.645
   1.472
  -2.707
   3.230
  -2.760
  16.337
   0.341
   6.726
   0.481
  16.530
  -2.276
  16.361
  16.636
  -1.779
   2.198
  14.244
  -0.447
  16.738
  15.981
  -2.394
  16.559
  16.648
  16.647
  16.641
  14.454
  10.712
   8.006
  16.640
  16.624
  16.646
  16.622
  16.741
  16.650
  16.628
  16.660
  16.636
  16.719
  16.518
  16.501
  16.689
  16.412
  16.647
  16.263
  12.906
  16.452
  15.717
  14.501
  13.801
  16.717
  15.456
  14.969
  14.410
  14.225
  -2.594
  14.309
  -2.123
   6.638
   5.293
   4.653
  11.186
  -2.027
   6.667
   0.137
  11.467
   8.566
   2.875
  -2.118
  -2.424
   2.000
   5.827
   1.190
  -1.340
   9.046
   1.154
  -0.745
   1.029
   2.111
  17.028
   5.652
   1.619
  15.485
   4.157
   1.423
  -0.173
   7.195
   1.758
   5.247
   2.915
   5.061
   8.408
  10.690
   7.691
   2.585
   1.889
  14.317
  -0.330
   3.418
  -0.919
   1.386
  -0.407
   3.208
  -1.405
   3.396
  17.204
  16.859
   3.126
  16.218
   1.147
   5.143
   0.684
  14.951
  16.005
  13.763
  16.176
  12.579
  16.209
  -2.379
   0.685
  16.129
   3.240
  16.627
  16.549
  16.686
  16.641
  16.630
  16.617
  16.544
  16.524
  16.635
  16.623
  16.554
  16.710
  16.639
  16.651
   1.892
  16.684
  16.497
  16.435
  16.629
  16.686
  14.971
   8.474
  16.682
  16.621
  -1.976
   7.999
  16.457
  16.535
  16.498
  16.665
   6.960
