10.637
9.655
8.841
9.494
9.577
10.279
9.990
10.381
9.800
9.984
8.298
9.279
10.535
10.096
10.462
9.751
9.276
9.405
10.199
9.845
10.213
10.037
9.977
9.610
9.849
9.072
8.681
10.204
10.309
9.588
10.065
9.736
9.569
9.128
9.635
9.393
9.547
9.571
9.781
9.597
9.327
10.028
10.040
9.459
9.921
9.424
9.494
8.610
6.512
10.332
8.385
10.569
10.399
9.930
11.102
10.063
10.167
9.933
10.692
9.356
9.559
10.180
10.485
9.269
9.801
10.262
10.371
9.290
10.258
10.366
9.279
9.280
10.338
9.544
10.310
10.280
10.421
10.488
8.734
8.705
10.063
8.406
7.551
9.858
10.158
9.300
8.827
9.915
9.170
9.180
10.237
9.780
9.740
8.269
10.237
8.217
8.858
8.843
9.501
9.628
10.160
10.390
10.468
10.414
8.081
10.218
11.032
9.808
9.948
7.990
7.968
10.587
9.039
9.590
4.875
10.714
8.490
10.937
10.634
10.206
7.225
10.743
10.813
10.619
10.896
9.371
9.003
10.900
10.190
10.883
9.875
10.230
10.522
10.098
8.481
10.054
10.046
9.098
7.742
9.395
8.445
10.065
8.751
8.387
9.477
8.788
9.890
6.653
8.800
7.573
7.794
10.081
10.209
10.262
9.631
9.913
10.090
9.169
11.250
9.265
9.921
9.484
9.004
9.074
10.176
9.141
9.308
9.690
10.413
9.339
9.909
9.261
10.676
10.868
8.884
10.750
9.859
9.469
8.760
10.543
8.581
9.302
10.240
10.390
9.079
10.018
7.365
10.537
9.437
10.343
10.124
8.028
10.133
7.901
10.703
10.160
10.190
10.370
10.210
9.914
10.903
10.378
10.100
10.498
10.508
10.881
9.723
10.167
9.291
10.231
10.964
10.883
9.874
10.813
10.896
10.218
10.018
9.895
10.379
9.538
10.005
4.939
9.729
9.631
9.545
10.258
10.384
10.056
10.728
10.296
10.395
9.754
9.564
10.373
10.895
10.714
10.448
11.250
10.216
10.159
10.748
9.795
10.420
10.185
9.757
9.895
10.390
10.868
9.555
10.057
9.272
10.240
9.823
10.330
10.124
10.750
9.739
6.172
9.859
10.703
8.122
10.797
10.886
10.312
10.837
10.882
11.161
10.560
10.632
9.653
10.163
10.811
10.399
9.537
10.145
10.143
10.060
10.943
10.557
9.886
10.691
10.169
10.627
10.680
10.357
10.424
5.975
10.423
11.094
9.555
1.357
10.476
9.433
11.214
11.077
9.725
11.058
10.994
11.362
11.050
3.661
9.841
10.693
10.215
8.554
9.453
9.958
8.904
10.160
10.883
10.797
10.896
10.238
10.481
10.114
10.386
9.874
9.813
10.215
10.379
10.608
9.751
9.077
10.994
9.948
10.649
10.891
10.461
9.674
10.063
10.299
9.382
10.570
10.093
9.630
11.058
9.029
10.483
10.171
10.390
9.436
10.943
10.868
9.997
10.240
10.791
10.902
10.751
8.409
10.477
10.097
9.700
9.370
8.401
6.062
9.626
10.830
10.694
10.045
9.601
10.391
10.691
10.111
10.693
10.124
11.161
7.948
11.016
11.214
9.897
10.703
7.992
7.482
10.439
10.893
10.367
8.526
9.067
9.324
10.396
10.074
10.735
10.847
9.917
9.313
9.404
11.002
11.041
10.422
10.637
10.352
10.020
7.582
10.951
5.782
10.670
10.946
2.546
10.128
10.681
10.430
8.540
10.680
10.686
10.682
11.147
10.912
10.781
10.011
10.774
11.028
11.142
11.096
10.481
10.649
10.883
10.921
10.365
10.496
11.124
8.034
9.957
10.968
10.387
10.333
10.142
10.537
9.974
10.079
9.755
10.866
10.671
10.385
10.309
10.561
10.427
10.390
8.679
10.943
10.893
10.240
10.414
10.865
10.320
9.040
10.521
10.445
9.901
11.229
9.371
10.625
10.349
10.028
9.580
10.228
9.964
9.494
10.794
9.435
8.417
8.521
10.745
9.199
10.681
10.772
10.691
10.124
10.019
9.993
10.177
9.392
9.283
11.214
11.028
10.951
10.912
11.002
10.538
10.959
11.034
11.048
9.744
11.061
10.485
10.459
11.076
11.237
9.807
10.902
10.911
11.135
10.135
10.584
9.729
10.535
10.664
10.932
10.788
11.148
10.444
10.000
10.088
10.549
10.375
9.757
9.815
10.677
11.052
10.564
11.032
10.648
10.638
11.109
11.027
10.987
10.366
11.021
11.197
11.029
10.163
10.987
3.321
10.481
10.649
10.883
10.373
11.070
10.375
10.803
10.519
10.475
10.470
7.835
10.372
10.140
9.965
9.913
10.697
9.821
10.413
9.563
10.426
10.390
10.943
10.168
9.957
9.788
10.229
10.035
9.420
9.314
9.312
10.396
10.471
9.996
10.383
9.911
9.768
9.824
10.250
10.995
10.681
9.581
11.032
9.394
8.887
11.135
10.691
9.824
10.426
9.815
10.789
10.156
9.203
10.215
9.183
8.663
9.737
9.836
10.959
11.028
10.951
4.861
10.912
10.987
11.021
10.012
10.859
10.988
10.854
9.813
11.056
10.985
10.351
9.897
9.857
9.753
10.708
10.305
11.127
11.128
9.777
10.564
9.479
10.666
11.096
10.975
11.033
11.115
11.137
11.030
11.122
10.980
11.068
11.116
10.689
10.771
11.050
10.589
11.047
10.950
10.874
11.025
10.795
10.632
9.751
10.378
11.054
11.140
10.481
10.649
10.883
10.390
10.995
10.943
11.150
10.517
10.503
10.190
9.889
8.288
10.089
9.308
10.196
10.365
9.972
9.851
10.914
9.104
9.228
11.098
10.991
9.439
10.936
10.092
10.319
10.393
11.001
10.952
10.854
10.978
10.666
11.025
10.804
10.988
11.072
10.887
10.382
10.622
11.032
9.640
9.607
9.840
8.526
10.601
10.462
10.277
10.971
10.415
10.599
10.188
9.973
11.140
10.959
9.760
10.601
10.951
10.959
10.912
10.987
11.021
10.980
8.915
9.999
10.688
10.420
9.695
10.458
11.076
10.740
10.643
9.733
10.718
11.083
11.047
11.043
11.003
10.957
10.936
11.099
10.147
11.375
11.147
10.701
11.074
11.045
11.068
10.863
11.179
11.006
11.040
11.066
11.068
11.045
10.389
10.359
10.973
11.023
11.140
10.948
11.039
10.916
10.881
10.683
10.481
10.649
10.883
10.740
10.882
10.178
10.906
10.217
10.684
9.834
11.219
9.974
10.768
10.982
10.378
10.922
10.950
11.016
10.797
10.924
10.480
10.480
10.390
10.936
10.952
10.693
10.407
10.870
10.635
8.166
10.982
9.582
8.060
10.650
10.986
10.962
10.983
10.385
10.396
10.856
10.916
10.998
10.373
9.816
10.666
11.025
10.300
10.750
10.027
9.578
10.179
10.010
9.875
10.000
10.176
11.140
10.959
10.129
10.951
10.912
10.987
11.021
10.980
9.224
10.907
11.137
10.898
11.219
8.878
10.536
10.422
9.798
11.038
9.747
9.692
10.625
11.011
11.221
10.535
11.014
11.128
10.929
10.679
11.146
10.671
10.602
10.648
9.749
11.022
9.552
11.031
11.066
11.052
11.042
11.024
10.996
11.123
11.212
10.982
11.062
10.422
11.030
10.929
11.026
11.042
10.971
11.061
10.924
10.995
11.032
11.173
10.481
10.649
10.883
11.219
10.390
10.282
10.557
9.584
9.606
10.780
10.741
10.993
10.359
10.437
7.783
10.505
10.872
10.505
10.741
8.994
10.313
9.336
10.980
11.041
10.367
10.363
9.315
10.666
11.025
10.929
10.531
10.749
10.334
10.657
9.578
11.069
9.896
8.649
10.553
10.378
8.615
10.886
10.642
10.472
10.833
10.923
9.822
4.718
10.966
11.070
10.345
9.401
9.782
11.140
10.764
10.959
11.123
9.980
10.951
10.912
11.061
10.987
6.924
6.205
10.673
11.030
11.124
10.995
11.132
11.103
11.113
10.560
11.122
11.121
11.107
11.127
10.619
10.919
11.254
10.932
11.033
10.921
11.105
11.023
10.924
11.041
11.060
11.176
10.129
11.164
11.044
11.003
11.037
11.116
11.084
11.027
11.054
10.973
11.122
11.032
11.013
11.138
11.128
10.982
11.030
10.202
10.881
10.481
10.649
10.883
10.390
10.833
10.372
10.376
10.375
10.466
10.145
8.448
11.072
9.743
10.578
10.697
10.691
10.110
9.211
9.709
9.635
10.742
10.720
10.702
11.016
10.519
10.893
10.929
10.400
10.536
10.864
10.374
10.560
9.475
10.108
10.795
10.287
10.633
9.657
11.030
10.929
10.182
10.728
10.624
9.564
11.099
10.390
9.473
10.959
10.241
10.379
10.132
10.495
8.251
10.131
10.169
11.140
10.621
10.959
11.123
11.054
10.951
10.912
10.924
11.084
7.035
10.693
11.045
11.045
11.032
11.146
11.113
11.043
9.001
10.633
11.040
11.030
11.025
11.036
10.588
11.060
11.113
11.009
11.045
11.000
11.066
11.129
11.035
11.013
10.816
11.020
10.948
9.810
10.893
11.258
11.100
10.912
11.054
11.028
11.107
11.033
10.706
10.965
11.092
10.103
10.864
10.925
10.956
11.416
11.006
11.440
11.129
10.466
10.649
10.883
10.390
11.066
10.703
10.895
10.757
10.774
10.477
10.463
10.571
9.761
9.339
9.502
10.147
9.988
7.273
10.419
10.730
10.746
10.738
9.955
11.027
10.376
10.393
10.663
9.734
10.577
9.716
10.450
10.749
11.030
11.146
10.019
10.027
10.576
9.649
9.949
9.430
10.464
10.963
10.833
8.812
10.314
10.481
10.950
10.275
10.699
9.805
11.140
9.635
10.959
9.736
11.123
11.054
10.951
11.036
11.129
9.779
10.912
10.924
11.125
9.630
10.697
11.034
11.013
11.120
10.957
11.120
11.128
11.037
11.049
10.661
11.061
11.068
9.621
10.470
10.993
11.020
10.669
11.060
11.031
10.920
11.040
11.023
11.059
11.084
10.525
11.149
11.098
11.038
10.877
10.806
11.057
10.889
10.437
11.242
11.054
10.353
11.031
11.030
10.893
11.063
11.045
11.101
11.193
10.571
10.466
10.649
10.883
10.393
10.923
10.391
10.407
10.086
10.882
8.966
9.741
10.469
10.484
10.546
10.578
10.530
10.092
10.988
10.366
10.911
9.715
10.417
8.486
11.062
10.214
9.565
9.700
9.946
11.037
4.795
9.682
9.804
10.315
9.612
11.030
10.329
11.146
8.506
8.510
10.749
9.811
10.477
9.159
9.676
6.204
10.121
10.273
8.491
8.480
9.128
9.092
11.140
10.959
11.123
11.040
11.036
11.129
10.912
10.924
3.748
10.402
10.390
10.694
10.977
11.002
11.145
10.880
11.132
10.208
11.080
10.447
11.096
11.031
9.658
11.118
10.936
9.633
11.041
11.046
9.710
10.678
10.300
10.762
9.803
11.132
11.127
11.272
11.081
9.837
11.158
10.776
11.013
10.473
11.028
9.892
10.969
11.119
10.886
11.001
10.514
11.190
10.827
11.084
11.193
10.771
11.126
10.594
10.927
10.578
10.484
10.649
10.883
11.037
10.407
10.689
10.482
10.546
10.319
9.943
10.587
10.886
10.486
10.523
10.626
9.743
9.094
10.470
10.998
8.652
9.288
11.030
10.593
10.425
10.768
9.872
10.083
8.842
9.228
10.479
10.938
9.306
9.942
11.203
9.695
9.667
10.826
10.375
10.761
10.803
10.347
9.667
11.010
10.387
10.406
9.837
10.266
10.375
9.550
9.710
11.140
11.096
10.959
11.132
11.040
11.036
9.651
11.129
10.912
10.924
10.458
10.553
10.547
10.381
11.002
9.588
9.809
9.763
10.580
9.564
9.769
10.897
8.500
11.074
11.102
10.993
10.909
10.902
10.839
9.809
11.135
10.707
11.138
11.046
11.036
11.072
10.942
11.068
11.028
11.035
11.037
11.045
11.052
11.049
11.146
11.065
11.097
11.264
11.106
10.663
11.221
11.089
10.950
10.522
10.976
11.192
10.578
10.484
10.649
10.883
10.384
10.494
10.642
10.454
11.037
9.602
10.465
10.428
10.451
9.379
10.334
10.652
9.756
9.890
9.477
9.701
9.044
8.240
9.924
10.807
10.487
10.407
10.830
10.528
9.074
11.030
10.387
11.222
10.375
9.254
9.366
9.451
11.062
9.612
10.844
10.920
8.708
10.529
9.712
10.766
10.882
9.656
10.200
9.242
9.917
9.909
10.165
6.221
10.772
9.280
11.140
10.959
10.597
11.132
11.040
11.036
11.129
10.912
10.924
9.749
10.409
11.117
10.923
10.976
11.042
10.787
10.044
10.472
10.645
9.749
9.229
11.124
9.906
11.055
11.084
10.918
11.072
9.931
11.161
11.087
11.122
11.358
11.004
8.972
11.036
11.066
9.756
10.534
11.141
11.077
2.279
11.025
11.061
11.035
11.124
10.936
10.792
10.567
11.045
10.901
10.573
10.578
10.484
10.649
10.883
10.407
10.376
9.906
10.476
10.871
9.052
10.529
10.542
10.495
10.251
10.329
9.671
11.030
10.276
10.699
10.524
10.691
9.904
10.204
9.010
8.880
10.413
9.968
10.792
9.455
9.746
10.658
10.739
9.456
10.523
10.328
10.665
10.989
9.738
10.009
10.915
10.320
10.118
10.486
10.476
10.634
9.936
10.919
10.982
11.105
9.352
10.968
9.921
10.936
11.140
11.132
9.667
11.117
11.045
11.036
11.129
10.912
10.924
10.285
8.940
10.108
10.749
10.964
11.024
11.194
11.039
10.974
11.142
11.232
11.063
10.841
9.757
9.827
11.133
10.711
10.347
10.565
8.849
10.608
11.013
9.121
11.083
11.241
10.135
11.277
11.091
11.068
10.998
11.014
10.819
11.027
10.992
11.089
3.984
11.165
10.981
10.951
10.887
10.970
10.717
11.124
11.030
10.924
10.578
10.484
10.649
10.883
10.617
10.065
10.148
10.407
10.474
10.809
10.509
10.601
10.346
10.568
10.434
10.785
10.970
10.584
8.977
9.718
10.731
9.451
9.580
10.389
10.133
9.942
9.271
11.030
9.552
10.444
7.752
9.982
9.826
9.978
9.196
8.759
10.891
9.867
9.702
9.963
9.713
9.892
11.028
9.640
10.280
10.736
10.308
11.073
9.307
10.868
9.919
10.142
10.936
11.140
11.132
11.117
11.124
11.045
11.142
11.036
10.828
10.912
10.250
11.046
10.760
9.848
10.424
10.848
10.950
11.131
10.703
11.189
10.807
11.058
9.767
11.127
10.700
3.628
10.384
10.693
10.768
10.799
10.772
11.051
11.002
11.201
10.776
11.161
11.042
11.084
9.865
11.059
10.858
11.029
11.025
11.381
10.795
10.663
11.059
11.042
10.939
11.131
10.913
11.380
10.578
10.484
10.649
10.883
10.407
10.489
10.498
7.778
10.396
9.659
10.833
10.406
10.434
9.717
9.598
9.818
9.249
10.044
10.641
10.895
10.851
9.637
11.170
11.238
9.371
10.065
9.529
11.224
10.804
10.816
11.030
10.492
10.876
10.283
3.970
10.740
9.585
10.898
9.936
4.835
10.439
10.915
10.380
11.002
8.885
10.645
10.914
10.936
11.161
11.076
10.193
9.031
11.132
11.117
11.124
11.045
11.142
11.036
10.912
9.832
10.771
10.167
11.121
10.669
9.793
10.697
10.599
11.126
11.086
11.059
10.761
11.088
9.741
11.098
11.139
11.081
11.071
11.029
10.688
10.503
10.903
11.055
10.568
10.010
11.157
10.125
10.880
10.409
11.051
11.000
11.038
11.120
10.787
11.047
11.044
10.896
10.921
11.152
10.442
10.866
10.578
10.484
10.649
10.883
11.224
10.407
8.717
10.385
10.624
9.635
10.256
10.480
10.462
10.485
10.242
5.257
10.639
10.102
10.741
9.469
10.938
9.103
10.621
10.305
10.014
9.895
8.875
8.212
10.386
11.030
9.886
9.838
10.686
9.566
10.995
10.747
9.946
11.031
11.099
10.394
9.835
10.300
10.264
9.608
10.721
9.760
6.822
10.956
10.311
10.326
10.400
10.414
9.960
9.453
10.397
11.000
10.903
11.161
11.132
11.117
11.124
11.081
11.142
11.036
11.222
10.484
10.460
9.408
11.145
10.664
10.375
10.547
10.387
10.886
11.045
11.131
9.890
10.812
11.091
10.993
11.092
11.132
10.075
11.021
10.952
11.039
11.084
11.029
9.049
11.002
9.910
11.119
10.974
9.952
10.974
11.238
8.513
11.013
8.755
10.679
10.681
10.834
10.370
10.459
11.131
10.318
11.026
11.186
10.360
11.193
10.933
10.609
10.578
10.484
10.649
10.883
11.224
10.414
10.505
10.481
10.480
10.472
10.389
10.492
10.625
9.683
10.707
10.951
10.686
11.218
10.944
10.738
10.774
10.867
10.326
10.930
10.225
9.619
10.403
10.945
8.676
11.034
11.060
10.408
9.581
10.544
9.853
11.030
10.080
10.643
10.444
9.847
10.445
9.156
10.355
10.339
9.688
10.531
10.289
9.731
9.763
9.758
11.072
11.524
11.093
9.810
10.802
10.903
11.161
11.132
9.899
11.117
11.124
11.081
11.142
11.036
9.627
10.929
11.063
9.946
9.912
10.508
10.684
11.008
11.094
11.034
11.124
11.045
11.214
10.920
11.050
10.473
10.918
10.933
10.977
11.032
11.048
11.032
10.996
10.856
10.931
10.987
10.984
11.016
11.224
10.896
10.930
11.055
11.169
10.932
10.917
11.033
11.031
11.033
11.089
11.041
11.356
11.125
9.084
10.807
11.150
10.578
10.484
10.649
10.883
11.224
10.414
10.513
10.485
10.511
10.749
10.371
9.817
10.501
10.237
10.633
9.886
10.457
10.194
10.436
10.776
10.846
10.923
11.080
10.879
10.978
10.926
11.030
10.481
10.493
10.635
9.546
9.184
11.105
11.091
9.682
10.320
10.111
9.437
10.625
9.411
9.182
6.343
10.404
10.391
10.847
11.134
9.943
9.732
9.606
10.397
8.839
9.379
10.330
8.565
10.903
11.161
9.284
8.063
11.132
11.356
11.117
11.124
11.041
11.142
10.148
9.840
10.361
11.063
11.048
11.132
10.770
10.830
11.217
11.056
10.979
11.151
11.021
10.419
10.304
10.950
11.033
11.088
11.291
10.704
11.042
11.245
11.084
11.040
11.051
11.076
11.032
11.016
11.036
10.995
11.044
11.042
11.039
11.018
11.156
11.034
11.228
10.965
11.112
11.118
11.121
10.973
11.058
10.590
10.578
10.484
10.649
10.883
11.224
10.414
10.512
10.621
10.655
9.931
9.334
10.393
8.712
9.945
10.756
10.645
10.631
8.515
10.503
10.494
10.500
11.031
10.181
10.841
10.074
10.509
9.839
9.485
9.905
9.662
9.714
9.515
10.496
10.267
11.030
10.571
10.076
9.437
10.024
10.051
9.817
9.416
10.399
10.919
10.702
10.872
10.156
9.241
9.724
9.695
9.061
9.233
9.733
9.260
10.903
11.132
11.132
8.587
11.076
11.356
11.117
11.124
11.142
10.952
10.692
9.309
11.004
11.066
10.420
9.805
11.080
10.365
8.717
11.070
11.029
11.141
11.028
10.912
10.903
4.032
10.536
10.981
10.481
10.469
11.091
11.065
10.368
10.616
11.048
10.920
11.085
11.047
11.024
11.102
10.902
11.045
11.146
11.040
11.019
11.019
11.093
11.021
3.133
11.035
10.395
11.127
11.060
11.062
10.616
11.193
10.377
10.578
10.484
10.649
10.883
11.224
10.414
10.972
10.761
10.877
10.156
10.549
10.432
10.562
4.769
11.030
10.817
9.273
9.850
10.355
10.369
9.619
10.635
9.743
10.487
10.005
10.192
9.440
8.853
10.584
9.528
9.097
9.808
9.333
9.616
10.749
10.911
10.943
10.371
9.656
8.497
10.148
10.092
10.919
9.797
9.348
9.122
10.994
11.029
9.641
10.528
10.799
11.104
9.427
10.629
10.903
11.132
11.132
11.127
11.076
11.356
11.117
9.621
11.124
10.342
10.700
11.036
11.022
11.119
9.999
11.253
10.905
11.226
10.939
11.131
10.221
9.674
11.058
10.980
11.110
10.986
11.109
11.148
11.178
11.239
10.930
10.167
11.069
11.002
11.147
11.048
11.050
10.886
10.832
11.000
11.055
11.041
11.047
10.868
10.980
10.372
10.879
10.786
11.193
10.671
2.935
11.192
10.578
10.484
10.649
10.883
11.224
10.414
10.500
10.481
10.644
10.651
10.390
10.170
10.496
10.269
10.897
11.030
10.167
10.535
10.213
11.065
10.756
10.008
10.811
10.774
10.929
6.581
9.774
9.774
9.305
9.566
9.783
10.818
10.229
9.718
10.212
9.760
10.745
10.894
9.949
11.213
9.422
10.879
9.505
11.025
10.980
10.903
9.486
9.601
11.132
9.272
11.132
9.942
11.127
11.147
11.076
11.356
11.117
8.481
7.668
9.300
10.778
5.253
10.501
10.406
9.364
11.062
11.257
10.619
9.803
11.071
11.036
10.681
10.485
11.135
10.163
11.044
11.110
10.984
11.041
10.947
11.239
11.057
11.014
11.050
10.932
11.076
11.057
10.900
10.937
10.985
11.029
11.032
11.034
11.151
10.913
10.884
11.022
10.518
11.310
9.998
10.809
10.578
10.484
10.649
10.883
11.224
10.414
10.368
10.388
10.464
10.485
10.532
10.061
10.384
10.597
10.054
10.507
10.461
10.550
10.499
10.500
10.480
11.041
10.694
9.950
10.930
8.222
9.728
10.780
9.271
10.259
10.090
9.812
10.537
11.030
10.326
10.088
9.781
11.202
10.427
9.610
9.610
10.468
10.563
10.812
9.990
10.830
9.964
8.891
9.488
9.213
9.327
10.857
10.903
8.589
11.132
11.132
11.127
11.147
11.076
10.076
11.356
11.117
4.913
11.011
11.124
9.919
10.643
9.785
10.588
10.980
11.083
10.363
11.006
10.923
10.601
10.596
10.952
11.089
10.958
11.016
10.486
10.537
10.905
11.021
11.101
11.065
11.005
10.918
10.885
10.663
11.026
10.662
11.138
11.236
11.117
11.022
11.030
11.169
11.020
11.129
11.039
11.052
11.033
11.040
10.686
9.676
10.578
10.484
10.649
10.883
11.224
10.414
10.921
11.023
10.444
10.837
9.877
10.249
10.463
10.481
10.485
10.482
10.785
10.873
10.827
10.409
10.394
9.997
10.478
11.030
10.584
10.669
10.686
10.329
11.046
9.632
9.862
11.056
10.040
9.520
10.654
11.016
8.618
10.675
9.480
10.581
9.926
10.950
9.216
9.636
9.103
10.671
10.614
9.740
10.309
9.884
9.068
9.044
10.903
11.132
11.132
11.127
11.147
11.076
11.356
11.117
10.224
10.319
10.215
8.960
10.704
10.450
10.708
10.493
9.495
11.069
11.233
10.949
10.572
10.986
11.172
8.914
10.619
10.514
10.454
11.127
11.040
10.437
10.377
11.021
11.165
10.933
11.100
11.141
10.999
11.129
11.174
11.042
11.128
11.142
11.020
11.099
11.046
11.241
10.998
10.823
11.230
11.069
10.882
11.181
10.371
