hardness
 (GPa)  
   1.634
   1.555
   0.971
   2.273
   3.498
   2.890
   2.265
   3.806
   3.057
   2.969
   2.169
   0.976
   2.402
   2.434
   3.117
   3.119
   1.902
   0.990
   3.479
   2.757
   2.970
   2.239
   2.380
   1.468
   2.551
   2.090
   1.167
   2.510
   2.060
   2.289
   3.212
   1.840
   2.597
   0.372
   1.452
   1.986
   2.091
   2.862
   2.529
   2.427
   2.470
   2.214
   2.876
   2.162
   2.693
   2.415
   2.479
   1.135
   0.069
   2.943
   1.263
   2.724
   3.194
   3.075
   2.795
   3.445
   2.904
   2.664
   2.751
   1.757
   3.009
   2.278
   0.580
   1.844
   2.964
   2.681
   2.356
   1.925
   2.569
   1.946
   3.076
   2.038
   3.140
   2.478
   3.378
   2.962
   2.311
   3.373
   2.347
   1.622
   2.172
   0.847
   1.365
   2.742
   2.479
   2.053
   2.316
   2.472
   2.117
   1.894
   2.554
  -0.319
   3.233
   0.905
   2.362
   0.615
   1.723
   2.130
   1.374
   2.866
   3.870
   2.778
   2.906
   1.473
   0.677
   3.469
   1.193
   3.126
   2.378
   0.999
   0.853
   2.235
   1.272
   1.821
  -0.888
   2.906
   2.499
   3.265
   2.472
   3.147
   1.201
   1.989
   3.933
   3.347
   3.878
   0.807
   1.791
   3.127
   3.499
   4.380
   1.814
   1.920
   3.326
   2.977
   1.613
   3.285
   3.501
   2.230
   1.464
   1.666
  -0.206
   2.475
   1.506
   1.467
   2.818
   2.586
   2.699
   0.883
   2.306
   1.300
   2.626
   2.769
   2.909
   2.926
   3.529
   2.570
   2.419
   2.348
   3.867
   2.858
   2.972
   2.901
   2.627
   1.342
   2.988
   1.491
   2.219
   1.745
   1.775
   2.222
  -0.229
   2.041
   2.512
   4.056
   2.290
   3.859
   3.568
   1.616
  -1.145
   3.224
   0.489
   2.704
   4.033
   4.296
   2.621
   3.772
  -1.003
   3.386
   2.750
   2.739
   3.983
   1.010
   3.761
   1.114
   3.973
   3.870
   3.499
   3.779
   0.419
  -0.877
   2.888
   3.795
   3.347
   2.465
   3.118
   2.738
   2.360
   3.009
   1.101
   1.832
   1.587
   4.380
   2.469
   3.933
   3.878
   3.777
   3.772
   2.312
   1.666
   2.399
   2.938
  -2.226
   1.431
   3.529
   2.632
   2.438
   2.569
   2.305
   2.852
   2.832
   3.217
   2.996
   2.999
   3.323
   2.810
   1.280
   1.733
   3.867
   2.804
   3.045
   2.998
   2.875
   3.027
   1.992
   2.483
   2.984
   4.296
   4.056
   2.134
   2.369
   2.590
   4.033
   2.450
   2.549
   3.983
   3.859
   2.320
  -0.311
   3.568
   3.973
   0.865
   3.985
   2.529
   1.970
   3.479
   1.847
   3.951
   2.254
   2.291
   2.420
   2.884
   2.977
   3.024
   2.610
   1.577
   3.002
   3.269
   4.097
   3.644
   2.721
   4.052
   2.567
   3.704
   2.392
   2.752
   2.338
  -1.810
   3.476
   3.858
   2.689
  -2.350
   3.618
   2.238
   4.441
   2.795
   3.062
   3.875
   3.562
   3.724
   0.240
  -1.255
   3.683
   4.041
   3.557
   0.816
   2.630
   2.167
   1.583
   3.870
   4.380
   3.985
   3.878
   3.567
   4.606
   2.321
   3.005
   2.066
   2.257
   2.526
   3.133
   3.618
   2.485
   2.541
   3.405
   1.989
   4.488
   3.992
   3.488
   2.228
   1.530
   3.342
   1.957
   3.461
   2.473
   2.511
   3.875
   2.278
   3.367
   3.507
   4.296
   1.508
   4.097
   4.056
   3.023
   4.033
   2.199
   3.474
   3.714
   2.492
   2.526
   1.417
   3.511
   2.115
  -0.516
  -2.610
   1.482
   2.758
   3.362
   2.948
   2.608
   3.694
   4.052
   2.797
   4.041
   3.983
   3.951
   1.672
   3.597
   4.441
   1.312
   3.973
   1.203
   1.735
   3.160
   4.068
   3.371
   2.414
   3.358
   2.335
   1.412
   3.012
   3.116
   3.613
   2.727
   3.341
   2.976
   4.080
   3.476
   3.012
   3.888
   3.106
   3.552
  -0.785
   4.369
  -1.883
   3.571
   3.797
  -2.916
   3.403
   4.224
   3.376
   1.695
   0.462
   4.038
   3.819
   3.905
   4.279
   3.967
   3.329
   3.899
   4.422
   3.969
   3.553
   4.606
   4.488
   4.380
   3.617
   4.228
   3.126
   1.862
   1.715
   3.204
   3.993
   2.699
   2.697
   2.219
   3.857
   2.998
   1.041
   3.280
   4.055
   3.265
   2.744
   3.177
   3.323
   3.420
   4.296
   0.881
   4.097
   4.068
   4.033
   3.155
   3.549
   2.221
   2.251
   3.480
   1.652
   3.130
   2.534
   2.920
   3.287
   2.703
   2.736
   2.947
   3.634
   2.776
   1.842
   2.739
   2.409
   0.575
   1.178
   3.000
   2.396
   4.224
   3.355
   4.052
   3.983
   2.349
   1.624
   2.876
   2.397
   1.266
   4.441
   4.422
   4.369
   4.279
   4.080
   4.026
   4.597
   4.422
   3.415
   3.139
   3.988
   2.755
   3.283
   3.287
   3.027
   3.496
   4.089
   4.097
   4.064
   3.809
   2.650
   3.067
   0.515
   3.225
   3.276
   2.621
   3.400
   3.437
   2.273
   1.750
   3.771
   0.810
   3.383
   3.429
   3.837
   2.608
   3.852
   4.066
   3.990
   2.839
   4.027
   3.185
   4.198
   0.345
   4.145
   3.696
   4.415
   2.264
   4.051
  -0.979
   4.606
   4.488
   4.380
   2.658
   2.310
   2.795
   2.321
   3.006
   3.521
   1.544
   2.141
   4.233
   2.980
   2.882
   3.250
   3.526
   2.488
   2.194
   1.603
   2.503
   4.296
   4.097
   3.149
   0.809
   2.350
   2.546
   3.267
   2.616
   3.224
   2.757
   2.800
   0.541
   3.060
   2.907
   2.718
   2.960
   1.793
   3.229
   4.126
   4.224
   2.691
   4.066
   1.050
   0.051
   4.064
   4.052
   3.052
   3.562
   1.484
   3.748
   2.567
   1.903
   1.901
   2.730
   1.363
   2.617
   3.105
   4.597
   4.422
   4.369
  -2.584
   4.279
   4.198
   4.145
   2.074
   4.047
   3.832
   3.027
   2.653
   3.481
   3.002
   1.552
   0.773
   1.235
   3.380
   3.178
   3.204
   2.299
   2.910
   2.677
   3.427
  -0.176
   4.328
   1.412
   3.929
   3.397
   2.634
   3.843
   3.215
   4.484
   4.144
   3.554
   4.573
   3.843
   3.629
   3.378
   3.527
   3.302
   3.501
   3.670
   4.282
   3.817
   2.650
   3.394
   3.016
   3.948
   4.604
   4.606
   4.488
   4.380
   4.296
   4.126
   4.097
   2.784
   2.301
   3.504
   2.630
   2.649
   0.602
   2.699
   2.449
   3.342
   3.171
   3.449
   2.342
   2.986
   2.570
   2.607
   3.883
   3.961
   2.759
   4.177
   2.834
   3.910
   4.267
   3.622
   4.134
   4.026
   3.141
   4.328
   4.282
   4.024
   3.774
   2.454
   1.768
   3.557
   2.866
   3.320
   2.993
   2.676
   2.936
   1.358
   2.560
   1.868
   3.095
   3.461
   1.041
   3.478
   2.553
   3.126
   4.604
   4.597
   3.215
   2.708
   4.369
   3.688
   4.279
   4.198
   4.145
   4.144
   1.811
   1.502
   4.047
   0.712
   2.902
   3.829
   4.009
   3.034
   3.151
   2.686
   3.277
   3.746
   3.402
   3.745
   3.221
   2.070
   3.331
   3.059
   2.471
   2.083
   3.506
   3.656
   3.569
   4.099
   4.088
   2.644
   3.565
   3.005
   3.022
   4.438
   3.391
   4.305
   2.555
  -0.241
   3.141
   3.891
   4.158
   3.708
   4.379
   3.209
   3.956
   3.946
   4.606
   4.488
   4.380
   3.087
   3.852
   2.413
   4.092
   3.258
   2.870
   1.974
   4.278
   2.986
   3.664
   3.853
   2.565
   4.296
   4.076
   3.607
   1.369
   3.910
   3.538
   4.184
   4.296
   4.177
   4.134
   3.400
   3.338
   3.581
   3.175
  -0.371
   2.995
   2.560
   1.636
   3.659
   3.668
   3.862
   3.977
   4.264
   4.280
   4.044
   4.101
   4.009
   1.565
   3.268
   4.328
   4.282
   3.425
   3.160
   1.814
   2.489
   2.081
   2.612
   2.600
   3.087
   2.777
   4.604
   4.597
   2.288
   4.369
   4.279
   4.198
   4.145
   4.144
   2.895
   3.598
   4.172
   4.235
   3.095
   2.189
   3.858
   3.483
   3.151
   2.763
   3.243
   3.593
   2.722
   3.675
   3.281
   3.680
   3.315
   4.040
   4.229
   3.869
   4.176
   3.686
   3.269
   3.077
   2.156
   3.989
   1.301
   3.724
   3.160
   3.757
   4.421
   3.273
   4.148
   4.500
   3.559
   4.005
   3.840
   3.787
   3.329
   4.262
   4.137
   2.492
   3.949
   4.203
   4.095
   4.072
   4.106
   4.099
   4.606
   4.488
   4.380
   4.278
   4.296
   3.612
   2.846
   2.893
   2.244
   2.530
   3.257
   3.211
   4.191
   2.964
   2.617
   2.841
   3.846
   3.572
   3.482
   2.198
   3.387
   2.486
   3.770
   3.941
   4.211
   3.042
   1.211
   4.328
   4.282
   4.229
   3.172
   3.701
   3.062
   3.242
   2.767
   3.995
   2.818
   2.391
   3.463
   3.294
   1.334
   4.069
   2.079
   0.822
   4.216
   3.152
  -0.559
  -0.657
   3.610
   3.661
   2.920
   2.607
   2.244
   4.604
   2.560
   4.597
   4.500
   3.456
   4.369
   4.279
   4.203
   4.198
   0.938
  -2.317
   3.884
   4.328
   3.581
   2.438
   4.175
   3.889
   3.964
   1.607
   4.142
   3.693
   3.949
   3.976
   3.413
   4.343
   4.205
   3.698
   4.424
   2.989
   2.769
   4.445
   4.278
   4.488
   4.453
   3.890
   3.795
   3.152
   4.418
   3.727
   3.304
   4.199
   4.222
   3.628
   4.416
   3.890
   3.067
   4.427
   3.739
   3.445
   4.571
   4.133
   4.531
   1.475
   3.963
   4.606
   4.488
   4.380
   4.296
   4.216
   3.797
   4.226
   4.234
   4.627
   3.157
   0.162
   3.658
   2.957
   2.099
   3.037
   3.164
   2.382
   2.562
   2.226
   2.757
   3.427
   3.386
   2.598
   3.463
   3.820
   4.081
   1.899
   4.292
   1.669
   4.052
   3.375
   3.667
   1.797
   2.283
   3.172
   3.262
   3.023
   2.045
   4.328
   4.229
   0.909
   1.983
   3.759
   2.160
   3.238
   3.172
   2.903
   3.049
   3.891
   1.502
   2.852
   1.629
   1.850
   2.264
   3.115
   4.604
   1.233
   4.597
   4.500
   4.416
   4.369
   4.279
   4.278
   4.222
   1.104
   3.534
   4.119
   4.337
   4.041
   4.237
   4.227
   2.988
   2.460
   3.934
   4.426
   4.080
   4.441
   4.295
   0.224
   3.485
   4.147
   3.529
   2.936
   4.158
   3.447
   3.902
   4.450
   3.755
   4.222
   4.201
   4.336
   3.629
   4.264
   4.312
   3.324
   3.129
   4.336
   4.408
   2.828
   3.111
   3.058
   4.231
   3.330
   3.952
   3.243
   4.220
   3.450
   2.105
   2.754
   3.228
   4.294
   4.627
   4.488
   4.380
   4.296
   3.549
   4.013
   3.912
   2.419
   3.874
   3.516
   3.054
   4.630
   3.162
   2.754
   2.108
   3.098
   2.282
   2.068
   3.743
   3.943
   4.047
   3.260
   1.722
   1.324
   4.268
   4.299
   2.483
   2.879
   2.678
   2.085
   4.170
   3.133
   4.328
   4.237
   2.713
   1.864
   3.703
   2.618
   3.380
   2.590
   2.835
   3.258
   3.617
   1.612
   3.149
   1.846
   3.959
   2.407
   3.480
   1.082
   4.604
   2.255
   4.597
   2.744
   4.500
   4.416
   4.369
   4.295
   4.294
   2.232
   4.279
   4.278
   4.075
   2.858
   1.699
   4.398
   4.430
   3.659
   3.521
   3.372
   3.551
   4.049
   3.909
   3.894
   4.361
   3.853
   3.364
   3.453
   4.370
   4.305
   1.612
   4.537
   3.306
   4.300
   4.420
   4.432
   3.889
   2.660
   3.499
   3.597
   3.854
   2.653
   3.703
   4.170
   3.474
   4.035
   3.008
   4.026
   2.908
   0.996
   4.392
   4.273
   3.693
   3.526
   4.417
   3.759
   4.104
   4.630
   4.627
   4.488
   4.380
   4.299
   4.108
   4.294
   4.318
   2.562
   1.616
   2.716
   1.799
   1.475
   4.631
   4.179
   4.651
   2.811
   2.693
   2.794
   3.490
   3.931
   2.411
   2.958
   2.129
   3.715
   3.427
   2.508
   2.873
   3.272
   4.382
  -3.340
   3.579
   3.169
   3.442
   1.103
   4.328
   3.587
   4.237
   1.860
   1.935
   2.899
   2.291
   3.359
   2.315
   2.713
   0.736
   0.965
   2.524
   1.132
   1.435
   0.856
   1.184
   4.604
   4.597
   4.500
   4.420
   4.295
   4.294
   4.279
   4.278
  -2.782
   3.712
   4.291
   2.032
   4.024
   4.121
   4.554
   4.250
   4.543
   2.255
   4.008
   3.835
   4.152
   4.072
   3.217
   4.152
   3.129
   2.389
   4.441
   2.754
   3.309
   3.553
   1.368
   3.301
   2.508
   3.642
   2.900
   4.219
   3.589
   2.520
   4.095
   3.011
   4.403
   3.073
   4.192
   3.001
   4.129
   3.921
   3.901
   3.281
   3.691
   3.535
   3.225
   2.760
   4.102
   3.934
   3.609
   3.817
   4.342
   4.651
   4.631
   4.488
   4.380
   4.382
   4.318
   2.552
   4.627
   2.998
   2.370
   2.560
   3.754
   3.891
   3.525
   2.151
   2.624
   2.194
   2.358
   3.904
   1.951
   2.728
   2.152
   4.328
   3.517
   3.743
   4.064
   3.470
   2.960
   2.944
   1.881
   2.256
   4.047
   2.682
   2.433
   2.088
   2.981
   2.990
   3.963
   3.840
   3.412
   3.838
   3.443
   2.475
   3.477
   4.287
   4.317
   1.644
   2.864
   3.248
   2.896
   2.789
   4.604
   3.647
   4.597
   4.543
   4.420
   4.295
   2.430
   4.294
   4.279
   4.278
   2.457
   3.215
   2.936
   0.759
   3.777
   3.074
   2.985
   3.706
   1.725
   3.612
   3.265
   3.032
   0.476
   3.082
   4.250
   4.417
   3.081
   3.293
   3.276
   2.938
   3.578
   4.167
   3.956
   4.329
   3.631
   4.347
   3.884
   3.469
   3.151
   3.770
   3.758
   4.066
   4.409
   3.478
   3.805
   4.449
   4.199
   4.100
   3.794
   2.064
   4.226
   3.757
   3.074
   3.338
   4.428
   4.100
   4.651
   4.631
   4.488
   4.380
   2.680
   4.633
   3.493
   2.453
   4.382
   2.273
   3.098
   2.940
   3.614
   2.542
   1.341
   2.567
   1.008
  -0.079
   3.326
   2.123
   2.489
   1.202
   2.935
   3.458
   3.046
   4.318
   3.216
   3.499
   1.897
   4.328
   3.833
   3.065
   2.418
   1.195
   0.559
   1.838
   2.678
   2.137
   2.691
   4.104
   1.804
   3.738
   2.932
   4.074
   3.399
   3.093
   2.878
   2.990
   2.851
   2.609
   2.986
   0.142
   2.962
   3.023
   4.604
   4.597
   0.795
   4.543
   4.420
   4.295
   4.294
   4.279
   4.278
   2.276
   4.313
   4.396
   4.368
   4.147
   4.102
   3.871
   0.036
   2.099
   3.349
   2.267
   1.733
   3.493
   3.782
   3.794
   2.671
   3.313
   4.119
   1.417
   3.642
   3.009
   3.940
   3.722
   3.433
   2.875
   4.421
   4.442
   2.203
   3.760
   3.690
   3.642
  -3.400
   4.422
   4.439
   4.119
   4.075
   4.609
   4.149
   3.613
   4.323
   3.516
   3.430
   4.651
   4.631
   4.488
   4.380
   4.318
   2.789
   1.332
   3.507
   3.188
   3.349
   3.541
   3.239
   3.351
   3.424
   3.493
   0.368
   4.328
   2.685
   2.055
   2.138
   2.305
   2.877
   3.734
   2.346
   2.875
   1.080
   1.850
   2.254
   2.303
   3.001
   2.673
   3.586
   3.462
   3.786
   3.763
   3.228
   4.152
   2.548
   2.540
   2.850
   1.148
   2.609
   2.937
   0.626
   3.363
   2.483
   3.543
   3.498
   3.355
   2.802
   4.030
   3.111
   4.609
   4.604
   4.543
   2.999
   4.396
   4.323
   4.295
   4.294
   4.279
   4.278
   1.948
   2.162
   3.373
   3.561
   2.996
   4.090
   4.103
   4.216
   4.238
   4.303
   3.474
   4.217
   3.450
   2.917
   2.675
   3.654
   2.859
   0.084
   3.229
   2.584
   2.744
   3.830
   3.285
   3.819
   3.490
   3.691
   3.300
   3.241
   3.221
   4.285
   4.401
   4.182
   4.112
   4.295
   2.619
  -0.454
   3.873
   3.224
   3.551
   2.859
   3.946
   2.841
   4.383
   3.601
   4.261
   4.651
   4.631
   4.488
   4.380
   1.402
   2.257
   2.775
   4.318
   3.525
   2.476
   4.628
   3.723
   1.011
   1.738
   3.046
   3.464
   3.952
   4.034
   2.434
   2.620
   3.913
   2.206
   2.266
   1.828
   3.551
   0.560
   1.694
   4.328
   1.738
   3.381
   1.892
   2.798
   3.394
   2.665
   2.830
   2.523
   3.556
   2.725
   2.133
   2.669
   2.358
   2.985
   2.925
   2.168
   3.451
   2.932
   2.761
   2.130
   2.591
   3.024
   2.429
   2.531
   4.609
   4.604
   4.543
   4.396
   4.383
   4.323
   4.303
   4.295
   2.804
   4.279
   1.445
   3.282
   3.099
   2.982
   1.483
   3.981
   2.530
   3.642
   3.948
   3.971
   3.802
   3.485
   3.579
   4.062
   4.161
  -1.429
   0.743
   3.809
   4.077
   3.961
   3.275
   4.137
   3.816
   3.976
   4.065
   4.609
   3.198
   4.424
   0.735
   4.119
   3.803
   3.125
   2.965
   3.731
   3.955
   3.867
   3.823
   3.684
   3.631
   3.769
   1.696
   2.095
   4.651
   4.631
   4.488
   4.380
   4.318
   4.629
   3.488
   2.611
   0.632
   2.348
   3.962
   1.594
   2.564
   1.750
   3.030
   2.060
   0.917
  -1.361
   2.138
   2.783
   3.463
   2.898
   3.675
   4.152
   2.986
   3.529
   2.716
   4.312
   2.377
   2.865
   4.328
   2.063
   3.155
   3.499
  -0.370
   3.356
   2.420
   1.261
   3.700
  -1.074
   1.096
   4.100
   4.263
   3.373
   1.662
   2.842
   3.893
   4.609
   4.609
   2.707
   1.856
  -1.354
   4.543
   4.396
   4.383
   4.323
   4.303
   4.295
   4.279
   2.496
   1.998
   2.497
   3.248
   4.078
   3.050
   4.080
   3.871
   3.945
   3.557
   3.999
   3.413
   3.808
   3.210
   2.818
   4.291
   4.342
   4.406
   4.508
   3.441
   4.083
   4.643
   3.719
   2.961
   0.915
   4.289
   3.789
   4.013
   2.743
   3.828
   3.594
   3.185
   4.514
   3.360
   3.022
   3.089
   3.466
   4.224
   2.992
   3.106
   3.182
   4.651
   4.631
   4.488
   4.380
   4.312
   4.318
   0.908
   3.810
   2.010
   3.255
   4.262
   3.103
   3.527
   2.054
   2.204
  -0.374
   3.594
   3.728
   2.918
   1.934
   2.602
   2.309
   2.035
   3.656
   3.137
   3.548
   1.363
   2.522
   4.257
   4.328
  -0.347
   2.210
   3.813
   1.980
   2.709
   3.174
   0.614
   4.130
   0.289
   4.318
   1.277
   2.488
   2.898
   2.416
   3.561
   3.296
   0.425
   2.860
   0.559
   3.207
   4.275
   4.497
   1.378
   1.772
   4.297
   3.010
   4.643
   4.609
   4.543
   4.396
   4.383
   4.342
   4.303
   4.295
   4.222
   3.725
   3.551
   3.329
   4.195
   3.846
   3.717
   3.187
   2.500
   3.022
   3.259
   3.182
   3.084
   3.531
   3.436
   4.099
   3.120
   4.235
   0.597
   3.500
   4.290
   3.787
   2.862
   3.739
   2.390
   3.919
   2.541
   2.987
   4.124
   3.373
   3.876
   4.077
   2.537
   4.535
   1.765
   4.167
   3.830
   3.884
   3.807
   3.406
   4.165
   2.663
   3.128
   4.111
   3.116
   4.100
   4.377
   3.241
   4.651
   4.631
   4.488
   4.380
   4.312
   4.497
   3.498
   4.628
   3.091
   3.541
   2.310
   3.571
   3.592
   2.831
   3.234
   3.738
   2.814
   3.818
   3.197
   3.512
   3.834
   3.191
   2.766
   4.103
   1.622
   3.381
   2.725
   4.081
   1.817
   3.200
   2.235
   1.529
   2.273
   2.947
   3.618
   4.328
   2.555
   3.114
   2.415
   2.637
   3.117
   2.025
   2.542
   2.177
   1.686
   3.280
  -0.864
   1.534
   2.958
   3.167
   4.088
   4.246
   3.963
   2.939
   3.864
   4.643
   4.609
   4.543
   3.209
   4.396
   4.383
   4.342
   4.303
   4.295
   2.057
   4.132
   2.575
   3.382
   3.686
   3.713
   3.449
   3.490
   2.832
   3.960
   4.289
   2.740
   4.036
   3.951
   4.570
   3.370
   3.213
   4.276
   4.478
   3.648
   3.836
   4.486
   4.311
   3.721
   4.344
   2.085
   3.322
   4.198
   4.034
   2.366
   3.350
   3.738
   3.741
   3.132
   3.634
   3.997
   3.392
   4.397
   3.655
   4.373
   4.424
   4.299
   2.746
   2.105
   4.108
   4.651
   4.631
   4.488
   4.380
   4.312
   4.497
   1.748
   4.628
   4.633
   1.965
   2.303
   1.885
   0.363
   3.001
   3.398
   2.606
   2.949
   4.025
   2.691
   3.482
   3.436
   3.167
   1.883
   3.515
   3.181
   3.855
   4.328
   4.624
   3.538
   3.886
   2.915
   1.498
   4.118
   2.842
   2.340
   3.680
   3.277
   2.432
   4.012
   1.264
   2.604
   0.717
   4.479
   4.274
   1.940
   3.555
   3.347
   3.669
   3.228
   2.392
   2.408
   1.722
   0.414
   1.829
   4.643
   4.609
   1.940
   1.726
   4.543
   4.424
   4.396
   4.383
   4.373
   4.303
   3.129
   3.703
   3.442
   4.271
   4.337
   4.610
   4.250
   3.918
   4.263
   2.998
   2.733
   4.399
   4.375
   1.281
   2.952
   3.660
   4.049
   3.631
   4.393
   3.305
   3.782
   3.928
   2.816
   4.032
   3.697
   4.441
   4.156
   3.418
   3.446
   3.299
   3.363
   4.130
   2.985
   4.390
   4.539
   4.404
   4.020
   3.489
   3.708
   4.200
   4.291
   2.226
   4.161
   4.013
   4.651
   4.631
   4.488
   4.380
   4.312
   4.497
   3.570
   2.247
   2.933
   2.756
   2.774
   1.618
   2.534
   1.796
   3.812
   2.987
   3.376
   2.218
   3.489
   3.547
   3.556
   3.236
   3.156
   2.479
   2.921
   3.555
   2.719
   2.620
   2.107
   2.633
   2.519
   2.997
   1.809
   2.146
   4.328
   3.187
   3.424
   2.585
   1.088
   3.569
   2.876
   2.310
   4.303
   3.414
   3.749
   3.899
   3.723
   1.002
   2.998
   2.738
   2.204
   1.977
   1.407
   2.203
   4.643
   4.610
   4.543
   1.762
   4.441
   4.424
   4.396
   4.383
   4.303
   4.337
   3.900
   3.138
   1.711
   2.821
   3.638
   2.371
   4.190
   3.880
   2.164
   4.422
   3.792
   4.298
   2.638
   3.066
   4.349
  -3.185
   2.728
   2.420
   2.389
   2.970
   3.781
   3.574
   0.016
   3.830
   4.358
   4.303
   3.037
   3.274
   2.995
   3.262
   4.314
   2.882
   3.282
   3.116
   3.141
   4.390
   4.077
   4.411
  -3.260
   3.992
   0.210
   4.518
   2.852
   4.350
   3.654
   4.103
   2.738
   4.651
   4.631
   4.488
   4.380
   4.312
   4.497
   4.110
   2.886
   3.906
   2.682
   3.976
   2.936
   4.615
  -3.344
   4.328
   3.368
   2.695
   1.946
   3.534
   2.644
   3.064
   2.768
  -0.352
   3.521
   2.631
   1.216
   1.652
   2.020
   3.167
   2.264
   1.742
   3.101
   3.360
   2.714
   2.247
   4.083
   2.655
   4.188
   2.909
  -1.207
   0.461
   1.564
   2.860
   1.356
   2.134
   1.715
   3.443
   4.048
   2.046
   3.160
   3.317
   3.587
   2.579
   2.896
   4.643
   4.610
   4.543
   4.518
   4.441
   4.424
   4.396
   3.253
   4.383
   2.878
   3.760
   4.417
   3.746
   3.886
   3.741
   3.551
   3.427
   3.968
   3.067
   4.602
   3.482
   0.762
   4.132
   3.152
   4.183
   4.568
   4.274
   3.602
   4.153
   3.992
   4.135
   3.811
   4.377
   4.401
   4.448
   3.814
   3.103
   4.367
   3.933
   2.457
   4.335
   3.223
   3.755
   4.290
   3.622
   3.148
   3.957
   2.555
   4.101
   3.927
  -1.211
   4.102
   4.651
   4.631
   4.488
   4.380
   4.312
   4.497
   3.548
   3.496
   2.266
   0.869
   3.817
   2.882
   3.530
   1.219
   3.409
   4.328
   0.720
   2.728
   2.260
   4.117
   1.597
   2.119
   2.540
   4.150
   3.475
  -0.787
   3.162
   2.717
   2.644
   3.066
   3.249
   3.931
  -0.242
   2.840
   1.931
   2.650
   2.579
   1.293
   2.318
   4.058
   2.831
   3.965
   2.161
   3.127
   3.569
   4.643
   1.875
   2.440
   4.610
   2.748
   4.543
   2.842
   4.518
   4.448
   4.441
   4.424
   4.396
   0.809
   1.474
   2.708
   2.603
   0.016
   2.659
   4.298
   2.665
   2.791
   4.224
   2.492
   1.917
   4.353
   4.100
   3.854
   3.470
   4.351
   3.800
   3.369
   4.066
   4.515
   4.433
   4.433
   3.932
   3.696
   4.234
   3.740
   3.879
   4.146
   3.446
   3.555
   2.278
   3.877
   4.405
   4.359
   3.839
   4.583
   3.189
   3.917
   2.876
   3.526
   3.540
   2.547
   2.503
   4.651
   4.631
   4.488
   4.380
   4.312
   4.497
   2.795
   2.558
   4.068
   4.629
   3.693
   2.739
   4.234
   1.994
   1.987
   3.179
   4.624
   3.543
   1.838
   1.465
   4.187
   3.444
   2.353
   1.910
   2.577
   2.529
   1.171
   3.101
   2.364
   2.716
   3.012
   1.527
   3.356
   4.328
   3.346
   2.308
   2.292
   4.291
   3.482
   3.020
   3.035
   2.933
   3.700
   2.880
   2.362
   2.841
   1.908
   2.451
   2.912
   2.251
   2.258
   3.701
   4.643
  -0.289
   4.610
   4.543
   4.518
   4.448
   4.441
   1.633
   4.424
   4.396
  -0.490
   1.111
   4.146
   3.671
   3.132
   3.130
   3.897
   4.061
   3.954
   3.846
   4.559
   3.153
   1.239
   3.374
   4.405
   2.255
   4.374
   4.404
   3.802
   3.610
   4.292
   3.257
   4.095
   3.881
   4.111
   3.158
   4.311
   3.157
   3.048
   3.773
   3.929
   4.017
   3.951
   4.406
   3.787
   4.080
   4.401
   2.991
   3.509
   4.074
   4.444
   3.849
   3.880
   2.863
   4.651
   4.631
   4.488
   4.380
   4.312
   4.497
   2.915
   3.427
   4.354
   3.918
   3.603
   3.471
   3.477
   4.621
   3.558
   3.550
   3.927
   4.105
   2.525
   2.130
   2.270
   1.528
   4.625
   4.328
   3.883
   3.569
   2.935
   0.932
   2.444
   2.849
   2.667
   3.624
   2.982
   1.545
   2.319
   3.985
   0.961
   2.752
   3.374
   4.026
   3.008
   3.808
   2.896
   2.264
   2.513
   2.908
   3.577
   1.858
   3.328
   2.150
   1.027
   2.198
   4.643
   4.610
   4.543
   4.518
   4.448
   4.441
   4.424
   4.396
   3.393
   2.845
   3.223
   1.157
   3.400
   3.741
   2.007
   3.660
   2.975
   3.801
   3.975
   3.348
   3.959
   4.457
   4.134
   2.015
   1.015
   3.057
   3.305
   3.946
   4.426
   3.835
   3.855
   3.242
   3.849
   3.882
   3.229
   3.332
   3.607
   3.889
   4.635
   4.353
   3.825
   3.743
   4.259
   4.553
   4.425
   4.204
   3.605
   4.293
   3.985
   3.626
   2.867
   4.326
   3.143
