7.251
7.432
7.956
7.807
7.487
7.646
7.202
6.784
8.125
7.393
7.442
6.855
7.952
7.789
6.232
6.837
4.844
7.068
7.790
7.864
7.991
5.681
5.134
6.963
6.751
4.814
6.599
6.979
7.054
6.438
7.774
7.162
7.712
6.998
8.074
7.775
8.035
8.190
7.272
7.598
6.427
7.283
6.399
6.885
6.822
6.652
7.784
7.264
4.246
6.492
6.454
7.647
7.645
6.351
6.523
7.718
7.193
7.431
7.606
7.296
7.694
7.226
7.208
6.822
7.407
7.340
6.783
6.998
7.636
7.616
7.417
7.667
7.078
7.276
7.622
7.835
7.140
8.141
7.494
7.499
4.410
7.258
7.793
7.455
3.500
7.745
5.115
6.019
7.618
7.340
7.383
7.582
7.633
7.760
7.922
5.855
6.439
7.778
8.253
5.375
7.677
7.550
7.452
5.655
7.553
4.190
5.508
4.279
4.223
8.219
5.168
6.362
6.154
7.404
8.225
6.771
7.529
7.674
7.506
7.603
5.036
6.721
7.782
7.159
5.725
8.228
8.018
6.051
7.043
7.568
5.518
6.321
8.271
4.641
7.514
8.116
7.884
7.793
4.521
7.721
7.077
6.899
7.588
6.899
7.510
5.871
7.889
7.098
5.612
6.986
7.378
7.540
6.746
7.132
7.482
5.126
7.255
7.715
8.078
8.109
6.289
7.941
7.196
6.638
6.854
4.538
7.728
7.905
8.028
7.867
5.749
7.262
7.562
7.484
7.086
8.050
7.561
6.126
8.113
7.122
7.243
7.851
7.375
7.293
6.622
7.610
7.797
8.046
7.282
7.251
7.208
8.225
8.116
7.721
7.593
7.827
7.650
8.442
7.555
6.516
8.190
7.097
7.265
7.892
7.791
7.558
7.698
7.333
7.844
7.782
6.986
7.563
7.946
7.199
8.077
7.656
5.572
7.427
7.441
7.508
8.225
7.518
7.676
8.279
7.400
7.793
7.799
7.457
8.109
7.462
7.840
8.050
8.078
7.255
7.489
7.609
7.325
6.612
7.233
6.008
7.293
7.956
7.580
6.103
8.197
7.033
7.395
7.707
7.282
7.851
8.046
7.561
8.024
7.838
7.706
7.941
4.885
7.058
7.254
7.546
7.798
7.377
7.101
8.070
7.524
7.639
7.924
7.776
8.186
7.737
7.560
7.689
6.230
7.473
7.259
7.970
7.779
7.911
7.727
7.272
7.241
7.764
8.037
7.461
7.616
7.716
7.100
2.090
8.052
7.396
7.937
8.148
7.225
7.248
7.557
7.985
7.208
8.225
8.116
7.765
6.956
7.472
7.766
7.022
7.856
7.599
7.782
7.838
7.551
7.473
7.465
7.944
7.331
7.639
7.235
7.680
7.528
6.826
8.244
7.553
7.684
7.559
6.902
8.109
8.016
8.272
6.731
8.172
7.546
8.050
8.078
6.851
7.667
4.430
7.542
7.679
7.184
8.232
7.664
7.475
7.293
7.586
7.474
7.897
7.261
7.258
7.640
8.148
7.282
6.820
6.556
7.851
8.046
7.442
7.561
7.521
7.214
8.272
7.667
7.372
7.266
7.440
7.299
7.074
7.946
7.729
7.573
7.600
7.253
7.249
7.349
7.715
6.812
7.770
6.972
7.710
7.620
7.489
7.565
7.068
7.657
7.812
7.737
7.131
7.484
7.804
7.585
7.308
7.753
7.496
6.911
7.219
7.293
7.339
7.965
8.141
7.651
7.815
7.264
7.815
7.208
7.184
7.782
7.159
7.477
7.523
8.390
8.109
7.468
7.417
7.546
7.585
7.792
7.418
6.411
7.834
6.946
7.120
3.288
7.524
7.256
7.801
7.839
7.607
7.265
7.041
7.949
6.982
4.992
7.640
7.348
7.725
3.524
7.468
7.744
7.657
7.804
7.661
7.958
7.651
7.515
6.965
7.516
7.713
7.734
7.391
7.569
7.837
7.427
8.028
7.185
2.540
7.454
8.148
7.282
7.812
8.046
7.131
7.684
7.561
8.141
7.914
7.235
7.807
7.929
7.682
7.066
7.054
7.573
7.598
7.521
6.900
7.216
7.541
7.408
7.242
7.254
7.929
7.742
7.979
7.771
7.285
8.149
7.305
7.588
8.042
7.067
7.700
7.107
7.860
6.050
8.161
7.599
7.964
7.738
7.908
4.829
7.847
8.021
7.408
7.305
7.790
8.313
8.127
8.390
7.782
8.109
7.546
7.585
7.385
7.635
8.231
7.395
7.325
7.244
7.919
7.407
7.166
7.355
6.939
7.566
7.731
7.647
7.518
7.760
7.665
8.030
8.198
7.596
7.657
7.682
7.183
7.019
8.087
7.558
7.559
6.808
8.029
8.268
8.398
7.219
7.634
7.739
7.769
7.542
7.645
7.259
7.532
7.208
2.507
7.279
7.556
7.910
7.911
8.149
7.479
8.226
8.127
7.285
7.812
7.860
7.131
7.588
7.561
7.510
7.538
7.523
8.017
7.044
7.494
8.001
7.105
7.068
7.755
7.351
7.601
5.881
7.348
2.190
7.135
7.831
7.270
7.767
7.858
7.108
8.111
7.113
7.289
7.573
7.850
7.818
7.246
7.272
7.516
7.764
7.847
7.469
7.705
7.764
7.192
8.229
7.630
7.358
8.065
7.710
8.069
7.647
7.445
8.098
7.722
7.782
7.183
8.109
7.745
7.016
7.328
7.726
7.053
7.761
7.236
7.864
7.573
7.680
7.254
7.969
7.703
7.385
7.694
7.617
7.569
7.807
7.604
8.078
7.610
7.055
7.545
6.244
7.431
7.657
7.682
7.583
7.511
6.772
6.785
7.804
6.157
6.444
6.944
8.103
7.695
7.178
7.458
7.971
7.504
7.736
8.263
7.284
6.848
7.062
7.742
7.562
8.149
7.524
8.127
7.285
7.812
7.764
7.860
7.588
7.561
7.858
8.001
7.216
7.407
6.965
7.161
7.669
7.194
7.924
7.064
7.327
7.622
7.717
7.092
7.664
7.254
8.358
8.158
7.781
8.155
7.288
7.789
7.782
7.121
8.143
8.248
7.276
7.621
7.955
7.587
7.438
7.808
7.771
4.479
7.538
7.834
7.811
7.492
7.297
7.304
7.813
7.118
8.308
8.002
7.769
7.288
7.397
7.966
2.545
8.176
8.304
7.782
7.183
7.296
7.434
7.833
7.098
7.600
7.571
7.801
7.949
7.660
7.056
6.965
7.511
7.717
7.990
7.659
7.933
7.303
8.021
7.121
7.587
7.264
8.035
7.533
7.508
7.042
6.341
7.544
8.242
6.180
7.540
7.557
7.717
7.834
8.080
7.187
7.629
7.487
7.778
7.071
7.606
7.648
7.536
8.372
7.490
7.242
7.850
7.718
8.149
7.076
8.127
7.719
7.288
7.812
7.764
7.860
8.308
7.588
7.561
8.304
7.104
8.125
7.435
7.274
7.623
7.364
7.294
7.778
7.048
7.816
7.884
7.436
7.320
7.025
7.794
7.802
7.779
7.271
7.420
7.890
8.216
7.733
7.288
8.037
7.900
7.790
8.254
7.756
7.921
8.192
7.787
8.080
7.102
8.031
7.336
7.476
7.878
8.227
8.121
7.770
8.308
7.727
7.846
7.068
8.073
7.183
6.965
7.511
7.885
7.563
7.149
7.749
7.729
8.081
7.524
7.611
7.610
7.323
7.604
8.141
7.077
7.265
7.172
7.493
7.064
7.886
7.922
7.305
7.334
7.383
7.276
8.151
7.708
8.064
6.504
7.444
7.259
7.674
7.230
7.293
7.226
7.999
7.655
7.357
7.673
7.418
7.851
7.042
7.237
7.132
7.934
7.504
7.712
8.149
8.127
7.884
7.288
7.812
7.772
6.766
7.764
7.860
7.102
8.254
8.308
7.588
8.304
7.470
7.073
7.661
7.836
7.815
7.832
7.775
8.330
7.491
7.885
8.179
7.907
8.036
7.835
8.154
7.809
7.834
8.125
7.508
7.826
7.148
7.281
7.822
7.927
7.883
7.704
8.122
6.907
7.483
8.040
7.317
7.782
7.830
7.103
7.796
6.788
7.788
7.554
7.789
7.570
6.923
7.310
7.836
7.413
7.262
7.749
8.081
7.183
6.890
7.899
7.264
7.253
7.068
7.505
7.462
8.012
7.011
7.935
8.171
7.780
7.690
7.088
7.623
7.303
7.465
6.219
7.754
7.711
7.804
7.512
7.590
7.609
7.354
7.445
7.752
7.037
6.745
7.885
7.542
7.476
7.664
7.419
7.637
7.278
7.488
8.241
7.711
7.389
7.883
7.710
7.657
7.818
7.084
7.856
7.244
7.643
7.985
8.149
8.127
7.884
7.317
7.288
8.036
7.812
7.764
7.860
7.102
8.254
8.304
7.453
7.093
7.246
7.223
7.770
8.173
7.702
5.967
7.621
7.112
7.779
7.775
8.046
8.263
7.473
7.771
6.990
7.839
7.276
8.070
8.156
8.131
7.755
7.630
8.312
8.166
7.678
7.327
7.316
7.443
7.749
7.320
7.170
7.644
7.593
7.798
8.142
6.818
7.848
8.243
7.729
7.915
7.749
8.081
7.183
7.505
7.358
7.637
7.636
7.821
7.556
8.000
6.739
6.942
7.676
8.195
7.165
7.071
7.322
7.585
7.068
7.297
7.652
7.687
6.870
7.364
7.687
7.847
7.346
7.680
7.682
7.149
7.044
7.998
7.080
7.424
7.811
8.007
8.364
6.831
8.001
7.176
7.530
7.339
7.922
7.664
7.689
8.149
8.127
7.884
7.317
7.288
7.453
8.036
7.812
7.764
7.860
7.102
8.304
6.220
8.195
7.787
7.800
7.278
7.997
7.778
8.177
7.880
7.768
8.169
8.324
6.913
8.125
8.261
8.068
8.384
7.283
7.203
7.278
6.856
7.816
8.242
8.185
7.362
7.191
8.146
7.612
8.220
7.125
7.755
7.813
8.176
8.222
7.602
7.865
7.438
7.105
8.175
7.887
7.296
7.805
7.814
7.808
7.531
8.033
7.749
8.081
7.183
7.381
7.592
7.903
7.823
7.138
7.667
7.798
7.690
6.791
7.585
7.583
7.512
7.506
7.276
7.996
7.009
7.007
7.676
7.804
7.704
7.511
7.549
8.001
7.588
7.533
7.278
7.712
7.055
7.507
7.643
7.808
7.424
7.971
7.972
7.253
7.440
6.920
7.215
6.931
6.428
7.626
6.456
7.300
7.633
5.205
7.494
7.340
7.064
8.175
8.384
8.127
7.459
7.884
7.317
7.288
7.453
8.096
8.036
7.812
7.764
8.304
8.054
7.905
7.781
7.819
7.861
7.771
8.010
7.457
7.679
8.261
8.013
7.342
7.769
8.278
7.831
8.102
6.832
7.766
7.808
7.868
7.766
8.288
7.284
7.768
7.713
7.853
8.226
7.800
7.796
7.292
8.273
7.650
8.281
7.224
8.153
7.278
8.292
8.176
8.052
7.748
6.772
8.012
7.735
7.345
7.835
8.112
6.877
7.749
8.081
7.585
7.127
7.981
6.584
7.465
6.942
7.719
7.461
7.469
6.888
7.717
7.659
7.422
7.319
6.985
7.669
7.841
6.993
7.239
7.276
6.241
7.635
7.271
7.056
7.630
6.667
6.359
7.967
7.747
7.460
7.855
7.538
7.605
7.804
7.768
7.988
7.298
7.997
7.696
7.480
7.225
7.434
7.140
7.231
5.895
7.663
8.175
7.067
8.384
8.127
7.884
7.317
7.288
7.453
8.036
7.812
7.868
7.764
7.688
8.304
7.083
7.548
8.077
6.968
8.045
8.139
7.336
7.764
7.760
7.462
8.270
7.796
8.249
7.755
7.656
5.037
7.422
7.798
7.291
8.171
5.925
7.820
7.998
8.286
7.781
8.048
8.174
7.835
7.864
6.871
7.279
8.164
7.653
7.174
7.850
8.170
7.997
6.852
7.617
7.281
8.002
7.832
7.749
8.081
7.768
7.262
7.499
7.298
7.972
7.645
5.433
7.615
7.974
8.035
8.006
7.663
7.814
8.183
7.638
7.864
7.718
7.846
7.553
7.812
7.127
8.137
7.454
7.844
7.611
7.382
7.394
7.974
7.711
7.326
6.925
5.970
6.560
8.249
7.732
7.133
7.678
6.675
7.873
7.291
7.928
7.802
7.695
8.175
7.929
7.392
8.048
8.384
7.399
7.884
7.317
7.288
7.453
8.036
7.812
7.868
7.764
3.975
8.304
6.910
8.089
7.773
6.915
7.456
7.636
8.302
7.780
7.190
7.194
5.605
7.766
7.818
8.192
7.100
8.264
7.842
7.781
8.026
8.146
7.357
6.873
7.170
7.714
8.207
7.843
7.760
8.033
8.027
8.246
8.048
6.962
7.044
7.793
8.001
6.909
8.264
7.984
8.269
7.397
6.859
8.116
7.203
7.749
8.081
7.645
7.818
7.953
7.663
7.694
7.764
7.806
8.011
7.984
7.040
7.881
7.399
7.500
7.062
7.694
7.382
7.257
7.025
7.541
7.611
7.346
7.246
7.394
7.826
7.573
6.307
7.747
7.946
7.941
7.712
7.968
7.564
7.072
8.044
7.928
7.474
7.755
7.051
6.913
7.080
6.347
6.880
6.549
7.916
7.465
7.994
8.175
8.048
8.384
7.884
7.317
7.288
7.453
8.036
7.812
7.868
7.984
8.304
8.005
6.946
6.553
6.971
7.933
7.696
7.319
7.587
7.301
7.092
7.621
7.258
7.544
8.167
8.269
7.180
7.054
7.804
7.793
7.536
8.262
7.081
7.775
7.781
8.264
8.057
8.257
7.230
7.848
8.168
7.251
6.927
7.778
7.893
8.225
7.043
8.107
6.934
7.155
8.126
7.858
7.540
7.896
7.730
8.273
7.749
8.081
7.645
7.904
7.866
7.652
6.952
7.692
7.950
7.507
7.714
7.397
7.406
8.058
7.990
6.620
7.411
7.922
7.910
7.665
7.576
6.996
7.337
7.011
7.069
7.057
7.266
7.460
7.078
7.063
7.067
7.431
7.427
7.332
7.615
7.520
7.254
7.200
7.133
7.727
7.622
7.284
7.863
6.504
7.213
7.489
7.917
8.175
8.048
8.384
7.659
7.884
7.317
7.301
7.453
8.036
7.812
7.868
7.984
6.374
7.774
7.070
6.881
8.304
7.354
8.084
7.389
8.086
8.028
7.797
7.940
6.852
8.264
7.294
8.133
8.191
8.315
8.101
7.778
7.172
6.942
8.152
7.823
7.378
7.614
8.215
8.277
8.018
7.243
8.170
7.309
7.569
7.342
8.075
7.580
7.123
7.819
7.255
7.782
7.816
6.775
8.057
8.415
7.771
8.297
8.288
8.188
8.309
7.749
8.081
7.645
7.744
7.785
7.775
7.248
7.700
7.840
7.904
7.715
7.543
7.900
7.358
6.548
7.937
7.389
7.232
7.484
6.600
7.459
6.987
7.272
7.439
6.751
6.081
4.198
6.774
8.283
8.154
7.787
6.941
7.413
7.333
7.176
7.692
7.981
7.668
7.603
7.128
6.983
5.997
6.035
7.293
7.667
7.731
6.341
6.506
8.175
8.048
8.384
7.884
7.309
7.317
7.453
8.036
7.812
7.868
8.086
8.304
7.871
7.938
7.048
7.496
8.416
7.884
7.778
7.877
7.281
7.474
7.959
8.063
8.157
7.876
8.227
7.798
7.877
7.123
7.644
7.597
8.087
7.830
8.188
8.078
8.160
7.721
8.167
7.900
7.851
7.298
7.769
7.122
7.656
7.314
8.146
7.781
7.119
8.098
7.658
7.743
7.910
8.241
8.027
7.604
7.749
8.081
8.022
7.666
7.114
7.436
7.699
7.734
6.689
7.183
7.305
6.962
7.277
7.123
7.219
7.836
7.892
7.694
7.424
7.663
7.798
8.016
8.261
7.291
7.531
7.576
7.817
6.921
7.972
7.506
7.591
7.827
8.041
7.765
7.066
7.310
7.197
7.759
7.518
8.175
6.879
7.959
8.048
8.384
7.884
7.593
7.158
7.314
7.317
7.453
8.036
7.812
7.749
7.868
7.382
8.251
8.304
7.701
7.857
7.910
7.165
6.886
8.200
7.825
7.899
7.772
8.011
8.144
7.765
8.080
7.785
7.258
8.163
8.185
7.649
8.073
7.772
7.789
8.242
7.544
7.268
7.776
7.876
8.352
8.241
7.809
8.033
7.501
7.912
7.415
7.138
7.929
7.558
7.901
8.198
8.208
8.403
7.789
8.099
8.135
7.749
8.081
7.704
7.717
7.824
7.665
7.074
7.863
8.059
8.064
7.850
7.646
6.759
7.886
7.845
6.803
7.846
7.767
7.741
7.653
7.696
7.497
7.615
7.992
7.862
6.858
7.825
7.888
7.710
7.759
6.705
7.699
7.034
7.639
6.810
6.900
7.503
7.066
7.521
6.707
7.667
7.081
6.749
7.518
7.827
8.149
8.175
7.959
8.048
8.384
7.884
7.314
7.317
6.784
7.453
8.036
7.812
7.868
8.304
7.910
7.911
7.093
7.870
7.789
7.815
8.255
7.843
7.826
7.256
7.897
7.822
8.119
8.183
7.274
6.865
7.547
7.253
7.816
7.781
8.044
7.808
7.175
7.691
7.853
7.793
7.815
7.428
7.851
8.105
7.859
7.361
7.781
7.301
7.758
7.784
7.801
8.309
8.345
7.614
7.777
7.556
8.220
7.777
8.292
7.714
6.812
7.749
8.081
7.661
7.310
7.918
7.833
7.855
7.598
7.079
7.082
7.289
7.135
7.012
7.068
7.808
6.974
8.143
7.776
6.824
7.895
7.554
7.080
6.983
7.549
7.039
7.767
7.817
7.619
7.752
7.629
8.126
7.272
7.075
7.980
7.262
7.703
7.693
7.730
6.767
7.644
7.554
7.173
7.737
6.835
5.303
8.175
7.123
7.717
7.959
8.048
8.384
7.485
7.305
7.859
7.884
7.314
7.317
7.453
7.897
8.036
8.304
7.910
8.173
8.253
7.856
7.781
7.840
7.647
7.237
7.794
7.411
7.514
7.742
7.646
8.133
7.840
7.279
7.802
7.572
8.145
7.861
7.652
6.879
8.147
7.283
7.615
7.843
7.788
6.549
8.266
7.283
7.794
7.629
7.248
7.967
7.039
6.888
7.771
7.816
8.361
7.824
7.283
7.121
7.306
8.274
8.305
8.312
7.794
7.749
8.081
7.652
7.461
7.925
7.921
7.735
8.002
7.683
7.425
8.201
7.414
8.060
7.662
6.888
7.582
7.088
7.512
7.072
7.819
7.789
8.021
6.594
7.976
7.831
7.551
7.551
7.627
7.758
7.799
7.575
7.649
7.794
7.609
7.030
8.314
7.422
7.084
7.217
7.319
7.385
7.703
7.391
7.097
7.589
8.126
8.175
7.959
8.048
8.384
7.859
7.884
7.314
7.317
7.453
7.897
8.036
7.221
7.697
7.308
6.692
8.304
7.910
7.580
7.691
7.794
6.897
7.367
7.305
7.907
7.831
8.004
7.757
7.711
7.783
7.768
7.259
7.949
7.827
7.903
7.462
8.141
7.804
7.836
7.295
7.915
7.816
8.044
7.602
7.123
6.905
8.286
7.291
8.265
7.262
8.165
8.194
8.209
6.807
8.412
7.304
7.862
8.180
7.302
7.779
7.591
7.991
7.869
6.786
8.311
7.749
8.081
7.722
7.703
7.273
7.838
7.822
7.309
7.504
7.901
7.332
7.817
7.482
7.295
8.054
7.688
7.673
7.830
7.853
7.792
7.676
8.266
7.738
7.640
6.881
6.748
7.097
7.543
7.793
7.299
7.781
7.563
7.640
7.620
7.705
7.978
7.484
7.643
7.196
7.520
7.787
7.760
7.282
7.109
7.347
7.728
7.071
7.117
7.601
6.695
5.590
8.175
7.959
8.048
8.384
7.859
7.884
7.314
7.317
7.453
7.897
8.036
6.960
8.304
7.910
7.276
7.266
7.178
8.120
7.844
6.901
8.024
7.778
7.453
7.782
7.741
8.070
8.056
6.867
8.054
7.817
8.157
7.099
8.190
7.301
8.125
7.821
7.814
7.220
7.568
7.169
7.780
8.184
7.809
7.811
7.751
8.086
7.790
7.271
7.828
8.213
7.408
7.714
8.150
7.669
7.373
7.577
7.099
7.867
6.941
7.922
7.462
7.749
7.617
8.014
7.844
7.042
7.789
7.566
7.590
7.022
7.908
7.064
7.793
7.692
7.774
8.130
7.868
7.050
7.316
6.767
7.744
7.617
7.777
7.825
7.611
7.261
8.014
7.504
6.883
7.469
7.453
7.625
7.720
6.055
6.828
7.371
7.749
7.994
7.816
7.294
7.211
6.117
7.502
8.232
7.252
7.305
8.175
7.959
8.048
7.535
8.384
7.817
7.859
7.884
7.314
7.317
7.453
7.897
8.036
7.951
6.911
7.939
7.377
8.304
7.910
7.767
8.407
7.261
7.298
8.225
7.748
8.157
8.136
7.767
7.292
7.301
7.788
7.863
7.753
8.149
7.281
7.777
7.894
7.853
7.880
6.927
8.179
7.654
7.639
7.524
7.859
7.820
8.186
7.823
7.865
7.618
7.779
7.226
7.480
7.783
7.842
6.757
7.788
6.825
7.371
7.232
7.742
8.294
8.170
7.160
8.225
7.648
7.749
7.872
7.646
8.147
7.052
7.433
7.280
7.505
7.591
7.577
7.907
7.601
7.631
7.633
7.201
7.516
7.027
7.077
7.690
7.535
7.762
7.111
8.417
6.862
7.882
8.464
7.046
7.693
7.474
7.736
7.557
7.282
7.659
6.983
7.298
7.617
7.610
7.551
7.420
7.174
7.780
7.391
8.175
6.698
7.959
8.048
8.384
7.720
7.817
7.859
7.884
7.351
7.753
7.314
7.779
6.988
3.771
7.317
7.197
7.453
7.309
8.170
8.304
7.910
3.791
8.103
7.880
7.834
7.702
8.078
7.806
8.134
7.801
8.051
7.760
7.297
7.253
7.536
8.145
7.842
7.890
7.799
7.112
7.916
7.797
8.293
8.074
7.786
7.849
8.156
6.921
7.668
7.652
7.413
7.381
7.658
7.806
7.735
8.014
7.637
7.762
7.775
7.841
6.826
7.799
7.796
7.192
8.302
8.298
8.393
8.307
8.405
7.886
7.917
8.011
7.048
8.146
8.023
7.929
7.953
6.998
7.596
7.316
7.498
7.491
7.810
7.511
7.681
7.710
7.595
7.276
7.691
7.565
7.603
7.731
7.664
7.851
8.161
7.983
7.290
7.633
7.762
8.087
7.602
7.416
7.455
7.529
7.517
7.642
7.813
7.695
6.341
7.728
8.372
7.551
7.537
8.175
7.277
7.959
7.147
7.175
8.048
8.384
7.720
7.817
7.859
7.884
6.772
7.753
7.314
7.317
7.453
7.022
8.170
8.304
7.910
7.190
7.129
7.787
7.785
7.794
7.884
7.785
7.370
7.656
8.155
7.790
8.151
7.828
7.772
7.273
8.138
8.037
7.764
7.779
7.563
7.850
7.739
7.832
7.669
8.254
6.632
7.711
7.164
7.830
8.169
8.150
7.806
7.808
7.290
8.139
7.503
7.474
7.489
8.128
7.782
8.189
6.855
7.762
8.283
7.528
