3.261 -5.261 -9.454 -8.666 -8.665
-3.021 -8.097 -8.447 -8.449 -8.448
0.806 -6.155 -9.550 -9.831 -8.912
0.220 -6.199 -9.035 -9.095 -9.095
-0.963 -4.807 -9.739 -8.813 -8.205
1.519 -5.458 -9.248 -9.261 -9.261
-0.964 -7.268 -8.823 -8.937 -8.936
-1.250 -6.322 -8.220 -8.284 -8.284
0.308 -5.913 -11.500 -10.176 -10.166
-6.598 -7.208 -8.572 -8.424 -8.413
-1.739 -6.376 -7.913 -7.984 -7.108
28.128 22.452 -6.852 -8.195 -8.185
-3.185 -6.120 -9.591 -9.778 -9.780
22.549 1.150 -8.383 -9.555 -9.546
22.469 12.889 -5.914 -7.541 -7.530
1.075 -2.272 -7.642 -7.846 -7.846
28.144 26.564 -5.075 -5.626 -5.627
0.805 -2.946 -8.708 -7.227 -7.229
-3.196 -7.828 -8.951 -9.034 -7.582
22.779 17.363 -8.669 -9.112 -7.632
75.805 -4.054 -9.869 -9.945 -9.946
22.377 23.756 -5.778 -6.520 -6.522
40.454 33.478 -5.000 -5.949 -5.941
39.219 -2.679 -8.342 -8.553 -8.554
22.385 19.250 -6.524 -8.163 -8.154
11.800 9.087 -3.557 -4.198 -4.199
0.699 -4.048 -7.846 -8.022 -8.021
0.109 -6.432 -8.046 -8.098 -8.098
3.574 -0.090 -8.093 -8.315 -8.314
1.500 -3.773 -7.691 -7.908 -7.908
-2.954 -7.462 -9.377 -9.396 -8.437
-2.719 -9.701 -8.511 -8.528 -8.527
15.512 -3.912 -9.219 -9.398 -9.397
-0.730 -5.886 -7.675 -7.767 -7.765
-1.637 -6.470 -9.959 -10.008 -10.007
-1.101 -6.232 -8.780 -8.970 -7.500
64.231 -3.545 -11.271 -10.482 -8.477
-2.381 -8.582 -9.739 -9.850 -9.848
0.570 -4.028 -8.529 -8.715 -8.715
-3.401 -7.860 -8.683 -8.697 -8.697
33.948 5.983 -7.812 -8.002 -8.001
-1.726 -6.939 -7.824 -8.281 -7.841
35.247 26.448 -7.214 -7.875 -7.871
306.977 373.828 -5.736 -7.380 -7.374
23.512 12.651 -6.783 -7.437 -7.431
0.639 -4.846 -7.086 -7.258 -7.257
20.074 14.163 -7.776 -9.061 -7.541
4.909 -0.516 -8.314 -8.458 -8.457
22.470 13.853 -3.329 -4.366 -4.361
-0.039 -4.287 -6.568 -6.644 -6.643
-0.628 -3.810 -6.639 -6.703 -6.702
-2.922 -5.679 -7.956 -8.008 -8.007
9.738 -2.293 -8.255 -8.495 -8.494
4.543 1.118 -6.381 -6.668 -6.668
9.169 -2.235 -7.272 -7.530 -7.529
-0.291 -5.778 -7.606 -7.653 -7.652
-2.043 -6.714 -7.093 -7.121 -7.121
5.051 -1.943 -6.226 -6.316 -6.315
19.174 18.305 -7.366 -8.443 -8.441
-0.205 -4.713 -8.872 -7.832 -7.833
-0.357 -5.337 -6.668 -6.756 -6.754
0.984 -4.941 -7.135 -6.503 -6.499
-1.705 -7.269 -8.012 -7.310 -7.307
3.304 -3.484 -5.065 -5.075 -5.498
-2.236 -6.645 -7.803 -6.346 -6.345
-1.855 -5.799 -6.661 -6.687 -6.071
0.997 -4.738 -6.379 -6.437 -6.438
3.351 -1.283 -6.512 -6.889 -6.886
63.688 -1.091 -7.729 -6.925 -6.922
-0.846 -6.789 -8.032 -8.134 -8.135
-1.434 -5.396 -7.458 -6.814 -6.815
0.744 -7.336 -6.814 -6.551 -6.482
-1.261 -5.866 -7.894 -7.944 -7.943
60.315 4.024 -6.507 -6.678 -5.906
58.164 4.946 -8.721 -7.190 -7.352
0.202 -6.885 -6.538 -6.553 -6.553
43.592 16.329 -6.638 -7.135 -6.511
8.565 -2.264 -7.199 -6.401 -6.282
39.548 -5.647 -7.204 -7.262 -7.263
-1.576 -6.052 -7.064 -7.066 -6.392
40.411 14.630 -2.966 -3.413 -3.414
-0.900 -5.316 -6.572 -6.618 -5.863
-1.257 -5.779 -6.186 -6.196 -5.897
-3.435 -6.864 -7.218 -7.220 -7.219
30.509 28.397 -2.854 -3.338 -3.341
0.663 -4.859 -8.920 -7.654 -7.653
4.954 4.535 -3.817 -4.175 -4.183
5.432 -0.114 -4.449 -5.663 -5.650
2.080 -6.066 -8.236 -7.425 -7.423
-0.914 -4.041 -6.595 -6.737 -5.979
-0.712 -5.492 -6.826 -6.857 -6.226
43.464 5.920 -8.181 -6.667 -6.193
-3.129 -7.655 -8.125 -8.128 -8.127
224.435 8.498 -8.545 -8.948 -7.542
-1.383 -4.829 -5.652 -5.675 -6.030
4.590 -1.527 -4.476 -4.597 -4.499
3.033 -0.820 -4.990 -5.055 -5.316
-2.120 -5.392 -6.520 -6.585 -6.117
-3.318 -7.343 -7.454 -6.715 -5.462
4.928 1.340 -5.173 -5.311 -5.310
-1.191 -5.133 -6.010 -6.069 -5.716
0.061 -6.232 -6.347 -6.353 -5.892
6.438 -2.647 -5.801 -5.315 -5.312
4.909 -0.210 -4.782 -4.901 -4.900
49.245 -1.055 -5.374 -5.395 -5.394
14.122 12.076 -2.882 -3.306 -3.306
25.829 18.390 -4.051 -4.327 -4.326
56.848 13.391 -2.559 -3.283 -3.287
7.991 8.538 -2.540 -2.970 -2.971
-1.179 -5.028 -7.410 -6.689 -5.465
24.870 5.734 -4.242 -4.490 -4.489
3.017 -2.630 -5.003 -5.079 -4.814
23.047 -0.207 -5.232 -5.327 -5.327
-0.190 -5.571 -7.385 -6.108 -6.109
-3.314 -7.359 -7.462 -6.719 -5.472
63.420 -3.440 -5.550 -5.772 -5.255
-1.796 -6.424 -6.540 -5.919 -5.891
-1.756 -4.116 -6.130 -6.162 -5.779
0.708 -3.013 -5.479 -5.668 -5.595
99.445 16.639 -6.593 -5.776 -5.773
16.342 7.578 -3.983 -4.173 -4.174
26.364 2.195 -4.731 -4.098 -4.100
-1.865 -4.616 -5.088 -4.249 -4.250
3.274 -3.037 -3.423 -4.156 -3.908
13.632 0.475 -4.867 -4.985 -4.985
-3.092 -4.637 -5.081 -5.185 -4.609
-2.753 -5.977 -6.809 -5.588 -5.972
6.753 -0.125 -3.726 -3.779 -3.459
39.292 2.327 -4.156 -3.910 -3.975
8.959 1.077 -4.641 -4.300 -4.356
2.539 -1.799 -4.163 -4.417 -4.417
2.723 0.862 -1.328 -1.398 -1.398
-1.113 -5.994 -7.349 -6.713 -5.459
11.401 11.807 -2.158 -2.375 -2.376
-0.663 -3.519 -3.792 -3.923 -4.544
4.319 -2.883 -6.802 -6.583 -6.192
9.547 -0.771 -6.703 -6.446 -5.515
-2.684 -5.169 -5.114 -4.253 -4.252
14.416 9.688 -2.161 -2.087 -2.452
-1.806 -5.336 -6.432 -5.892 -5.889
-1.027 -3.676 -3.985 -4.675 -3.871
6.146 -2.556 -5.305 -5.551 -5.091
57.698 -5.115 -5.963 -5.967 -4.389
-0.239 -3.413 -4.311 -4.395 -4.397
-1.591 -4.494 -4.618 -3.910 -4.191
3.930 -1.386 -3.601 -3.601 -3.522
1.937 -2.260 -5.146 -5.034 -4.224
4.918 -0.097 -4.314 -4.392 -4.391
8.710 0.459 -4.381 -3.446 -3.356
1.172 -1.681 -4.671 -4.336 -4.337
1.004 -2.703 -5.435 -4.123 -4.124
7.294 -2.465 -4.158 -4.715 -4.483
0.360 -2.336 -4.051 -2.821 -2.826
0.276 -2.354 -4.387 -4.256 -4.254
-0.427 -3.266 -5.185 -4.027 -4.064
13.559 1.317 -2.293 -2.508 -2.506
7.214 -1.458 -3.270 -3.298 -3.298
-0.829 -4.036 -3.266 -2.830 -3.007
-1.540 -3.380 -3.374 -2.652 -2.652
0.848 -2.591 -3.220 -3.250 -3.250
5.579 2.286 -2.501 -2.611 -2.610
0.267 -1.183 -2.891 -2.452 -2.455
21.178 0.193 -2.913 -2.768 -2.767
0.251 -2.283 -3.216 -3.001 -2.483
1.121 -2.679 -4.140 -4.075 -4.071
9.961 4.814 -2.487 -2.944 -2.945
-0.937 -2.005 -3.288 -3.340 -3.070
0.836 -2.333 -3.528 -4.587 -4.585
0.408 -2.442 -3.252 -3.263 -3.262
4.183 -0.914 -3.695 -3.096 -2.903
7.983 5.025 -1.913 -2.438 -1.879
47.092 3.658 -2.794 -3.300 -3.298
1.065 -1.810 -3.836 -3.093 -2.837
0.145 -3.751 -4.838 -4.750 -4.749
10.717 0.417 -2.414 -2.581 -2.580
-0.336 -2.088 -3.247 -3.265 -3.265
0.663 -1.057 -1.468 -1.482 -1.372
1.170 -0.945 -1.252 -1.494 -1.637
-1.430 -2.049 -2.793 -2.544 -2.131
3.984 -0.119 -2.094 -1.567 -1.621
-0.469 -2.145 -2.490 -2.076 -2.076
2.145 -0.618 -1.848 -1.638 -1.637
13.988 5.027 -3.006 -2.974 -2.973
-0.264 -1.790 -1.843 -1.998 -1.998
0.130 -1.862 -3.161 -3.001 -2.510
50.060 1.502 -3.770 -2.971 -2.692
1.649 -0.649 -2.548 -2.396 -2.215
19.364 2.206 -1.337 -1.648 -1.299
-0.264 -1.360 -1.424 -1.429 -1.284
-0.269 -1.352 -1.424 -1.429 -1.285
-1.705 -7.269 -8.012 -7.310 -7.307
-3.314 -7.359 -7.462 -6.719 -5.472
4.319 -2.883 -6.802 -6.583 -6.192
-1.806 -5.336 -6.432 -5.892 -5.889
-2.791 -6.978 -7.415 -7.427 -7.426
-1.660 -4.948 -6.518 -6.508 -6.018
-6.237 -9.073 -9.263 -9.270 -9.269
1.469 -3.342 -6.809 -6.796 -6.007
-2.140 -6.636 -7.774 -7.774 -7.774
-0.137 -4.021 -5.533 -5.577 -5.399
-5.987 -9.476 -9.930 -9.931 -9.930
-1.609 -6.140 -5.801 -6.135 -6.031
6.977 -3.490 -4.636 -4.758 -5.335
-1.242 -5.224 -7.353 -6.485 -5.725
-4.710 -9.888 -8.918 -9.052 -7.609
-2.583 -7.372 -8.122 -8.168 -8.170
-4.723 -4.145 -6.789 -6.095 -6.094
-1.384 -4.119 -5.972 -5.201 -4.759
-2.021 -5.650 -6.613 -6.663 -6.111
-1.865 -4.616 -5.088 -4.249 -4.250
1.172 -1.681 -4.671 -4.336 -4.337
-2.724 -7.930 -10.546 -8.069 -8.070
-2.075 -5.720 -7.061 -6.034 -6.032
-3.297 -7.570 -6.353 -5.741 -5.740
-1.051 -4.476 -7.218 -6.572 -5.582
-3.361 -9.233 -8.381 -8.426 -8.427
0.751 -3.371 -3.122 -4.681 -4.675
-0.743 -5.255 -8.108 -6.434 -6.087
-1.038 -5.337 -7.691 -7.075 -7.074
-1.844 -5.619 -5.978 -5.987 -6.079
-3.367 -6.575 -7.206 -6.501 -5.484
-2.622 -5.828 -5.992 -5.988 -5.949
-1.773 -5.950 -7.370 -7.375 -6.175
-2.351 -6.637 -7.453 -6.707 -5.458
-0.216 -2.933 -5.703 -4.951 -4.948
-3.498 -6.630 -9.832 -9.999 -8.141
-0.974 -6.510 -7.210 -7.365 -6.245
-3.308 -9.230 -9.613 -7.493 -7.899
0.848 -2.591 -3.220 -3.250 -3.250
0.295 -4.954 -9.178 -9.258 -9.258
-5.131 -9.417 -10.661 -9.086 -7.640
-0.336 -2.088 -3.247 -3.265 -3.265
-1.540 -3.380 -3.374 -2.652 -2.652
7.214 -1.458 -3.270 -3.298 -3.298
-1.951 -6.022 -7.170 -6.064 -5.714
-3.182 -8.134 -9.356 -9.453 -9.451
-3.991 -9.409 -8.836 -8.841 -8.840
-0.222 -4.003 -4.489 -6.060 -6.045
-2.285 -6.009 -6.158 -6.167 -6.167
-0.427 -3.196 -3.636 -3.684 -3.678
-0.264 -1.790 -1.843 -1.998 -1.998
-2.951 -6.651 -7.569 -6.526 -6.047
1.869 -2.676 -5.912 -6.058 -5.438
12.891 6.731 -6.508 -5.245 -5.402
-4.217 -7.212 -6.653 -6.691 -5.455
-5.193 -7.585 -9.577 -8.077 -8.079
-1.373 -4.217 -4.525 -5.658 -4.448
-0.348 -2.697 -4.622 -4.600 -4.596
-0.264 -1.360 -1.424 -1.429 -1.284
2.145 -0.618 -1.848 -1.638 -1.637
19.364 2.206 -1.337 -1.648 -1.299
0.663 -1.057 -1.468 -1.482 -1.372
-1.807 -4.000 -5.086 -4.671 -4.460
-1.205 -4.284 -5.899 -4.855 -4.855
-2.672 -5.714 -6.321 -4.787 -4.734
-1.303 -3.678 -4.514 -4.628 -3.491
2.058 -0.240 -1.307 -1.800 -2.088
-0.977 -3.563 -4.300 -4.382 -3.827
-1.131 -2.307 -3.649 -3.698 -3.816
0.315 -2.758 -3.322 -2.922 -2.592
-1.653 -2.893 -3.258 -3.276 -3.276
-1.290 -1.331 -2.039 -2.060 -1.891
-0.286 -1.594 -2.534 -2.032 -2.031
-1.946 -4.070 -5.129 -5.131 -4.675
-1.842 -3.659 -3.045 -3.070 -3.071
-1.259 -4.336 -4.673 -4.846 -4.377
-0.863 -3.185 -4.564 -3.668 -3.800
-2.038 -4.394 -5.874 -4.704 -4.704
-0.892 -2.382 -2.647 -2.525 -2.116
-1.278 -2.857 -2.516 -1.961 -2.119
-3.652 -5.484 -4.445 -4.478 -4.478
-2.423 -5.295 -5.799 -4.926 -4.817
15.048 10.044 -3.732 -3.840 -3.838
32.594 2.153 -3.078 -3.591 -3.607
-0.433 -2.755 -4.365 -3.491 -3.042
-0.378 -2.837 -4.147 -3.168 -3.167
-0.992 -1.742 -2.079 -1.624 -1.624
-1.267 -2.991 -4.098 -3.020 -3.019
-1.650 -3.018 -4.266 -2.851 -2.905
-1.403 -1.266 -1.430 -1.428 -1.279
-1.049 -3.178 -3.296 -3.294 -3.293
-1.619 -3.341 -4.127 -3.196 -3.196
-0.312 -1.420 -1.768 -1.624 -1.293
-0.797 -3.272 -3.389 -3.174 -2.918
-0.107 -1.738 -2.530 -2.354 -2.146
-1.445 -4.191 -4.598 -4.682 -4.680
-0.437 -2.534 -2.382 -2.580 -2.578
0.980 -0.295 -0.297 -0.345 -0.391
-1.783 -4.456 -4.878 -4.740 -4.533
0.147 -2.261 -4.083 -2.809 -2.810
16.235 2.306 -3.228 -3.213 -3.025
-0.532 -1.533 -1.670 -1.675 -1.313
-1.049 -3.029 -3.290 -3.294 -3.294
-0.928 -3.140 -3.220 -3.289 -3.288
-1.101 -1.699 -2.012 -1.514 -1.513
-0.214 -1.544 -1.566 -1.613 -1.612
-1.705 -7.269 -8.012 -7.310 -7.307
-3.314 -7.359 -7.462 -6.719 -5.472
4.319 -2.883 -6.802 -6.583 -6.192
-1.183 -7.018 -9.018 -7.627 -7.626
-2.431 -5.818 -6.714 -5.850 -5.850
-2.151 -4.673 -4.760 -4.764 -4.765
-1.706 -4.650 -4.987 -5.015 -5.103
-2.699 -6.688 -5.879 -5.927 -5.927
-3.009 -6.080 -6.528 -6.525 -6.041
-1.431 -5.004 -5.304 -5.339 -5.739
-1.865 -4.616 -5.088 -4.249 -4.250
-1.205 -4.284 -5.899 -4.855 -4.855
0.779 -0.448 -5.064 -5.249 -5.248
-1.128 -6.121 -7.757 -7.774 -6.429
-2.979 -5.883 -7.088 -5.300 -5.628
-1.290 -4.384 -5.697 -4.473 -4.065
-1.933 -6.357 -6.592 -6.618 -6.619
-1.883 -6.252 -7.451 -7.473 -6.650
-2.600 -4.856 -5.818 -5.969 -5.016
5.233 -3.067 -4.912 -4.931 -5.053
-3.912 -8.115 -6.887 -7.200 -6.018
-0.201 -2.886 -3.885 -3.748 -3.859
-3.463 -7.065 -7.423 -6.716 -5.467
-0.278 -3.921 -5.822 -3.986 -4.555
-0.445 -2.865 -4.462 -4.535 -4.538
-5.276 -8.934 -9.129 -9.171 -9.171
-0.148 -4.464 -10.064 -8.603 -8.603
0.848 -2.591 -3.220 -3.250 -3.250
-6.213 -9.914 -10.046 -10.065 -10.066
-4.227 -7.372 -7.427 -6.706 -5.467
0.965 -3.316 -3.975 -4.120 -4.054
-0.671 -4.627 -11.759 -10.832 -8.596
0.315 -2.758 -3.322 -2.922 -2.592
-0.336 -2.088 -3.247 -3.265 -3.265
-1.540 -3.380 -3.374 -2.652 -2.652
-6.996 -10.656 -11.135 -7.116 -7.116
-0.315 -3.213 -5.990 -5.391 -4.486
21.473 12.289 -5.146 -5.474 -5.698
-3.070 -6.846 -6.015 -6.023 -6.023
-1.569 -6.217 -7.490 -7.545 -6.711
-1.999 -5.566 -5.837 -5.835 -5.532
-3.400 -7.199 -7.417 -6.713 -5.462
-2.288 -3.549 -4.702 -4.730 -4.728
-1.745 -6.057 -7.129 -7.135 -6.429
-0.264 -1.790 -1.843 -1.998 -1.998
1.730 -3.558 -5.432 -5.963 -5.502
-1.069 -6.719 -9.550 -6.929 -6.904
8.997 -2.783 -6.531 -6.532 -6.054
-0.789 -4.146 -5.155 -5.380 -5.375
-0.571 -3.630 -4.350 -4.335 -4.233
-0.905 -3.668 -4.111 -4.325 -4.325
-0.532 -1.533 -1.670 -1.675 -1.313
-0.264 -1.360 -1.424 -1.429 -1.284
-2.580 -8.194 -8.289 -8.333 -8.334
-2.161 -7.171 -6.964 -6.800 -6.798
2.145 -0.618 -1.848 -1.638 -1.637
19.364 2.206 -1.337 -1.648 -1.299
-3.130 -7.693 -8.001 -7.998 -7.116
0.663 -1.057 -1.468 -1.482 -1.372
-3.802 -9.930 -9.454 -8.961 -8.524
-2.326 -7.218 -7.759 -7.760 -7.758
-5.300 -10.437 -10.828 -10.816 -8.734
-1.000 -4.457 -6.001 -5.365 -5.365
-1.775 -4.555 -5.492 -4.439 -4.030
-2.339 -5.627 -5.692 -5.296 -5.288
-2.124 -3.165 -3.371 -3.341 -3.341
-0.676 -2.423 -1.751 -2.224 -2.222
-0.989 -2.399 -2.738 -1.859 -1.860
-2.619 -3.816 -3.546 -3.176 -3.172
-1.946 -3.858 -3.327 -3.293 -3.131
-0.236 -2.711 -2.867 -2.906 -2.682
-1.047 -3.316 -3.768 -2.721 -2.720
-0.963 -2.875 -3.280 -3.294 -3.294
-0.968 -3.182 -3.291 -3.295 -3.297
-0.540 -2.731 -2.903 -3.790 -3.786
-1.444 -3.491 -4.134 -3.213 -3.215
-0.638 -1.383 -1.568 -1.583 -1.806
-0.604 -3.049 -3.980 -3.509 -3.051
-0.093 -2.487 -4.277 -3.379 -3.052
-0.304 -1.689 -2.232 -2.337 -2.336
-1.492 -3.944 -4.215 -3.911 -3.862
-0.772 -3.193 -4.386 -3.900 -3.301
-2.199 -4.565 -5.783 -4.031 -4.544
-0.672 -2.502 -2.655 -2.574 -2.571
-1.277 -1.572 -2.610 -1.976 -2.172
-0.874 -1.768 -2.003 -1.632 -1.629
-1.276 -1.993 -2.100 -2.068 -2.066
-0.270 -1.235 -1.615 -1.368 -1.365
-0.772 -2.700 -3.771 -3.007 -2.825
-0.835 -2.228 -2.637 -2.394 -2.145
-0.427 -2.840 -3.621 -3.058 -3.056
-0.583 -1.644 -1.675 -1.361 -1.416
-0.404 -1.346 -1.939 -1.536 -1.439
-1.189 -3.427 -3.910 -2.941 -2.939
-0.618 -1.296 -1.216 -1.453 -1.376
0.051 -1.873 -3.896 -3.479 -3.085
0.221 -3.910 -3.908 -4.377 -4.328
-0.274 -2.106 -2.369 -2.186 -2.186
-1.561 -2.415 -2.436 -2.451 -2.288
-0.340 -1.450 -1.919 -1.646 -1.445
-0.574 -1.260 -1.402 -1.420 -1.319
-1.192 -2.855 -3.271 -3.060 -2.835
-1.866 -4.075 -3.530 -3.529 -3.134
-1.075 -2.016 -2.110 -1.637 -1.636
-1.705 -7.269 -8.012 -7.310 -7.307
-1.999 -5.566 -5.837 -5.835 -5.532
-1.865 -4.616 -5.088 -4.249 -4.250
-0.966 -3.984 -4.251 -4.413 -4.171
-1.641 -4.267 -4.572 -4.583 -4.582
-1.113 -4.347 -4.561 -5.075 -5.079
-2.040 -6.100 -6.924 -6.953 -6.094
0.848 -2.591 -3.220 -3.250 -3.250
-2.008 -4.303 -5.371 -4.220 -4.018
-3.266 -8.291 -9.293 -7.687 -7.684
0.315 -2.758 -3.322 -2.922 -2.592
-0.427 -2.840 -3.621 -3.058 -3.056
-1.796 -5.314 -6.601 -4.617 -5.104
-0.817 -3.197 -3.508 -3.512 -3.324
1.464 -1.265 -3.357 -3.430 -3.611
-0.117 -2.912 -4.476 -3.889 -3.515
-0.863 -2.769 -2.983 -3.013 -3.013
-0.434 -2.473 -3.158 -3.201 -3.199
0.931 -0.588 -1.533 -1.291 -1.288
-2.139 -4.104 -4.972 -4.550 -4.551
0.115 -2.236 -3.902 -3.514 -3.558
0.303 -2.011 -4.267 -3.308 -2.948
-1.253 -3.503 -4.265 -3.331 -2.972
-1.537 -3.085 -3.242 -3.103 -3.198
-0.847 -3.128 -3.288 -3.295 -3.293
-1.383 -3.857 -5.803 -5.124 -5.126
-0.953 -3.054 -3.345 -3.022 -2.825
-2.047 -6.854 -6.370 -6.733 -6.274
14.303 8.974 -4.090 -2.201 -2.779
-2.977 -5.672 -6.245 -4.738 -4.690
-0.702 -3.521 -3.237 -3.352 -3.289
0.218 -2.550 -4.000 -3.678 -3.537
18.078 10.812 -2.934 -3.343 -3.345
-0.765 -3.139 -3.846 -3.110 -3.106
-0.684 -2.659 -4.088 -3.187 -3.187
-1.277 -1.572 -2.610 -1.976 -2.172
-0.835 -2.228 -2.637 -2.394 -2.145
3.710 -0.050 -7.863 -8.015 -6.509
-3.583 -9.670 -9.872 -9.881 -9.880
-1.104 -3.574 -5.225 -4.362 -4.383
-1.933 -4.055 -5.145 -4.807 -4.803
-2.070 -5.007 -4.900 -4.924 -4.924
-2.067 -3.611 -2.960 -2.977 -2.977
-0.491 -2.406 -3.308 -3.135 -3.132
-3.573 -5.910 -5.525 -5.787 -5.133
-1.641 -3.418 -3.527 -4.239 -3.348
-1.870 -3.062 -3.036 -3.067 -3.066
-1.126 -2.941 -3.259 -3.088 -2.853
-1.140 -3.032 -2.646 -2.649 -2.634
-2.167 -6.565 -10.258 -8.766 -8.586
-0.008 -3.531 -4.365 -3.929 -3.928
25.067 24.159 -1.140 -1.735 -1.737
49.925 -4.507 -7.753 -7.786 -6.772
-0.532 -1.533 -1.670 -1.675 -1.313
-0.264 -1.360 -1.424 -1.429 -1.284
-0.874 -1.768 -2.003 -1.632 -1.629
19.364 2.206 -1.337 -1.648 -1.299
-0.270 -1.235 -1.615 -1.368 -1.365
-1.096 -2.270 -3.309 -3.070 -3.230
0.663 -1.057 -1.468 -1.482 -1.372
-0.340 -1.450 -1.919 -1.646 -1.445
-2.603 -4.134 -3.469 -3.151 -3.146
-1.801 -5.359 -5.553 -5.456 -5.454
-1.071 -3.388 -3.269 -3.275 -3.274
-0.817 -2.168 -2.640 -2.539 -2.331
-0.508 -1.928 -2.761 -2.431 -2.129
-0.317 -2.110 -2.373 -2.572 -2.569
-0.802 -2.411 -2.334 -2.012 -2.011
-1.248 -1.986 -2.477 -2.028 -2.154
-1.430 -2.933 -2.589 -2.318 -2.315
-0.106 -1.714 -2.632 -2.313 -2.312
-0.092 -1.555 -2.432 -2.147 -1.973
-0.130 -1.615 -2.556 -1.925 -2.006
-0.937 -2.787 -2.577 -2.140 -2.137
-0.729 -2.542 -2.316 -2.327 -2.326
-0.375 -1.656 -2.673 -2.047 -1.885
-0.672 -2.119 -2.646 -2.089 -2.088
-1.430 -2.987 -2.532 -2.456 -2.452
-1.278 -2.066 -2.630 -2.346 -2.344
-0.980 -2.049 -2.294 -2.307 -2.235
-0.598 -2.288 -2.363 -2.233 -2.244
-0.374 -1.370 -1.427 -1.429 -1.281
-0.380 -1.263 -1.674 -1.674 -1.310
-0.590 -1.379 -1.424 -1.429 -1.279
-0.382 -1.338 -1.627 -1.521 -1.294
-0.729 -1.604 -1.956 -1.626 -1.294
-0.115 -1.639 -2.408 -2.577 -2.578
-0.910 -3.200 -3.250 -2.863 -2.959
-1.090 -1.945 -1.826 -1.367 -1.368
-1.092 -1.817 -1.940 -1.597 -1.595
0.232 -1.132 -1.817 -1.504 -1.693
-0.263 -1.597 -1.838 -1.677 -1.311
-1.343 -2.140 -2.443 -1.907 -1.959
-1.383 -2.925 -2.524 -2.460 -2.296
-0.241 -2.322 -2.415 -2.391 -2.189
-0.049 -1.365 -1.903 -1.719 -1.449
-0.032 -1.142 -1.102 -0.993 -0.665
-1.059 -1.846 -1.939 -1.604 -1.602
-0.380 -1.888 -2.268 -2.308 -2.236
-0.979 -2.268 -2.638 -2.340 -2.338
-0.621 -1.684 -2.311 -2.039 -1.869
-0.888 -1.963 -1.882 -1.632 -1.631
-0.261 -1.055 -1.639 -1.650 -1.294
-0.396 -1.505 -1.933 -1.645 -1.292
-2.040 -6.100 -6.924 -6.953 -6.094
-1.865 -4.616 -5.088 -4.249 -4.250
0.848 -2.591 -3.220 -3.250 -3.250
0.315 -2.758 -3.322 -2.922 -2.592
-0.427 -2.840 -3.621 -3.058 -3.056
-0.436 -3.202 -5.643 -4.654 -3.947
-3.706 -8.048 -8.126 -8.132 -8.131
-3.730 -6.932 -7.438 -6.713 -5.469
-2.306 -5.123 -4.764 -4.515 -4.511
-1.493 -3.152 -4.430 -3.633 -3.625
-2.338 -4.054 -3.526 -3.554 -3.553
-2.928 -4.200 -4.688 -4.127 -4.069
-1.583 -3.255 -3.087 -3.118 -3.118
-1.208 -2.289 -4.643 -3.286 -3.563
-1.836 -3.840 -4.528 -3.450 -3.495
-1.646 -2.721 -3.341 -2.800 -2.796
-0.961 -2.348 -3.236 -2.870 -2.870
-1.523 -3.532 -4.137 -3.210 -3.212
-1.570 -2.889 -3.492 -3.144 -3.140
78.594 4.392 -3.145 -2.858 -2.542
-1.262 -3.308 -3.249 -3.390 -3.030
-2.022 -3.785 -3.358 -3.026 -3.022
-1.518 -5.898 -6.598 -6.632 -6.316
-4.225 -7.315 -7.393 -6.664 -5.471
-0.697 -4.897 -5.604 -4.187 -4.169
-1.277 -1.572 -2.610 -1.976 -2.172
-0.508 -1.928 -2.761 -2.431 -2.129
-2.339 -4.152 -3.979 -2.471 -2.508
-2.078 -6.572 -7.266 -7.269 -6.636
-1.470 -5.303 -6.722 -6.761 -6.223
0.735 -6.097 -9.249 -9.251 -8.062
-2.547 -4.294 -4.674 -4.744 -4.532
3.139 -2.530 -8.036 -8.456 -8.454
-1.461 -4.983 -5.929 -5.427 -5.190
-1.082 -4.860 -6.681 -6.702 -6.272
-4.328 -7.273 -7.386 -7.400 -5.264
4.160 -0.570 -3.904 -3.950 -3.811
-0.771 -3.847 -4.710 -4.501 -4.503
-0.463 -2.611 -3.631 -3.141 -3.138
0.212 -3.097 -4.739 -4.543 -4.216
-1.600 -4.087 -4.310 -4.593 -4.032
-0.794 -2.975 -3.076 -2.883 -2.881
-1.040 -3.151 -3.282 -3.295 -3.295
-1.560 -5.199 -4.972 -4.982 -4.678
-1.047 -5.132 -6.986 -6.341 -6.337
0.597 -0.614 -0.760 -0.688 -0.687
-2.395 -8.730 -8.935 -9.083 -9.083
-0.879 -1.847 -3.602 -2.971 -2.969
-1.907 -3.274 -4.687 -4.123 -4.068
-1.398 -4.151 -4.672 -4.126 -4.069
-0.380 -1.263 -1.674 -1.674 -1.310
157.742 18.181 -9.847 -8.081 -8.082
-2.249 -5.181 -7.458 -6.710 -5.466
-0.396 -1.505 -1.933 -1.645 -1.292
-0.374 -1.370 -1.427 -1.429 -1.281
-0.874 -1.768 -2.003 -1.632 -1.629
-1.092 -1.817 -1.940 -1.597 -1.595
-0.270 -1.235 -1.615 -1.368 -1.365
-0.382 -1.338 -1.627 -1.521 -1.294
0.663 -1.057 -1.468 -1.482 -1.372
-1.417 -2.392 -2.332 -2.341 -2.340
-0.737 -2.035 -1.996 -2.001 -2.001
-1.393 -2.671 -2.646 -2.370 -2.366
-1.041 -2.079 -2.315 -2.305 -2.234
-0.843 -1.935 -2.408 -2.573 -2.572
-1.072 -2.539 -2.568 -2.314 -2.313
-0.335 -1.546 -2.004 -1.763 -1.518
-0.925 -1.793 -2.017 -2.080 -1.967
0.252 -0.775 -2.135 -2.487 -1.682
-0.521 -2.061 -2.157 -2.293 -2.160
-0.149 -2.152 -2.593 -1.955 -1.888
-1.243 -2.087 -2.150 -2.374 -2.197
1.150 -1.376 -2.206 -1.563 -1.597
-0.942 -2.600 -2.358 -2.138 -2.138
0.679 -0.202 -0.209 -0.207 -0.246
-0.893 -1.926 -1.715 -1.362 -1.365
-0.510 -1.432 -1.765 -0.988 -1.397
-1.017 -1.343 -1.429 -1.428 -1.272
-0.298 -1.227 -1.931 -1.477 -1.393
-1.309 -1.788 -2.070 -1.627 -1.626
-0.787 -1.618 -2.200 -2.581 -2.579
-0.306 -1.350 -1.903 -1.674 -1.313
-1.135 -1.965 -1.995 -1.363 -1.364
-0.833 -1.228 -1.425 -1.427 -1.282
-0.795 -1.999 -2.290 -2.325 -2.320
-1.309 -2.102 -1.628 -1.638 -1.638
-1.095 -1.937 -2.064 -1.623 -1.622
-0.578 -1.360 -1.427 -1.429 -1.285
-1.050 -1.374 -1.429 -1.429 -1.283
-1.041 -1.421 -1.385 -1.541 -1.330
-1.169 -1.887 -2.068 -1.607 -1.606
-1.090 -1.957 -1.657 -1.625 -1.625
-1.334 -2.067 -2.142 -2.145 -2.145
-1.088 -1.975 -1.936 -1.474 -1.376
-1.058 -2.434 -2.368 -2.374 -2.374
-1.135 -1.862 -1.798 -1.375 -1.377
-0.231 -1.544 -1.916 -1.654 -1.445
-1.392 -2.517 -2.636 -2.319 -2.316
-0.989 -2.615 -2.359 -2.186 -2.137
-0.532 -1.467 -1.320 -1.636 -1.287
-0.582 -2.229 -2.453 -2.026 -2.234
-0.426 -0.999 -1.531 -1.633 -1.424
-0.864 -1.852 -1.898 -1.575 -1.573
-0.470 -2.289 -2.697 -2.108 -2.111
-0.561 -1.031 -0.982 -0.831 -0.675
1.010 -1.653 -1.842 -1.585 -1.585
-1.865 -4.616 -5.088 -4.249 -4.250
-2.339 -4.152 -3.979 -2.471 -2.508
0.848 -2.591 -3.220 -3.250 -3.250
-1.064 -3.408 -3.952 -3.935 -3.934
-2.132 -4.631 -4.334 -4.331 -4.330
-0.645 -3.442 -4.092 -3.760 -3.791
-0.412 -2.243 -3.747 -3.233 -2.943
-1.516 -2.708 -3.298 -2.813 -2.809
-1.523 -3.344 -2.775 -2.956 -2.959
-1.054 -2.057 -3.253 -3.296 -3.296
-2.782 -6.168 -6.516 -6.518 -6.035
-1.236 -2.404 -2.883 -2.875 -2.663
-1.980 -4.013 -3.469 -3.054 -3.051
3.215 -2.606 -2.645 -2.671 -2.842
-2.513 -4.170 -4.143 -3.172 -3.171
-1.520 -3.108 -4.115 -3.197 -3.197
-2.214 -4.001 -3.427 -2.768 -2.906
-0.663 -2.234 -3.384 -3.132 -3.132
-2.185 -2.537 -3.504 -3.140 -3.135
-0.605 -3.136 -3.496 -2.860 -2.859
-1.176 -1.901 -3.158 -3.235 -3.008
-1.394 -3.251 -3.937 -3.245 -2.974
-0.801 -1.973 -2.206 -2.440 -2.224
-0.563 -2.317 -2.400 -2.169 -2.177
-1.176 -2.445 -2.675 -2.556 -2.557
-0.805 -2.154 -2.600 -2.320 -2.319
-1.770 -5.105 -5.178 -5.191 -5.037
-1.331 -3.346 -3.731 -3.739 -3.881
-1.277 -1.572 -2.610 -1.976 -2.172
-0.508 -1.928 -2.761 -2.431 -2.129
-1.789 -4.501 -6.170 -6.192 -6.192
-0.259 -1.896 -2.669 -2.080 -2.236
-1.409 -4.791 -6.010 -6.650 -6.646
-1.797 -6.165 -6.305 -6.366 -6.365
0.457 -7.119 -11.627 -9.722 -9.722
1.936 -6.384 -6.903 -6.897 -6.896
1.814 -3.396 -5.929 -6.949 -6.944
-0.950 -3.555 -3.933 -3.409 -3.228
-2.922 -6.607 -6.938 -6.611 -6.586
-1.531 -3.191 -3.581 -3.421 -3.099
-1.886 -3.427 -3.523 -2.915 -2.949
-0.493 -4.000 -5.646 -3.882 -4.500
-2.455 -4.060 -3.579 -3.177 -3.173
-0.977 -2.578 -3.336 -2.976 -2.973
-0.442 -3.071 -3.153 -3.186 -3.184
-3.450 -6.442 -7.435 -6.712 -5.459
-2.648 -5.140 -5.916 -4.604 -4.857
-1.423 -3.824 -5.320 -4.217 -4.217
-1.077 -2.524 -2.386 -2.574 -2.571
103.359 -6.758 -8.042 -8.044 -8.042
-3.116 -7.597 -7.782 -7.786 -6.904
-0.380 -1.263 -1.674 -1.674 -1.310
-6.409 -10.343 -11.637 -8.746 -8.747
-0.396 -1.505 -1.933 -1.645 -1.292
-0.374 -1.370 -1.427 -1.429 -1.281
-0.874 -1.768 -2.003 -1.632 -1.629
-1.169 -1.887 -2.068 -1.607 -1.606
-1.092 -1.817 -1.940 -1.597 -1.595
-0.382 -1.338 -1.627 -1.521 -1.294
0.663 -1.057 -1.468 -1.482 -1.372
-1.309 -1.788 -2.070 -1.627 -1.626
-0.335 -1.546 -2.004 -1.763 -1.518
-3.403 -7.875 -6.867 -7.312 -7.308
-0.978 -5.362 -7.085 -5.645 -5.646
2.532 -1.844 -2.781 -1.955 -1.870
-0.458 -2.235 -2.638 -2.021 -2.018
-0.410 -2.151 -2.414 -2.219 -2.240
-0.143 -1.856 -2.528 -1.965 -1.963
-0.841 -2.689 -2.475 -2.456 -2.451
-1.492 -2.555 -2.385 -2.573 -2.574
-0.935 -2.326 -3.006 -1.965 -2.204
-1.277 -2.442 -2.604 -1.950 -2.184
-0.925 -2.436 -2.359 -2.370 -2.236
1.614 -1.082 -1.874 -1.369 -1.369
-0.860 -1.899 -2.035 -1.542 -1.541
-0.488 -1.333 -1.424 -1.424 -1.281
-0.357 -1.496 -1.652 -1.672 -1.281
-0.293 -1.362 -1.820 -1.671 -1.308
-0.838 -1.448 -1.667 -1.630 -1.625
-0.344 -1.039 -1.910 -1.676 -1.312
-1.312 -1.211 -1.429 -1.429 -1.282
-0.516 -1.538 -1.933 -1.520 -1.415
-0.962 -1.638 -1.668 -1.633 -1.632
-1.162 -1.762 -1.891 -1.370 -1.369
-0.331 -1.283 -1.899 -1.674 -1.309
-0.331 -1.464 -1.916 -1.670 -1.315
-0.558 -1.387 -1.423 -1.430 -1.284
-0.718 -2.465 -2.807 -2.386 -2.367
-0.680 -2.203 -2.329 -2.333 -2.262
-0.561 -1.692 -2.345 -2.325 -2.322
-0.232 -1.110 -2.006 -1.515 -1.516
3.963 -0.412 -2.046 -1.626 -1.625
-0.032 -0.960 -1.952 -1.547 -1.516
-0.078 -0.586 -0.514 -0.401 -0.330
-0.326 -0.808 -0.931 -0.944 -0.722
-1.128 -1.913 -1.825 -1.640 -1.639
-1.029 -2.060 -2.076 -1.628 -1.627
-0.401 -1.369 -1.387 -1.388 -1.302
-1.079 -1.365 -1.427 -1.430 -1.282
-0.572 -1.362 -1.425 -1.428 -1.272
-0.503 -1.286 -1.762 -0.984 -1.396
-1.061 -1.768 -1.961 -1.365 -1.365
-0.232 -1.170 -1.624 -1.639 -1.272
-1.131 -1.885 -2.110 -1.728 -1.472
-1.084 -1.780 -2.039 -1.621 -1.619
-0.563 -1.177 -1.423 -1.429 -1.286
-0.423 -1.594 -1.960 -1.567 -1.349
-0.858 -1.799 -1.997 -1.762 -1.516
0.474 -0.108 -0.489 0.114 -0.122
-0.317 -1.523 -1.682 -1.674 -1.310
-0.144 -0.697 -0.928 -0.924 -0.710
-1.865 -4.616 -5.088 -4.249 -4.250
-2.339 -4.152 -3.979 -2.471 -2.508
-0.761 -2.717 -2.880 -2.895 -2.897
-2.114 -4.595 -5.316 -5.337 -5.336
-1.034 -3.515 -4.633 -3.510 -3.809
-1.062 -2.512 -3.342 -2.854 -2.852
-1.659 -3.884 -3.595 -3.124 -3.122
-1.308 -2.574 -3.332 -3.105 -3.198
0.506 -3.111 -3.809 -3.252 -3.251
-1.972 -3.782 -4.278 -3.175 -3.173
-1.313 -3.467 -3.054 -3.097 -3.095
-1.560 -4.272 -4.506 -4.002 -3.860
2.532 -1.844 -2.781 -1.955 -1.870
-0.259 -1.896 -2.669 -2.080 -2.236
-0.925 -2.436 -2.359 -2.370 -2.236
-2.541 -4.123 -4.268 -3.175 -3.173
-1.313 -3.320 -3.604 -3.095 -3.093
-2.090 -4.106 -3.428 -3.153 -3.149
-0.111 -2.265 -2.622 -2.397 -2.543
-0.634 -2.035 -2.657 -2.121 -1.932
-1.486 -2.503 -2.666 -2.302 -2.304
-0.234 -1.572 -2.697 -2.398 -2.091
-0.227 -1.728 -2.386 -2.253 -2.063
-1.175 -2.264 -2.357 -2.306 -2.233
-0.874 -2.646 -2.496 -2.364 -2.364
-1.294 -2.635 -2.777 -2.071 -2.068
-0.364 -1.753 -2.371 -2.573 -2.570
1.438 -0.694 -2.442 -1.800 -1.893
-0.926 -2.493 -2.565 -2.313 -2.312
-4.348 -6.865 -7.412 -6.703 -5.448
-2.769 -3.995 -4.643 -3.578 -3.574
-2.010 -6.602 -8.278 -8.282 -8.281
-0.044 -4.174 -5.020 -5.539 -5.723
-2.540 -8.555 -9.233 -9.259 -9.258
2.505 -7.035 -9.201 -9.695 -9.694
-1.160 -3.818 -4.135 -3.294 -3.291
-2.023 -3.808 -3.726 -3.777 -3.551
-0.880 -2.508 -2.920 -2.853 -2.904
34.752 3.038 -4.008 -3.179 -2.765
-1.658 -2.780 -2.423 -2.287 -2.166
-1.131 -2.615 -2.661 -2.572 -2.572
-0.892 -3.152 -3.575 -3.628 -3.595
-1.828 -1.994 -2.320 -2.947 -2.847
-0.411 -1.447 -2.116 -2.116 -1.956
-3.036 -6.792 -6.903 -6.948 -6.096
-1.185 -2.480 -2.392 -2.144 -2.191
-0.593 -3.178 -4.440 -3.560 -3.559
-2.035 -3.779 -4.002 -3.011 -3.005
-0.962 -1.612 -2.584 -2.343 -2.340
-0.380 -1.263 -1.674 -1.674 -1.310
-1.614 -2.538 -2.643 -1.979 -1.977
-0.396 -1.505 -1.933 -1.645 -1.292
-1.625 -2.803 -2.922 -2.156 -1.992
-1.312 -1.211 -1.429 -1.429 -1.282
-0.874 -1.768 -2.003 -1.632 -1.629
-1.169 -1.887 -2.068 -1.607 -1.606
-1.092 -1.817 -1.940 -1.597 -1.595
-0.232 -1.170 -1.624 -1.639 -1.272
-0.382 -1.338 -1.627 -1.521 -1.294
0.663 -1.057 -1.468 -1.482 -1.372
-0.144 -0.697 -0.928 -0.924 -0.710
0.487 -4.638 -7.080 -7.220 -6.421
-0.961 -2.356 -2.828 -2.511 -2.163
-0.712 -2.488 -2.351 -2.231 -2.230
-0.776 -1.191 -1.428 -1.428 -1.282
-0.789 -1.125 -1.418 -1.422 -1.312
-0.681 -1.881 -1.911 -1.524 -1.523
-0.485 -1.413 -1.427 -1.428 -1.279
-1.175 -2.042 -2.128 -1.636 -1.635
-0.401 -1.384 -2.537 -2.048 -2.045
-0.963 -1.204 -1.802 -1.637 -1.636
0.182 -0.538 -1.925 -1.620 -1.622
-0.559 -1.596 -1.758 -1.506 -1.436
-0.747 -1.849 -2.000 -1.450 -1.449
-0.870 -1.883 -1.502 -1.713 -1.184
-1.046 -2.083 -1.594 -1.626 -1.628
-0.141 -1.502 -1.772 -1.634 -1.632
-0.450 -1.391 -2.063 -1.624 -1.623
-0.236 -1.348 -1.424 -1.428 -1.285
-0.564 -1.233 -1.389 -1.390 -1.262
-1.065 -1.946 -1.938 -1.636 -1.638
-0.275 -1.674 -1.889 -1.674 -1.460
-0.352 -1.444 -1.857 -1.572 -1.489
-0.321 -1.146 -1.425 -1.429 -1.278
-0.351 -1.445 -1.891 -1.650 -1.300
-0.456 -1.490 -1.916 -1.552 -1.462
-1.034 -1.986 -1.906 -1.624 -1.623
-0.254 -1.577 -1.648 -1.653 -1.443
-0.274 -1.392 -2.058 -1.623 -1.621
-0.451 -1.306 -1.876 -1.630 -1.505
-0.895 -1.041 -1.914 -1.649 -1.337
-0.670 -1.811 -2.064 -1.625 -1.625
-0.274 -1.550 -1.720 -1.678 -1.316
-0.511 -1.302 -1.885 -1.346 -1.104
-1.170 -2.468 -2.720 -2.548 -2.322
-0.069 -1.549 -1.885 -1.367 -1.366
-0.178 -1.233 -1.639 -1.296 -1.433
-1.182 -2.069 -1.874 -1.601 -1.600
-0.370 -1.377 -1.503 -1.676 -1.462
-0.466 -1.796 -1.907 -1.600 -1.424
0.001 -1.379 -2.074 -1.625 -1.623
-0.179 -0.775 -0.711 -0.928 -0.710
-1.143 -1.995 -1.885 -1.618 -1.621
-0.398 -1.315 -1.328 -1.723 -1.460
-0.694 -1.563 -1.652 -1.416 -1.416
-0.166 -0.704 -0.676 -0.726 -0.690
-2.339 -4.152 -3.979 -2.471 -2.508
2.532 -1.844 -2.781 -1.955 -1.870
-0.259 -1.896 -2.669 -2.080 -2.236
-1.901 -4.452 -5.449 -4.879 -4.877
-0.496 -3.152 -3.684 -3.938 -3.937
1.516 -2.402 -2.735 -2.742 -2.740
-1.773 -3.487 -3.092 -3.097 -3.096
-1.526 -3.616 -4.135 -3.213 -3.215
-1.112 -3.660 -4.103 -3.297 -3.295
-0.835 -2.664 -2.938 -2.379 -2.374
-1.160 -2.473 -2.271 -2.331 -2.328
-1.069 -1.905 -2.629 -2.020 -2.212
-2.253 -3.319 -4.316 -3.422 -3.421
-1.654 -3.245 -2.903 -2.976 -2.974
-0.218 -1.493 -2.790 -2.499 -2.160
-0.415 -2.347 -2.385 -2.090 -2.088
0.042 -1.602 -2.624 -2.104 -2.101
-1.477 -4.923 -6.805 -6.023 -5.966
-1.485 -2.493 -2.203 -2.217 -2.216
-0.939 -2.628 -2.664 -2.578 -2.575
-1.255 -2.553 -2.951 -2.343 -2.181
-1.184 -2.848 -2.649 -2.452 -2.449
-0.510 -1.413 -2.293 -2.037 -1.883
-0.285 -1.721 -1.954 -1.319 -1.319
-1.959 -5.463 -6.799 -6.854 -6.401
-0.493 -1.338 -1.423 -1.429 -1.283
-0.476 -1.702 -2.061 -1.677 -1.311
-0.459 -1.653 -2.061 -1.605 -1.604
-2.420 -8.774 -9.967 -10.017 -10.016
3.050 -3.621 -6.779 -7.224 -7.224
-3.252 -8.923 -11.163 -8.568 -8.563
-1.590 -3.185 -2.652 -2.661 -2.801
-1.953 -3.661 -3.094 -3.097 -3.097
-1.324 -1.301 -2.280 -2.041 -1.859
-0.111 -1.595 -2.298 -2.039 -1.866
-1.515 -3.235 -3.806 -3.708 -3.706
-2.631 -3.829 -4.271 -3.176 -3.174
-1.500 -2.802 -2.313 -2.050 -2.204
-1.127 -2.273 -2.676 -2.103 -1.934
-3.194 -5.566 -6.302 -4.762 -4.713
-0.214 -1.825 -2.072 -2.097 -2.134
-0.581 -1.950 -2.376 -2.318 -2.139
-1.286 -2.366 -2.233 -2.294 -2.293
-0.321 -1.608 -2.576 -2.336 -2.040
-0.615 -1.747 -1.788 -1.592 -1.590
2.156 -1.693 -8.658 -9.700 -9.698
4.030 -1.936 -8.242 -9.356 -8.279
-0.561 -6.890 -8.089 -8.129 -8.129
-0.380 -1.263 -1.674 -1.674 -1.310
-0.396 -1.505 -1.933 -1.645 -1.292
0.182 -0.538 -1.925 -1.620 -1.622
-1.312 -1.211 -1.429 -1.429 -1.282
-0.874 -1.768 -2.003 -1.632 -1.629
5.434 0.839 -9.463 -9.644 -9.641
20.262 -1.271 -9.134 -7.730 -7.726
-1.169 -1.887 -2.068 -1.607 -1.606
-1.092 -1.817 -1.940 -1.597 -1.595
-0.511 -1.302 -1.885 -1.346 -1.104
-0.254 -1.577 -1.648 -1.653 -1.443
-0.232 -1.170 -1.624 -1.639 -1.272
-0.382 -1.338 -1.627 -1.521 -1.294
-0.144 -0.697 -0.928 -0.924 -0.710
-1.989 -6.958 -8.855 -9.109 -9.106
-0.674 -1.735 -2.371 -2.573 -2.569
-0.305 -1.473 -1.706 -1.607 -1.454
-0.661 -1.374 -1.794 -1.722 -1.456
-1.063 -1.245 -1.722 -1.634 -1.632
-1.147 -1.870 -1.833 -1.640 -1.638
-0.826 -1.878 -2.075 -1.625 -1.624
0.433 -0.438 -1.638 -1.740 -1.442
-0.634 -1.113 -1.370 -1.392 -1.192
-0.321 -1.730 -1.866 -1.598 -1.283
-0.511 -1.316 -1.826 -1.623 -1.440
-0.391 -1.635 -1.922 -1.595 -1.419
-0.424 -1.284 -1.633 -1.633 -1.405
-0.703 -1.565 -1.507 -1.492 -1.485
-0.260 -1.416 -1.892 -1.674 -1.313
-1.331 -1.810 -1.823 -1.628 -1.626
-1.205 -2.111 -1.635 -1.637 -1.638
-0.391 -1.689 -1.899 -1.673 -1.314
-0.577 -1.358 -1.385 -1.392 -1.216
-1.172 -2.074 -1.910 -1.627 -1.627
-0.314 -1.607 -1.979 -1.339 -1.273
-0.484 -1.339 -1.428 -1.428 -1.281
-1.244 -1.905 -1.833 -1.640 -1.638
-0.297 -1.434 -1.511 -1.542 -1.297
-0.389 -1.304 -1.931 -1.595 -1.594
-0.189 -1.347 -1.173 -1.371 -1.594
-0.509 -1.325 -1.919 -1.623 -1.418
-0.154 -1.457 -1.486 -1.512 -1.511
-0.414 -1.226 -1.356 -1.387 -1.187
-1.127 -1.915 -1.676 -1.767 -1.509
-0.276 -1.327 -1.855 -1.466 -1.378
-0.227 -1.499 -1.898 -1.619 -1.620
-1.205 -1.858 -2.073 -1.624 -1.624
-0.881 -1.571 -1.993 -1.455 -1.455
-0.103 -1.426 -1.962 -1.545 -1.388
-0.175 -0.817 -1.085 -0.531 -0.532
-1.127 -1.870 -1.618 -1.625 -1.624
-0.515 -1.311 -1.918 -1.511 -1.509
-0.918 -1.243 -1.437 -1.633 -1.466
-0.429 -0.972 -1.681 -1.559 -1.560
-0.742 -1.757 -1.629 -1.461 -1.461
-0.388 -1.594 -1.430 -1.429 -1.276
-1.021 -1.770 -2.132 -1.638 -1.637
-0.307 -1.691 -1.981 -1.388 -1.238
-0.575 -1.386 -1.426 -1.429 -1.285
-1.773 -3.487 -3.092 -3.097 -3.096
-1.112 -3.660 -4.103 -3.297 -3.295
-2.339 -4.152 -3.979 -2.471 -2.508
-2.023 -2.527 -2.831 -3.033 -3.032
0.070 -2.160 -3.157 -2.823 -2.821
-1.531 -2.542 -2.823 -2.846 -2.510
-1.820 -2.885 -2.819 -2.061 -1.929
-1.210 -2.554 -2.665 -2.576 -2.574
-0.260 -1.669 -2.615 -2.062 -2.214
-0.853 -1.362 -1.697 -2.240 -2.237
-0.656 -2.125 -3.067 -2.545 -2.291
-0.613 -2.609 -2.582 -2.300 -2.298
-1.075 -3.932 -4.582 -4.139 -4.083
-0.295 -1.625 -2.797 -2.266 -2.398
-0.839 -2.650 -2.068 -2.077 -1.834
-1.074 -2.483 -2.761 -2.293 -2.291
-0.400 -1.993 -1.917 -1.986 -1.985
-0.770 -1.876 -2.459 -2.329 -2.331
1.767 -1.589 -2.627 -2.041 -2.040
-2.454 -3.979 -7.455 -5.514 -5.513
0.594 -0.942 -1.949 -1.976 -1.808
-0.527 -2.429 -2.088 -2.343 -2.081
-0.527 -2.599 -2.654 -2.340 -2.338
-0.838 -1.784 -1.875 -1.630 -1.629
-3.602 -5.803 -4.855 -4.372 -4.371
251.511 -7.669 -9.445 -9.458 -9.457
-1.300 -2.846 -3.671 -3.113 -2.797
-1.745 -3.418 -3.050 -3.055 -3.054
-1.745 -3.168 -2.985 -3.049 -3.048
-0.191 -1.284 -2.501 -2.343 -2.081
-0.877 -1.948 -2.280 -2.296 -2.296
-0.079 -5.916 -8.053 -8.442 -8.439
-3.886 -6.065 -6.203 -4.874 -4.872
-1.128 -2.533 -2.430 -2.052 -2.270
0.051 -1.459 -2.490 -2.071 -2.070
-0.912 -2.278 -2.339 -2.363 -2.126
-3.191 -4.144 -4.187 -4.238 -4.238
-1.002 -3.154 -3.651 -2.769 -2.790
-0.296 -1.818 -2.604 -2.124 -2.056
-1.556 -2.739 -2.914 -1.997 -2.327
-1.832 -5.865 -7.413 -6.716 -5.465
-5.491 -10.101 -9.773 -9.304 -8.827
-3.159 -7.800 -8.295 -8.343 -8.343
-1.441 -5.245 -5.405 -5.452 -5.822
-2.747 -7.258 -7.698 -7.695 -7.695
-1.115 -2.511 -2.671 -2.241 -2.107
-1.110 -6.934 -9.491 -9.553 -8.381
-1.189 -2.552 -2.296 -2.571 -2.569
0.842 -1.324 -2.691 -2.530 -2.307
-1.150 -2.101 -2.597 -2.111 -2.022
-1.296 -4.383 -4.693 -4.344 -4.342
-0.337 -2.414 -3.035 -2.538 -2.294
-0.380 -1.263 -1.674 -1.674 -1.310
-0.396 -1.505 -1.933 -1.645 -1.292
0.182 -0.538 -1.925 -1.620 -1.622
-0.276 -1.327 -1.855 -1.466 -1.378
-1.312 -1.211 -1.429 -1.429 -1.282
-0.424 -1.284 -1.633 -1.633 -1.405
-0.874 -1.768 -2.003 -1.632 -1.629
-1.169 -1.887 -2.068 -1.607 -1.606
-1.092 -1.817 -1.940 -1.597 -1.595
-0.511 -1.302 -1.885 -1.346 -1.104
-0.254 -1.577 -1.648 -1.653 -1.443
-0.144 -0.697 -0.928 -0.924 -0.710
-0.633 -1.795 -1.628 -1.403 -1.403
-0.622 -1.854 -1.754 -1.594 -1.595
-0.495 -1.422 -1.130 -1.181 -1.345
-0.890 -1.204 -1.635 -1.480 -1.477
-1.089 -1.920 -2.128 -1.626 -1.626
-0.463 -1.204 -1.954 -1.658 -1.443
-1.278 -2.094 -1.776 -1.567 -1.568
0.078 -0.952 -1.020 -1.031 -1.024
-0.405 -1.126 -1.418 -1.421 -1.313
-0.589 -1.759 -1.836 -1.419 -1.419
-1.042 -1.794 -2.139 -1.638 -1.638
-1.228 -1.978 -2.078 -1.626 -1.626
-1.198 -1.963 -1.668 -1.769 -1.514
-0.464 -1.791 -1.888 -1.740 -1.395
-0.748 -1.693 -1.565 -1.384 -1.411
-0.892 -1.925 -2.047 -1.624 -1.623
-0.719 -1.793 -1.873 -1.473 -1.408
-0.849 -1.509 -1.648 -1.640 -1.639
-0.572 -1.348 -1.427 -1.430 -1.283
-0.550 -1.130 -1.603 -1.615 -1.435
-0.274 -1.635 -1.668 -1.675 -1.310
-0.682 -1.755 -1.931 -1.618 -1.414
-0.748 -1.606 -1.974 -1.519 -1.398
-0.527 -1.220 -1.413 -1.419 -1.315
-0.255 -1.568 -1.950 -1.736 -1.445
0.855 -0.442 -1.973 -1.640 -1.438
-0.571 -1.488 -1.754 -1.610 -1.454
-0.063 -1.194 -1.535 -1.411 -1.474
-0.233 -1.192 -1.745 -1.319 -1.318
-0.478 -1.482 -1.760 -1.500 -1.434
-0.601 -1.525 -1.929 -1.483 -1.397
-1.143 -1.793 -1.899 -1.426 -1.421
-1.112 -1.884 -1.895 -1.382 -1.380
-1.144 -1.992 -1.804 -1.548 -1.548
-0.316 -1.671 -1.477 -1.497 -1.275
-1.120 -1.789 -1.816 -1.632 -1.629
-0.478 -1.668 -1.822 -1.639 -1.435
-0.578 -1.013 -1.086 -0.532 -0.532
-0.360 -1.326 -1.901 -1.636 -1.638
-0.498 -1.627 -1.656 -1.672 -1.459
-1.110 -1.899 -1.932 -1.587 -1.586
-0.745 -1.779 -1.855 -1.531 -1.349
-1.773 -3.487 -3.092 -3.097 -3.096
-1.112 -3.660 -4.103 -3.297 -3.295
-2.339 -4.152 -3.979 -2.471 -2.508
-2.669 -5.482 -6.018 -4.498 -4.500
-0.344 -3.037 -4.349 -3.783 -3.782
-0.595 -2.258 -3.406 -3.021 -3.189
-1.623 -3.118 -3.245 -3.129 -3.125
-1.623 -3.567 -3.376 -3.265 -3.263
-0.577 -2.013 -2.346 -2.060 -1.898
-0.741 -2.141 -2.338 -2.304 -2.240
-0.688 -1.186 -1.768 -1.775 -1.814
-0.110 -1.821 -2.594 -2.398 -2.147
-0.630 -2.215 -2.664 -2.527 -2.159
-0.724 -2.160 -2.417 -2.502 -2.386
-0.264 -1.543 -2.641 -2.036 -2.033
-1.193 -2.579 -2.401 -2.574 -2.570
-0.468 -1.727 -2.702 -2.307 -2.151
-1.404 -2.221 -2.682 -2.405 -2.090
-0.621 -2.307 -2.616 -2.577 -2.578
-1.019 -2.570 -2.686 -2.214 -2.211
-1.630 -2.103 -2.667 -2.519 -2.147
-0.660 -2.220 -2.491 -2.357 -2.355
45.566 -5.204 -6.599 -6.641 -6.639
-1.537 -6.190 -8.622 -8.754 -8.754
-1.815 -3.509 -3.111 -3.156 -3.156
-1.893 -3.149 -3.448 -3.118 -3.114
-0.690 -2.989 -3.655 -3.712 -3.699
-1.135 -3.449 -4.154 -3.204 -3.212
-0.221 -2.588 -3.188 -3.232 -3.170
-0.539 -3.062 -3.939 -2.398 -2.400
-0.282 -1.872 -2.283 -2.577 -2.576
-0.102 -1.470 -2.790 -2.429 -2.360
-1.215 -2.527 -2.226 -2.577 -2.574
15.059 -0.101 -5.447 -5.479 -5.478
-1.758 -2.133 -3.266 -2.955 -2.819
-0.511 -1.796 -2.341 -2.159 -1.967
91.895 -2.892 -6.942 -6.959 -6.303
-2.404 -7.586 -7.714 -6.395 -6.396
-0.215 -5.896 -9.616 -9.934 -9.933
5.096 -1.734 -7.307 -6.734 -6.734
-1.345 -3.803 -4.622 -4.287 -4.286
-1.395 -2.004 -2.544 -3.120 -2.382
-0.983 -1.406 -2.738 -2.527 -2.327
-1.706 -3.005 -4.110 -3.213 -3.215
-0.766 -2.609 -2.475 -2.503 -2.105
-0.380 -1.263 -1.674 -1.674 -1.310
-0.396 -1.505 -1.933 -1.645 -1.292
0.182 -0.538 -1.925 -1.620 -1.622
-0.276 -1.327 -1.855 -1.466 -1.378
-1.312 -1.211 -1.429 -1.429 -1.282
-0.633 -1.795 -1.628 -1.403 -1.403
-0.424 -1.284 -1.633 -1.633 -1.405
-0.874 -1.768 -2.003 -1.632 -1.629
-1.169 -1.887 -2.068 -1.607 -1.606
-1.092 -1.817 -1.940 -1.597 -1.595
-0.511 -1.302 -1.885 -1.346 -1.104
-0.144 -0.697 -0.928 -0.924 -0.710
15.690 9.144 -6.346 -7.110 -7.105
-1.519 -2.026 -3.056 -2.703 -2.115
-1.088 -1.890 -1.701 -1.632 -1.633
-0.093 -1.005 -1.969 -1.538 -1.598
-1.013 -1.349 -1.426 -1.428 -1.282
-0.712 -1.480 -1.945 -1.634 -1.287
-1.039 -2.061 -1.906 -1.626 -1.625
-0.151 -1.424 -1.909 -1.658 -1.436
-0.162 -1.309 -1.578 -1.584 -1.412
-0.608 -1.615 -2.168 -1.527 -1.422
-0.271 -1.747 -1.677 -1.675 -1.309
-0.159 -1.354 -1.822 -1.639 -1.269
0.048 -1.157 -1.889 -1.330 -1.332
-0.159 -1.603 -1.646 -1.675 -1.313
-0.452 -1.603 -1.838 -1.653 -1.319
-0.432 -1.568 -1.654 -1.632 -1.407
-0.406 -1.417 -1.898 -1.571 -1.384
-0.566 -1.362 -1.422 -1.426 -1.278
-0.426 -1.085 -1.981 -1.301 -1.299
-0.436 -1.436 -1.425 -1.428 -1.279
-0.649 -1.544 -1.614 -1.448 -1.449
-1.141 -1.987 -1.909 -1.628 -1.627
-0.407 -1.650 -1.606 -1.637 -1.356
-0.493 -1.763 -1.724 -1.648 -1.441
-0.698 -1.156 -1.789 -1.430 -1.483
-0.414 -1.597 -1.977 -1.301 -1.300
-0.233 -1.474 -1.908 -1.673 -1.313
-0.507 -1.437 -1.975 -1.318 -1.391
-0.449 -1.606 -1.666 -1.672 -1.459
-0.997 -1.800 -2.006 -1.369 -1.368
-0.842 -1.994 -1.936 -1.596 -1.595
-1.181 -2.092 -1.824 -1.639 -1.637
-0.212 -1.678 -1.817 -1.677 -1.310
-0.342 -1.355 -1.841 -1.648 -1.440
-0.409 -1.404 -1.776 -1.478 -1.522
-1.006 -2.000 -1.906 -1.600 -1.599
-0.066 -1.131 -1.638 -1.451 -1.360
-1.033 -1.877 -1.895 -1.369 -1.370
-0.414 -1.469 -1.673 -1.674 -1.310
-0.450 -1.582 -2.203 -1.600 -1.599
-0.478 -1.471 -1.860 -1.459 -1.378
-1.061 -1.884 -2.072 -1.613 -1.611
-1.129 -2.056 -2.103 -1.637 -1.636
-0.753 -1.901 -1.890 -1.633 -1.630
-0.366 -0.959 -0.972 -0.711 -0.635
-0.711 -1.688 -1.807 -1.576 -1.573
-1.773 -3.487 -3.092 -3.097 -3.096
-1.112 -3.660 -4.103 -3.297 -3.295
-2.339 -4.152 -3.979 -2.471 -2.508
-1.160 -3.393 -3.916 -3.517 -3.778
-1.424 -2.189 -3.068 -3.072 -3.069
-2.167 -3.902 -3.295 -3.443 -3.116
-1.416 -2.986 -3.187 -3.251 -3.251
-0.760 -2.456 -2.948 -2.861 -2.860
-1.536 -3.098 -3.049 -3.133 -3.131
-0.423 -2.707 -3.479 -3.258 -3.256
-0.895 -2.216 -2.774 -2.294 -2.293
-1.075 -2.548 -2.107 -2.023 -2.011
-1.404 -2.221 -2.682 -2.405 -2.090
-1.413 -2.293 -2.906 -2.766 -2.699
47.679 1.749 -4.028 -3.182 -2.765
-1.706 -2.957 -2.957 -3.192 -2.766
-0.461 -2.207 -2.818 -2.842 -2.514
-1.073 -2.336 -2.334 -2.159 -1.965
-1.288 -2.467 -2.271 -2.295 -2.294
-0.451 -1.657 -1.966 -1.995 -1.994
-0.868 -1.579 -2.626 -1.972 -2.169
-2.789 -5.762 -7.361 -7.379 -6.156
-0.855 -2.540 -3.560 -3.039 -3.035
-0.842 -1.944 -2.116 -2.114 -1.961
-0.435 -1.613 -2.554 -2.334 -2.333
-1.529 -2.784 -2.399 -2.276 -2.274
-0.538 -2.302 -2.575 -2.322 -2.320
-0.513 -1.499 -2.288 -2.096 -2.093
-0.361 -2.270 -2.294 -2.372 -2.110
-1.584 -2.951 -2.179 -2.247 -1.979
1.071 -2.569 -4.102 -4.284 -4.324
-1.985 -5.747 -5.977 -6.066 -6.062
-1.469 -3.299 -3.263 -3.138 -3.135
-1.393 -3.212 -3.240 -3.258 -3.257
-0.940 -3.072 -3.302 -2.839 -2.839
-2.635 -4.132 -3.638 -3.178 -3.176
-2.547 -4.187 -4.276 -3.176 -3.174
-0.604 -2.191 -3.228 -3.287 -3.287
-0.456 -1.928 -2.187 -2.098 -2.135
-2.405 -4.463 -5.263 -4.351 -4.351
-0.840 -2.036 -2.583 -2.037 -2.154
-0.110 -1.843 -1.956 -1.963 -1.961
0.337 -7.231 -7.662 -7.624 -7.622
53.078 2.475 -3.884 -4.542 -4.538
12.453 9.507 -6.518 -7.235 -6.899
-0.713 -1.914 -2.004 -2.032 -1.876
-1.566 -7.839 -9.755 -9.281 -8.677
10.572 -1.515 -5.115 -5.409 -5.404
-1.584 -3.547 -3.963 -2.896 -2.894
-0.386 -1.757 -2.467 -2.321 -2.322
-1.430 -2.557 -2.666 -2.575 -2.573
-0.414 -1.469 -1.673 -1.674 -1.310
-0.406 -1.417 -1.898 -1.571 -1.384
-0.396 -1.505 -1.933 -1.645 -1.292
-3.509 -9.525 -11.111 -8.788 -8.784
0.182 -0.538 -1.925 -1.620 -1.622
-0.276 -1.327 -1.855 -1.466 -1.378
-1.312 -1.211 -1.429 -1.429 -1.282
-0.633 -1.795 -1.628 -1.403 -1.403
-2.713 -6.267 -6.520 -6.744 -6.257
-0.424 -1.284 -1.633 -1.633 -1.405
-0.874 -1.768 -2.003 -1.632 -1.629
-1.169 -1.887 -2.068 -1.607 -1.606
-0.144 -0.697 -0.928 -0.924 -0.710
-0.668 -2.512 -2.214 -2.437 -2.224
-0.114 -1.960 -2.944 -2.347 -2.138
-0.761 -1.828 -1.942 -1.514 -1.412
-0.626 -1.767 -2.076 -1.627 -1.626
-0.849 -1.428 -1.841 -1.604 -1.603
-1.079 -1.873 -2.030 -1.619 -1.619
-0.215 -1.414 -1.917 -1.552 -1.273
-0.140 -1.370 -1.858 -1.582 -1.437
-0.921 -1.762 -1.953 -1.602 -1.450
-0.296 -1.199 -1.961 -1.644 -1.342
-0.330 -1.334 -2.004 -1.578 -1.399
-0.793 -1.724 -1.901 -1.438 -1.438
-1.297 -2.024 -1.921 -1.586 -1.585
-0.722 -1.786 -1.985 -1.654 -1.451
-0.670 -1.705 -1.876 -1.595 -1.593
-0.327 -1.294 -1.600 -1.616 -1.338
-0.670 -1.743 -1.618 -1.455 -1.422
-0.388 -1.305 -1.533 -1.542 -1.393
-1.238 -2.115 -1.836 -1.640 -1.637
-1.327 -2.110 -1.914 -1.601 -1.600
-0.250 -1.651 -2.065 -1.624 -1.623
-0.212 -1.597 -1.631 -1.652 -1.316
-0.574 -1.416 -1.428 -1.429 -1.282
-0.937 -1.736 -2.059 -1.624 -1.622
-0.833 -1.815 -1.818 -1.569 -1.567
-0.275 -1.309 -1.920 -1.544 -1.446
-0.212 -1.449 -1.837 -1.661 -1.321
-0.708 -1.616 -1.954 -1.632 -1.631
-1.253 -2.080 -2.075 -1.627 -1.627
-0.565 -1.283 -1.415 -1.428 -1.283
-0.314 -1.502 -1.826 -1.653 -1.311
-0.587 -1.351 -1.421 -1.421 -1.305
-0.137 -0.880 -0.967 -0.925 -0.713
-0.848 -1.524 -1.896 -1.315 -1.312
-0.557 -1.552 -1.907 -1.677 -1.312
-0.562 -1.265 -1.421 -1.429 -1.277
-0.137 -0.582 -0.942 -0.925 -0.714
-0.454 -1.300 -1.642 -1.646 -1.441
-0.282 -1.436 -1.930 -1.647 -1.293
-1.134 -1.939 -1.910 -1.627 -1.627
-0.486 -1.437 -1.176 -1.464 -1.463
-0.603 -0.838 -1.869 -1.616 -1.393
0.138 -1.180 -1.592 -1.552 -1.550
-0.170 -0.915 -1.181 -1.341 -1.320
-0.994 -1.615 -2.004 -1.640 -1.639
-0.137 -0.720 -0.923 -0.839 -0.704
-0.693 -1.760 -1.587 -1.463 -1.387
-1.773 -3.487 -3.092 -3.097 -3.096
-1.112 -3.660 -4.103 -3.297 -3.295
-1.404 -2.221 -2.682 -2.405 -2.090
-1.536 -3.606 -3.151 -3.198 -3.198
9.278 -0.993 -4.821 -4.678 -4.426
-0.750 -2.924 -2.245 -2.316 -2.371
-1.780 -5.005 -5.752 -4.395 -4.176
-1.601 -1.860 -5.116 -4.528 -4.523
1.369 -2.179 -4.290 -4.256 -4.282
3.296 -1.330 -5.557 -4.202 -4.188
-0.326 -2.245 -4.562 -4.195 -4.249
-2.254 -3.914 -3.466 -3.388 -3.125
-2.002 -3.937 -3.326 -2.874 -2.963
-1.441 -2.468 -3.358 -3.116 -3.116
-0.888 -2.753 -2.211 -2.233 -2.232
-0.269 -1.400 -1.855 -1.465 -1.378
-0.702 -1.535 -2.639 -2.291 -2.294
-1.668 -2.868 -2.226 -2.384 -2.097
-0.681 -2.969 -3.310 -3.288 -2.900
-0.421 -2.324 -2.898 -2.526 -2.524
-0.258 -2.076 -2.058 -2.275 -2.087
-0.693 -1.699 -2.634 -2.041 -2.041
-0.664 -1.313 -2.275 -1.690 -1.690
-1.297 -2.638 -2.631 -1.946 -2.176
-0.251 -2.189 -2.705 -2.358 -2.084
-0.177 -1.421 -2.384 -2.574 -2.574
-1.831 -2.901 -3.269 -2.115 -2.113
-0.973 -3.515 -3.950 -3.034 -3.057
0.505 -5.725 -6.074 -6.106 -6.109
-1.044 -3.246 -3.817 -3.123 -3.121
-0.680 -2.436 -3.326 -2.804 -3.003
-1.664 -3.069 -3.882 -2.968 -2.968
-1.550 -2.984 -3.213 -3.257 -2.881
-1.913 -3.429 -3.033 -3.049 -3.049
-1.385 -3.032 -3.755 -2.720 -2.720
12.009 0.392 -2.881 -2.993 -2.516
-1.556 -3.638 -3.275 -3.045 -2.843
-0.521 -1.899 -2.947 -2.205 -1.996
-0.739 -2.501 -2.276 -2.297 -2.296
-1.358 -2.054 -2.342 -2.159 -1.967
-0.961 -1.916 -2.615 -2.346 -2.343
-0.392 -2.299 -2.189 -2.375 -2.374
0.206 -2.059 -2.574 -2.184 -1.998
-3.360 -6.660 -6.750 -5.719 -5.717
-1.846 -2.751 -3.205 -3.581 -3.580
-2.998 -7.619 -8.684 -8.707 -8.706
-0.733 -2.654 -2.110 -2.115 -2.114
-0.193 -2.885 -2.713 -2.736 -2.736
-0.414 -1.469 -1.673 -1.674 -1.310
-1.448 -2.319 -2.231 -2.298 -2.299
-0.406 -1.417 -1.898 -1.571 -1.384
-0.396 -1.505 -1.933 -1.645 -1.292
0.182 -0.538 -1.925 -1.620 -1.622
-0.276 -1.327 -1.855 -1.466 -1.378
-1.312 -1.211 -1.429 -1.429 -1.282
-0.633 -1.795 -1.628 -1.403 -1.403
-0.424 -1.284 -1.633 -1.633 -1.405
-0.874 -1.768 -2.003 -1.632 -1.629
-1.327 -2.110 -1.914 -1.601 -1.600
-1.169 -1.887 -2.068 -1.607 -1.606
-3.070 -7.869 -7.790 -7.830 -6.760
-0.144 -0.697 -0.928 -0.924 -0.710
-3.739 -6.508 -9.601 -8.090 -8.091
-2.977 -9.052 -9.220 -9.235 -9.236
4.146 -5.115 -9.796 -9.951 -9.949
-0.980 -1.814 -1.652 -1.185 -1.186
-0.580 -1.515 -1.758 -1.631 -1.400
-0.906 -1.811 -1.589 -1.637 -1.441
-0.503 -1.530 -1.820 -1.293 -1.246
-1.047 -1.494 -2.061 -1.625 -1.625
-1.118 -2.070 -2.072 -1.621 -1.620
-0.731 -1.805 -1.966 -1.592 -1.420
-0.502 -1.854 -1.871 -1.661 -1.453
-1.169 -1.863 -2.139 -1.639 -1.638
-0.161 -1.608 -1.822 -1.635 -1.347
-1.135 -1.745 -2.079 -1.628 -1.627
-0.388 -1.608 -1.603 -1.518 -1.295
-0.138 -0.943 -1.358 -0.993 -0.673
-0.727 -1.537 -1.193 -1.325 -1.416
-1.042 -1.873 -1.811 -1.636 -1.634
-1.502 -1.387 -1.429 -1.429 -1.281
-0.537 -1.343 -1.654 -1.655 -1.442
0.121 -1.385 -1.242 -1.229 -1.126
-1.304 -1.820 -2.066 -1.628 -1.626
-0.394 -1.313 -1.857 -1.634 -1.404
-0.425 -1.388 -1.812 -1.652 -1.318
-0.584 -1.611 -1.897 -1.610 -1.609
-0.166 -1.468 -1.907 -1.650 -1.298
-0.242 -1.612 -1.637 -1.645 -1.438
-1.207 -1.664 -1.829 -1.639 -1.637
-0.449 -1.350 -1.240 -1.499 -1.496
-0.565 -1.677 -1.539 -1.475 -1.378
-1.035 -1.364 -1.426 -1.429 -1.280
-0.448 -1.568 -1.900 -1.674 -1.310
-0.409 -1.451 -1.594 -1.451 -1.326
-1.059 -1.982 -1.820 -1.378 -1.380
-1.042 -1.834 -2.005 -1.638 -1.636
-0.227 -1.299 -1.910 -1.676 -1.312
-0.503 -0.838 -1.546 -1.628 -1.429
-0.693 -1.798 -1.598 -1.464 -1.423
-0.698 -1.775 -1.558 -1.615 -1.448
-0.577 -1.364 -1.428 -1.429 -1.280
-0.214 -0.768 -0.981 -0.738 -0.680
-0.549 -1.753 -1.816 -1.639 -1.637
-1.773 -3.487 -3.092 -3.097 -3.096
-1.112 -3.660 -4.103 -3.297 -3.295
-1.556 -3.638 -3.275 -3.045 -2.843
-0.840 -2.765 -3.295 -3.295 -3.296
-2.503 -3.273 -3.426 -3.409 -3.720
-1.241 -3.223 -3.376 -3.397 -3.610
-0.970 -3.066 -3.447 -3.023 -3.023
-1.434 -3.186 -3.298 -3.201 -3.197
2.365 -0.528 -1.709 -1.735 -1.738
-1.159 -2.962 -3.498 -3.282 -3.028
-2.468 -3.953 -3.909 -3.174 -3.170
-2.419 -3.592 -4.277 -3.176 -3.174
-2.419 -4.033 -4.247 -3.176 -3.173
-0.457 -2.375 -2.735 -2.758 -2.827
-1.143 -3.547 -3.225 -3.256 -3.258
-0.864 -2.284 -2.819 -2.530 -2.163
-0.402 -1.787 -1.876 -2.075 -2.007
-0.836 -2.062 -2.953 -2.208 -1.939
-0.353 -2.030 -2.665 -2.345 -2.344
1.593 -2.741 -5.922 -4.860 -4.859
-0.567 -2.526 -2.709 -2.490 -2.098
-0.477 -2.356 -2.675 -2.496 -2.286
-0.769 -2.403 -2.039 -1.991 -1.990
-1.077 -1.833 -2.753 -2.508 -2.149
-0.793 -2.046 -2.644 -2.201 -2.199
-0.177 -1.778 -2.660 -2.474 -2.260
11.125 -1.551 -9.808 -7.110 -7.284
-6.483 -6.676 -8.322 -8.408 -8.409
-0.465 -3.327 -3.577 -2.544 -2.773
-1.313 -2.633 -3.466 -3.023 -3.022
-2.326 -3.744 -4.124 -3.214 -3.215
-0.754 -1.769 -2.530 -2.316 -2.312
-1.008 -2.313 -2.136 -2.041 -2.039
0.892 -2.710 -4.448 -6.024 -6.015
-1.324 -4.937 -6.542 -6.682 -6.683
-3.664 -7.009 -7.443 -6.709 -5.462
-2.611 -5.683 -9.180 -9.264 -8.286
4.635 -2.034 -7.123 -7.312 -7.311
-1.650 -3.646 -3.274 -3.143 -3.139
3.606 -6.137 -7.943 -8.029 -8.029
-2.222 -8.389 -9.594 -9.638 -9.637
-2.603 -8.259 -8.922 -7.938 -6.862
-0.824 -3.650 -4.551 -4.643 -3.505
-3.178 -7.014 -6.603 -6.072 -6.103
-0.998 -3.198 -4.116 -3.207 -3.208
-0.414 -1.469 -1.673 -1.674 -1.310
-2.670 -3.915 -4.156 -3.176 -3.175
-0.922 -2.571 -2.552 -2.191 -2.188
-0.166 -1.468 -1.907 -1.650 -1.298
-0.406 -1.417 -1.898 -1.571 -1.384
-0.577 -2.212 -2.213 -2.229 -2.228
0.182 -0.538 -1.925 -1.620 -1.622
-0.276 -1.327 -1.855 -1.466 -1.378
-1.312 -1.211 -1.429 -1.429 -1.282
-0.633 -1.795 -1.628 -1.403 -1.403
-0.424 -1.284 -1.633 -1.633 -1.405
-0.874 -1.768 -2.003 -1.632 -1.629
-1.327 -2.110 -1.914 -1.601 -1.600
-1.169 -1.887 -2.068 -1.607 -1.606
20.516 16.122 -2.020 -2.680 -2.684
-0.144 -0.697 -0.928 -0.924 -0.710
-3.837 -7.422 -8.158 -8.168 -8.167
-0.663 -1.924 -2.251 -2.441 -2.229
-0.213 -1.387 -2.060 -1.625 -1.624
-0.645 -1.517 -1.463 -1.469 -1.468
-0.064 -1.341 -1.686 -1.482 -1.478
-0.722 -1.225 -1.418 -1.421 -1.292
-0.780 -1.543 -1.954 -1.726 -1.432
-0.035 -1.410 -1.884 -1.602 -1.353
-0.444 -1.542 -1.983 -1.301 -1.300
-1.848 -3.016 -3.270 -1.917 -1.915
3.352 -0.182 -1.088 -1.122 -1.122
-0.969 -1.970 -2.008 -1.617 -1.615
-1.249 -1.765 -2.028 -1.639 -1.638
-0.435 -1.599 -1.831 -1.665 -1.318
-1.113 -1.895 -1.884 -1.371 -1.370
-0.485 -1.461 -1.925 -1.628 -1.434
-1.159 -2.117 -1.908 -1.624 -1.624
-1.175 -2.093 -2.068 -1.627 -1.625
-1.062 -1.918 -1.995 -1.767 -1.518
-0.297 -1.587 -1.907 -1.675 -1.313
-1.114 -2.550 -2.709 -2.113 -2.113
-0.692 -1.795 -1.582 -1.458 -1.416
-0.419 -1.578 -1.970 -1.301 -1.300
-0.736 -1.303 -1.559 -1.570 -1.569
-0.455 -1.113 -1.639 -1.648 -1.440
-1.266 -2.092 -1.627 -1.637 -1.637
-0.465 -1.600 -2.030 -1.536 -1.442
-0.161 -1.357 -1.728 -1.631 -1.283
-0.840 -1.986 -1.894 -1.572 -1.571
-0.032 -1.348 -1.887 -1.634 -1.347
8.070 0.275 -1.779 -1.576 -1.574
-1.110 -1.923 -1.823 -1.313 -1.313
-0.406 -1.199 -1.416 -1.459 -1.462
-0.916 -1.942 -2.049 -1.622 -1.622
-0.444 -1.498 -1.895 -1.572 -1.572
-0.268 -1.559 -1.501 -1.507 -1.507
-0.140 -0.462 -0.978 -0.924 -0.714
-0.850 -1.914 -1.909 -1.565 -1.564
-0.175 -0.603 -0.820 -0.927 -0.711
-0.290 -1.663 -1.980 -1.389 -1.240
-0.332 -0.870 -1.087 -0.531 -0.532
-0.211 -1.448 -1.911 -1.674 -1.311
-0.277 -1.776 -1.957 -1.405 -1.380
-1.773 -3.487 -3.092 -3.097 -3.096
-1.112 -3.660 -4.103 -3.297 -3.295
-1.434 -3.186 -3.298 -3.201 -3.197
-1.626 -2.578 -3.065 -3.113 -3.113
1.563 -3.300 -3.121 -3.215 -3.212
-1.796 -3.489 -3.081 -3.092 -3.091
-1.661 -3.122 -3.579 -3.099 -3.097
-1.558 -3.432 -3.097 -3.099 -3.099
-1.925 -2.840 -3.520 -3.271 -3.269
-0.411 -1.709 -2.409 -2.299 -2.235
-1.180 -2.374 -2.334 -2.206 -2.145
-1.036 -2.527 -2.671 -2.536 -2.531
-2.491 -4.212 -3.602 -3.153 -3.154
-1.038 -3.199 -3.558 -2.719 -2.718
-1.589 -3.305 -3.774 -2.753 -2.754
-0.315 -1.860 -2.392 -2.573 -2.572
-1.404 -2.849 -2.502 -2.431 -2.128
-0.261 -1.672 -2.641 -2.228 -2.018
-0.227 -1.828 -2.670 -2.094 -2.092
-1.616 -2.522 -2.245 -2.296 -2.295
-0.821 -1.578 -1.964 -2.203 -2.192
6.275 -2.460 -5.867 -5.785 -5.802
-4.077 -7.037 -8.246 -6.740 -6.739
-1.529 -6.062 -7.344 -7.501 -6.489
-0.924 -4.153 -7.658 -6.396 -6.197
-1.665 -2.919 -3.252 -3.275 -3.275
-0.665 -2.707 -2.966 -2.967 -2.967
-0.684 -2.731 -2.478 -2.508 -2.508
0.583 -1.956 -2.871 -2.738 -2.736
-2.176 -3.954 -4.127 -3.176 -3.175
-2.491 -3.675 -3.481 -3.152 -3.146
-1.796 -2.842 -3.094 -3.098 -3.098
-2.260 -3.832 -3.552 -3.153 -3.148
-1.940 -3.498 -3.344 -3.056 -3.054
-1.201 -2.296 -2.378 -2.575 -2.571
-1.375 -2.082 -2.333 -2.307 -2.237
-0.818 -1.730 -2.345 -2.352 -2.349
-1.095 -2.326 -2.373 -2.378 -2.377
-1.400 -2.258 -3.022 -2.313 -2.126
-0.954 -1.838 -2.407 -2.560 -2.562
-0.486 -1.565 -1.738 -1.738 -2.020
-1.114 -2.406 -2.664 -2.572 -2.571
-1.535 -6.205 -7.635 -7.712 -7.712
1.544 -4.220 -6.566 -5.489 -5.540
2.875 -2.843 -7.161 -7.253 -7.252
-1.424 -3.979 -4.138 -4.143 -4.087
-2.051 -3.790 -3.462 -2.936 -2.934
-1.350 -1.540 -1.834 -2.127 -2.124
-0.414 -1.469 -1.673 -1.674 -1.310
-0.166 -1.468 -1.907 -1.650 -1.298
-0.406 -1.417 -1.898 -1.571 -1.384
0.182 -0.538 -1.925 -1.620 -1.622
-0.276 -1.327 -1.855 -1.466 -1.378
-1.312 -1.211 -1.429 -1.429 -1.282
-0.633 -1.795 -1.628 -1.403 -1.403
-0.424 -1.284 -1.633 -1.633 -1.405
-0.874 -1.768 -2.003 -1.632 -1.629
-1.327 -2.110 -1.914 -1.601 -1.600
-0.850 -1.914 -1.909 -1.565 -1.564
-0.144 -0.697 -0.928 -0.924 -0.710
-2.792 -7.989 -9.763 -9.898 -9.898
1.496 -5.360 -8.096 -8.664 -8.663
8.555 -0.458 -7.445 -7.672 -7.671
-1.014 -1.901 -2.308 -2.057 -2.056
-1.138 -2.481 -2.899 -2.453 -2.453
-0.775 -2.367 -2.499 -1.980 -1.889
-0.577 -1.202 -1.967 -1.402 -1.456
-0.123 -1.388 -1.380 -1.385 -1.390
-0.907 -1.342 -1.430 -1.429 -1.275
-0.793 -1.712 -1.801 -1.594 -1.595
-0.581 -1.317 -1.958 -1.371 -1.403
-0.567 -1.405 -1.426 -1.429 -1.281
-0.897 -1.750 -1.527 -1.384 -1.443
-0.643 -1.339 -1.879 -1.675 -1.309
-0.457 -1.622 -1.649 -1.650 -1.315
-0.427 -1.303 -1.979 -1.302 -1.300
-0.192 -1.646 -1.980 -1.319 -1.255
-1.305 -1.975 -1.909 -1.626 -1.626
-1.117 -1.987 -2.011 -1.626 -1.624
-1.854 -3.085 -3.274 -2.150 -1.971
-0.644 -1.540 -1.652 -1.668 -1.315
-0.329 -1.999 -2.705 -2.195 -2.192
-0.942 -1.891 -1.602 -1.626 -1.627
-1.084 -1.640 -1.780 -1.633 -1.633
-0.199 -1.631 -1.739 -1.653 -1.320
1.071 -1.267 -1.656 -1.573 -1.573
-0.534 -1.364 -1.547 -1.722 -1.421
-0.374 -1.554 -1.968 -1.302 -1.300
-0.511 -2.562 -2.100 -2.163 -1.955
-0.321 -1.556 -1.661 -1.675 -1.309
-0.578 -1.339 -1.426 -1.428 -1.293
-1.121 -1.966 -1.894 -1.330 -1.330
-1.259 -1.814 -2.136 -1.639 -1.639
-0.844 -1.813 -1.877 -1.601 -1.600
-0.646 -1.722 -1.908 -1.652 -1.446
-0.864 -1.750 -1.910 -1.372 -1.372
-0.212 -0.623 -1.632 -1.674 -1.314
-1.121 -1.841 -1.893 -1.330 -1.332
-0.696 -1.841 -1.294 -1.299 -1.299
-0.493 -1.374 -1.938 -1.649 -1.300
-0.544 -1.532 -1.950 -1.590 -1.437
-0.391 -1.677 -1.971 -1.385 -1.226
-0.361 -1.270 -1.565 -2.014 -1.402
-1.171 -1.733 -1.734 -1.626 -1.625
-0.162 -0.644 -0.921 -0.772 -0.707
-1.773 -3.487 -3.092 -3.097 -3.096
-1.112 -3.660 -4.103 -3.297 -3.295
-1.434 -3.186 -3.298 -3.201 -3.197
-1.553 -4.218 -4.114 -4.130 -4.073
-1.564 -3.857 -3.850 -3.855 -3.611
-1.837 -3.727 -3.218 -3.103 -3.101
-1.144 -2.272 -2.860 -3.014 -3.013
-1.787 -3.492 -3.094 -3.099 -3.099
-2.372 -3.932 -3.137 -3.166 -3.165
-1.555 -2.772 -3.310 -2.990 -2.988
-0.405 -1.424 -1.925 -1.586 -1.586
-0.199 -1.043 -1.302 -1.303 -1.330
-0.739 -1.901 -2.022 -1.482 -1.483
-0.640 -1.940 -3.018 -2.557 -2.330
-0.111 -3.057 -5.583 -4.764 -4.235
0.207 -1.319 -3.535 -2.550 -2.546
-2.039 -3.897 -3.143 -2.797 -2.797
-2.450 -3.712 -3.233 -2.888 -3.030
-0.789 -2.206 -2.282 -2.441 -2.269
-1.521 -1.656 -2.671 -2.531 -2.152
-0.537 -1.680 -2.664 -2.484 -2.157
-0.383 -2.252 -2.503 -2.054 -2.056
-1.022 -2.262 -2.698 -2.216 -2.214
-1.296 -2.568 -2.672 -2.497 -2.492
-0.839 -2.069 -2.222 -2.575 -2.573
-0.749 -2.427 -2.414 -2.573 -2.572
-0.461 -2.398 -2.653 -2.048 -2.045
-1.592 -2.802 -2.678 -2.374 -2.373
-0.958 -2.384 -2.646 -2.573 -2.570
-0.737 -1.998 -2.387 -2.576 -2.572
-0.172 -1.598 -2.368 -2.579 -2.576
-0.925 -1.678 -1.646 -1.521 -1.521
-0.441 -1.631 -1.960 -1.497 -1.331
-2.915 -4.246 -5.665 -5.686 -5.686
1.391 -0.781 -5.515 -4.797 -4.323
-0.329 -2.097 -2.083 -2.191 -2.190
-1.422 -2.827 -3.249 -3.290 -3.288
-2.019 -6.506 -7.591 -7.599 -7.598
-1.463 -7.743 -10.523 -8.727 -8.729
-1.675 -3.357 -3.477 -3.096 -3.096
-1.269 -2.815 -2.712 -2.720 -2.724
-0.582 -3.040 -4.194 -2.816 -2.816
-0.857 -2.354 -2.328 -2.148 -2.215
-1.237 -5.468 -5.872 -6.103 -6.100
-1.295 -2.852 -2.588 -2.323 -2.319
-0.859 -2.502 -2.894 -2.046 -2.179
-1.096 -3.079 -4.624 -4.659 -4.659
-0.414 -1.469 -1.673 -1.674 -1.310
-0.166 -1.468 -1.907 -1.650 -1.298
-0.406 -1.417 -1.898 -1.571 -1.384
-2.770 -4.141 -7.090 -5.822 -5.883
0.182 -0.538 -1.925 -1.620 -1.622
-0.276 -1.327 -1.855 -1.466 -1.378
-0.907 -1.342 -1.430 -1.429 -1.275
-0.633 -1.795 -1.628 -1.403 -1.403
-0.424 -1.284 -1.633 -1.633 -1.405
-0.874 -1.768 -2.003 -1.632 -1.629
-1.327 -2.110 -1.914 -1.601 -1.600
-0.850 -1.914 -1.909 -1.565 -1.564
54.081 5.821 -6.149 -5.387 -4.852
-2.109 -3.285 -3.617 -3.071 -3.067
-0.934 -1.840 -2.379 -2.578 -2.575
-5.848 -7.384 -11.045 -8.246 -8.245
-0.144 -0.697 -0.928 -0.924 -0.710
-2.013 -7.921 -10.828 -8.991 -9.007
-0.243 -1.376 -1.771 -1.640 -1.319
-0.375 -1.250 -1.980 -1.382 -1.230
-1.166 -2.029 -1.906 -1.566 -1.564
-1.097 -1.787 -1.871 -1.571 -1.572
-1.216 -2.106 -1.912 -1.613 -1.612
-0.593 -1.606 -1.885 -1.553 -1.374
-0.508 -1.428 -1.112 -1.142 -1.189
-0.198 -1.474 -1.828 -1.653 -1.316
-1.117 -1.878 -1.554 -1.400 -1.399
-0.230 -1.639 -1.917 -1.767 -1.381
-0.630 -1.260 -1.884 -1.635 -1.452
-0.434 -1.604 -1.816 -1.653 -1.320
-0.444 -1.482 -1.929 -1.676 -1.314
-1.219 -1.742 -2.047 -1.626 -1.625
-0.432 -1.366 -1.961 -1.301 -1.299
-1.045 -1.790 -1.895 -1.336 -1.338
-0.233 -1.221 -1.902 -1.677 -1.311
-1.160 -2.030 -2.072 -1.626 -1.626
-1.003 -1.379 -1.429 -1.429 -1.277
-0.539 -1.391 -1.419 -1.420 -1.336
-0.455 -1.606 -1.895 -1.741 -1.400
-0.288 -1.581 -1.856 -1.654 -1.317
-0.316 -1.359 -1.849 -1.602 -1.322
-0.559 -1.375 -1.425 -1.429 -1.286
-0.737 -1.701 -1.873 -1.636 -1.345
-0.942 -1.336 -1.424 -1.429 -1.279
-0.634 -1.411 -1.553 -1.430 -1.452
1.150 0.097 -1.344 -1.274 -1.414
-0.728 -1.645 -1.990 -1.591 -1.412
-0.403 -1.110 -1.571 -1.527 -1.526
-0.601 -1.616 -1.642 -1.363 -1.363
-1.177 -2.099 -1.894 -1.626 -1.626
-0.486 -1.347 -1.429 -1.429 -1.286
-0.321 -0.683 -1.489 -1.525 -1.426
-0.494 -1.386 -1.837 -1.569 -1.606
-0.682 -1.015 -1.086 -0.531 -0.531
-0.313 -1.509 -1.894 -1.663 -1.409
-0.166 -0.735 -0.913 -0.919 -0.718
-0.199 -1.493 -1.967 -1.533 -1.338
-0.423 -0.885 -0.939 -0.926 -0.712
-0.166 -0.667 -0.985 -0.925 -0.713
-0.127 -0.781 -1.458 -1.685 -1.409
-0.333 -0.782 -0.899 -0.875 -0.705
-1.773 -3.487 -3.092 -3.097 -3.096
-1.112 -3.660 -4.103 -3.297 -3.295
-1.434 -3.186 -3.298 -3.201 -3.197
-1.301 -3.433 -3.976 -3.939 -3.935
-1.428 -2.474 -3.955 -3.950 -3.947
-0.175 -2.123 -2.868 -3.828 -2.830
0.676 -2.009 -3.269 -3.293 -3.292
-2.020 -3.660 -4.143 -3.214 -3.216
-1.808 -3.389 -3.268 -3.277 -3.276
-1.832 -3.558 -4.148 -2.990 -2.991
-1.727 -3.503 -3.088 -3.092 -3.091
-1.010 -1.636 -2.573 -2.311 -2.309
-0.982 -1.979 -2.373 -2.356 -2.355
0.018 -2.482 -2.749 -3.689 -3.534
-1.096 -3.055 -3.548 -2.666 -2.668
-1.671 -4.061 -3.681 -3.133 -3.132
-0.517 -2.557 -2.083 -2.137 -2.134
-0.921 -2.240 -2.293 -2.037 -1.871
-0.980 -2.404 -2.468 -2.066 -2.065
-0.800 -1.555 -1.725 -1.745 -1.766
-1.227 -2.919 -3.277 -2.068 -2.067
-0.893 -1.690 -2.333 -1.810 -1.823
-0.525 -1.174 -2.664 -2.271 -2.142
0.127 -2.024 -2.476 -2.372 -2.369
-1.120 -2.305 -2.211 -2.233 -2.231
3.507 -0.364 -5.211 -5.365 -5.362
7.473 6.691 -2.881 -3.285 -3.284
-1.327 -6.064 -6.299 -6.348 -6.347
-1.170 -4.764 -6.838 -6.924 -6.283
-1.070 -5.587 -9.925 -9.997 -9.997
-0.367 -1.183 -1.996 -1.624 -1.622
-1.310 -1.964 -2.272 -2.256 -2.250
-2.350 -4.021 -3.608 -3.612 -3.602
-0.819 -2.040 -2.830 -2.866 -2.512
-2.046 -3.601 -4.002 -2.537 -2.515
-1.808 -3.442 -3.070 -3.095 -3.094
-2.412 -4.143 -3.560 -3.172 -3.173
-1.917 -3.448 -3.140 -3.142 -3.143
-1.358 -3.434 -3.041 -3.060 -3.060
-1.247 -2.503 -2.336 -2.096 -2.095
-1.589 -5.866 -6.399 -6.607 -6.604
0.922 -2.002 -2.332 -2.372 -2.371
16.055 4.462 -7.019 -7.334 -7.333
-1.101 -3.429 -4.046 -2.717 -2.695
-1.752 -3.039 -3.645 -3.154 -3.153
-1.615 -3.794 -3.090 -3.103 -3.102
-1.019 -2.493 -2.641 -1.838 -1.837
-2.207 -4.672 -4.537 -4.209 -4.004
-0.414 -1.469 -1.673 -1.674 -1.310
-0.166 -1.468 -1.907 -1.650 -1.298
-0.406 -1.417 -1.898 -1.571 -1.384
0.182 -0.538 -1.925 -1.620 -1.622
-0.942 -1.336 -1.424 -1.429 -1.279
-0.276 -1.327 -1.855 -1.466 -1.378
-0.633 -1.795 -1.628 -1.403 -1.403
-0.424 -1.284 -1.633 -1.633 -1.405
-0.874 -1.768 -2.003 -1.632 -1.629
-1.327 -2.110 -1.914 -1.601 -1.600
-1.166 -2.029 -1.906 -1.566 -1.564
-0.144 -0.697 -0.928 -0.924 -0.710
-2.278 -8.117 -9.582 -9.590 -9.588
-0.081 -1.277 -1.829 -1.560 -1.560
-0.294 -1.429 -1.988 -1.224 -1.223
-0.290 -1.164 -1.842 -1.383 -1.229
-0.673 -1.812 -1.861 -1.692 -1.292
-0.932 -1.556 -1.877 -1.604 -1.603
-0.305 -1.035 -1.925 -1.513 -1.413
-1.099 -1.871 -1.914 -1.600 -1.599
-0.552 -1.332 -1.430 -1.429 -1.281
-0.644 -1.787 -1.973 -1.448 -1.483
-0.355 -1.170 -1.933 -1.715 -1.448
-0.431 -1.621 -1.917 -1.635 -1.448
-0.571 -1.578 -1.933 -1.677 -1.310
-0.238 -1.487 -1.921 -1.552 -1.462
-0.236 -1.525 -1.837 -1.653 -1.326
-0.965 -2.091 -1.833 -1.639 -1.638
-1.084 -1.975 -1.936 -1.601 -1.599
0.117 -1.240 -1.954 -1.198 -1.198
-1.122 -1.839 -1.497 -1.945 -1.401
-0.425 -1.457 -1.384 -1.389 -1.399
-0.763 -1.797 -1.756 -1.647 -1.300
-0.681 -1.419 -1.936 -1.609 -1.610
-0.319 -1.664 -1.652 -1.674 -1.308
-0.239 -1.587 -1.751 -1.634 -1.407
-0.289 -1.390 -1.670 -1.674 -1.310
-1.136 -1.988 -2.073 -1.611 -1.610
-0.431 -1.561 -1.641 -1.648 -1.442
-0.345 -1.475 -2.006 -1.554 -1.390
-1.382 -1.860 -2.077 -1.626 -1.626
-0.641 -1.290 -1.856 -1.338 -1.429
-1.185 -1.731 -1.871 -1.612 -1.612
-0.573 -1.687 -2.070 -1.600 -1.597
-0.748 -1.727 -1.981 -1.462 -1.557
-1.011 -1.360 -1.428 -1.428 -1.273
-0.308 -1.211 -1.663 -1.675 -1.311
-1.136 -2.091 -2.074 -1.626 -1.625
-1.042 -1.951 -1.999 -1.361 -1.362
-0.426 -1.378 -1.892 -1.784 -1.366
-0.757 -1.809 -1.989 -1.501 -1.560
-1.254 -2.060 -1.899 -1.623 -1.623
-0.277 -0.717 -0.833 -0.771 -0.771
-0.092 -0.605 -0.668 -0.923 -0.709
-0.505 -1.360 -1.674 -1.764 -1.501
-0.334 -0.845 -0.966 -0.774 -0.774
-1.773 -3.487 -3.092 -3.097 -3.096
-1.112 -3.660 -4.103 -3.297 -3.295
-1.217 -2.871 -3.830 -3.135 -3.134
-1.728 -3.610 -4.214 -2.959 -2.959
-1.328 -2.619 -2.631 -2.681 -2.678
-1.706 -3.792 -3.183 -2.826 -2.824
-1.665 -3.118 -3.114 -3.154 -3.154
-1.598 -3.248 -3.960 -3.228 -3.022
-1.194 -6.233 -7.387 -6.166 -6.165
-0.789 -3.750 -4.216 -4.691 -4.733
-0.574 -3.102 -4.811 -4.372 -4.371
-0.181 -1.984 -2.422 -1.791 -1.781
-0.373 -1.218 -1.532 -1.375 -1.374
-2.319 -6.711 -7.135 -7.134 -7.134
-0.306 -1.619 -2.714 -2.313 -2.197
-0.830 -2.405 -1.965 -2.041 -2.097
-0.502 -1.682 -2.208 -2.265 -2.264
-0.910 -2.305 -2.552 -2.346 -2.342
-0.825 -1.741 -2.573 -2.253 -2.011
-0.891 -2.617 -2.491 -2.515 -2.195
-0.803 -1.300 -2.014 -1.627 -1.627
-0.554 -1.143 -1.620 -1.633 -1.406
-1.462 -2.655 -2.644 -2.610 -2.172
-0.332 -1.678 -2.664 -2.043 -2.168
-1.431 -1.748 -2.111 -2.115 -1.969
-0.919 -2.615 -2.910 -2.001 -2.304
-1.611 -2.968 -3.266 -3.272 -3.270
-0.222 -2.775 -4.265 -4.107 -4.103
-0.288 -2.203 -3.994 -3.886 -3.822
-0.433 -2.815 -2.928 -2.941 -2.743
-1.556 -1.733 -2.699 -2.502 -2.118
-0.472 -1.652 -1.604 -1.733 -1.472
-0.401 -1.628 -3.078 -2.547 -2.299
-0.037 -1.529 -2.892 -2.343 -2.343
-0.380 -1.273 -2.234 -2.579 -2.574
-0.332 -1.740 -2.681 -2.372 -2.074
229.843 231.968 -6.559 -4.851 -5.148
-4.116 -9.573 -9.276 -9.340 -9.338
-3.446 -8.471 -9.174 -9.163 -9.161
-0.414 -1.469 -1.673 -1.674 -1.310
1.192 -0.658 -1.218 -1.507 -1.504
-0.355 -1.170 -1.933 -1.715 -1.448
-0.166 -1.468 -1.907 -1.650 -1.298
-0.406 -1.417 -1.898 -1.571 -1.384
0.182 -0.538 -1.925 -1.620 -1.622
-1.927 -3.709 -4.148 -2.885 -2.798
-0.706 -1.496 -1.736 -1.972 -1.969
-1.011 -1.360 -1.428 -1.428 -1.273
-0.276 -1.327 -1.855 -1.466 -1.378
-0.633 -1.795 -1.628 -1.403 -1.403
-0.424 -1.284 -1.633 -1.633 -1.405
-0.874 -1.768 -2.003 -1.632 -1.629
-0.556 -1.943 -2.697 -2.340 -2.341
-1.327 -2.110 -1.914 -1.601 -1.600
-0.714 -6.069 -9.019 -7.543 -7.541
-0.270 -1.748 -3.836 -3.286 -2.666
-0.144 -0.697 -0.928 -0.924 -0.710
-0.815 -1.777 -1.960 -1.623 -1.476
-0.816 -1.349 -1.879 -1.604 -1.602
-0.277 -0.717 -0.833 -0.771 -0.771
-2.811 -8.131 -10.941 -8.214 -8.063
-0.638 -1.752 -1.880 -1.467 -1.466
-0.749 -1.772 -1.920 -1.741 -1.400
-0.948 -1.844 -2.070 -1.625 -1.623
-0.973 -1.507 -2.065 -1.625 -1.624
-0.797 -1.555 -2.066 -1.624 -1.625
-0.354 -1.302 -1.582 -1.590 -1.399
-0.432 -1.539 -1.674 -1.675 -1.312
-1.177 -2.036 -2.068 -1.625 -1.625
-1.115 -1.976 -1.666 -1.767 -1.488
-1.154 -2.018 -2.107 -1.637 -1.636
-0.391 -1.404 -1.429 -1.429 -1.284
-0.241 -1.541 -1.835 -1.678 -1.310
-0.390 -1.617 -1.644 -1.675 -1.308
-0.196 -1.394 -1.936 -1.348 -1.484
-0.365 -1.657 -1.901 -1.639 -1.408
-1.223 -2.101 -1.910 -1.626 -1.627
-1.173 -2.018 -2.032 -1.627 -1.626
-0.242 -1.667 -1.660 -1.666 -1.313
-0.429 -1.343 -1.392 -1.392 -1.226
-0.485 -1.415 -1.428 -1.429 -1.278
-0.991 -1.378 -1.579 -1.624 -1.624
-0.556 -1.539 -2.024 -1.553 -1.394
-0.387 -1.357 -1.839 -1.666 -1.278
-0.387 -1.515 -1.838 -1.667 -1.307
-1.219 -1.932 -2.133 -1.638 -1.639
-0.693 -1.787 -1.444 -1.635 -1.636
-0.591 -1.318 -1.373 -1.299 -1.450
-0.401 -1.456 -1.985 -1.631 -1.518
-0.609 -1.614 -1.688 -1.524 -1.522
-0.277 -1.174 -1.874 -1.376 -1.375
-0.906 -1.667 -1.866 -1.554 -1.552
-0.499 -0.672 -0.988 -0.710 -0.633
-1.187 -1.725 -1.883 -1.602 -1.600
-0.136 -0.866 -0.976 -0.932 -0.694
-0.163 -0.571 -0.919 -0.926 -0.711
-0.215 -0.876 -0.917 -0.919 -0.717
-0.537 -1.240 -2.059 -1.624 -1.622
-0.384 -1.438 -1.872 -1.657 -1.404
-0.321 -1.434 -1.637 -1.635 -1.437
-1.773 -3.487 -3.092 -3.097 -3.096
-1.112 -3.660 -4.103 -3.297 -3.295
1.856 -3.471 -8.518 -7.775 -6.344
-1.809 -3.873 -4.144 -3.214 -3.215
-1.900 -3.766 -3.321 -2.858 -2.946
-0.501 -1.815 -2.611 -2.497 -2.176
-0.241 -1.466 -2.181 -2.573 -2.570
-0.264 -2.067 -2.070 -2.163 -1.953
-0.114 -1.953 -2.345 -2.305 -2.249
-0.488 -1.680 -1.641 -1.645 -1.293
-0.534 -1.244 -1.723 -1.596 -1.597
-0.556 -1.000 -1.505 -1.419 -1.306
1.665 -2.595 -2.805 -2.961 -2.958
-1.016 -2.570 -3.469 -3.175 -2.911
-0.868 -2.481 -2.822 -2.366 -2.068
48.343 -3.174 -4.354 -4.436 -4.546
-3.516 -3.185 -4.683 -4.036 -3.977
-0.904 -1.761 -2.195 -1.519 -1.411
-0.704 -2.050 -2.647 -2.341 -2.340
-0.292 -1.524 -1.803 -1.530 -1.367
-0.339 -1.774 -2.566 -2.313 -2.339
-1.186 -2.441 -2.483 -2.070 -2.069
-0.930 -1.523 -2.817 -2.389 -2.372
-0.738 -1.646 -2.637 -2.112 -1.930
0.259 -1.039 -1.930 -1.716 -1.438
-0.222 -0.892 -1.209 -1.170 -1.228
-0.533 -1.373 -1.767 -0.989 -1.398
-0.702 -1.303 -1.871 -1.600 -1.598
-1.866 -7.400 -8.644 -8.740 -8.740
-5.054 -9.891 -10.265 -8.556 -8.548
-1.716 -4.769 -5.347 -5.841 -5.832
4.848 -2.681 -8.356 -7.752 -6.346
1.540 -3.257 -7.391 -6.475 -6.472
-1.617 -6.078 -7.966 -7.967 -6.514
20.392 0.273 -7.578 -6.587 -6.587
-1.184 -2.642 -2.975 -3.002 -3.002
-0.626 -2.803 -3.330 -2.946 -2.943
-1.020 -2.502 -2.403 -2.572 -2.571
-0.953 -2.436 -2.638 -2.314 -2.313
0.782 -5.023 -9.182 -8.086 -8.086
-1.653 -1.602 -3.505 -3.124 -3.130
-0.847 -2.500 -2.365 -2.575 -2.574
0.088 -2.271 -2.650 -1.995 -1.997
-0.655 -2.251 -2.276 -2.484 -2.100
-0.320 -1.399 -1.571 -1.635 -1.634
-1.419 -2.894 -2.027 -2.506 -2.145
-0.414 -1.469 -1.673 -1.674 -1.310
-0.355 -1.170 -1.933 -1.715 -1.448
-0.166 -1.468 -1.907 -1.650 -1.298
-0.406 -1.417 -1.898 -1.571 -1.384
0.182 -0.538 -1.925 -1.620 -1.622
-1.011 -1.360 -1.428 -1.428 -1.273
-0.276 -1.327 -1.855 -1.466 -1.378
-1.508 -7.325 -7.963 -7.995 -7.996
-0.633 -1.795 -1.628 -1.403 -1.403
-0.424 -1.284 -1.633 -1.633 -1.405
-0.874 -1.768 -2.003 -1.632 -1.629
-1.327 -2.110 -1.914 -1.601 -1.600
-0.144 -0.697 -0.928 -0.924 -0.710
-0.277 -0.717 -0.833 -0.771 -0.771
-5.466 -9.602 -9.537 -9.562 -8.309
9.225 -7.013 -8.155 -8.470 -8.469
-1.062 -1.981 -1.911 -1.626 -1.627
-0.470 -1.482 -2.073 -1.626 -1.626
-0.985 -1.926 -1.782 -1.639 -1.638
-0.449 -1.592 -1.845 -1.653 -1.322
-1.279 -2.012 -2.081 -1.627 -1.626
-0.194 -1.545 -1.637 -1.634 -1.633
-1.123 -1.322 -1.418 -1.427 -1.283
0.748 -0.877 -1.913 -1.603 -1.602
-0.798 -1.367 -1.848 -1.587 -1.585
-0.374 -1.475 -1.885 -1.625 -1.427
-0.387 -1.719 -1.969 -1.730 -1.396
-0.387 -1.308 -1.421 -1.427 -1.288
-0.692 -1.798 -1.603 -1.461 -1.402
-0.015 -1.320 -1.568 -1.147 -1.343
-0.554 -1.380 -1.426 -1.428 -1.289
-0.932 -1.847 -1.817 -1.639 -1.638
-0.459 -1.739 -2.091 -1.627 -1.627
-0.169 -1.627 -1.901 -1.634 -1.407
-1.277 -1.659 -1.603 -1.634 -1.634
0.163 0.104 -1.306 -1.354 -1.429
-0.712 -1.774 -1.871 -1.369 -1.403
-0.581 -0.946 -1.116 -1.418 -1.567
-1.331 -1.824 -1.996 -1.625 -1.625
-0.678 -1.635 -1.958 -1.561 -1.541
-0.531 -1.389 -1.823 -1.521 -1.521
-1.010 -0.886 -1.715 -1.591 -1.590
-0.448 -1.484 -1.758 -1.638 -1.430
-1.259 -2.086 -1.914 -1.601 -1.601
-0.118 -1.271 -1.609 -1.529 -1.525
-1.282 -2.043 -1.875 -1.627 -1.629
-0.563 -1.116 -1.319 -1.430 -1.279
-0.498 -1.394 -1.540 -1.542 -1.379
-0.364 -1.115 -1.581 -1.722 -1.459
-1.285 -2.091 -2.069 -1.628 -1.627
-0.209 -0.689 -0.980 -0.925 -0.711
-0.173 -0.569 -0.975 -0.926 -0.708
0.426 -1.133 -1.520 -1.423 -1.304
-0.471 -1.750 -2.013 -1.532 -1.441
-0.968 -1.855 -1.825 -1.480 -1.456
-0.241 -1.544 -1.651 -1.663 -1.321
-0.952 -2.093 -2.076 -1.627 -1.626
-0.102 -0.871 -0.976 -0.925 -0.713
0.001 -1.092 -1.525 -1.585 -1.585
-0.272 -0.772 -1.026 -0.532 -0.533
-1.773 -3.487 -3.092 -3.097 -3.096
-1.112 -3.660 -4.103 -3.297 -3.295
-1.475 -3.389 -3.288 -2.989 -2.988
-1.675 -3.464 -3.037 -3.043 -3.042
-2.392 -4.133 -3.128 -3.142 -3.141
-1.086 -3.139 -3.270 -3.269 -3.268
-0.803 -2.589 -3.063 -3.181 -3.179
-1.431 -3.270 -3.955 -3.223 -2.976
-0.449 -1.896 -2.230 -2.577 -2.574
-0.200 -1.601 -2.218 -2.574 -2.573
-0.456 -1.812 -2.680 -2.273 -2.141
-0.494 -1.596 -1.893 -2.070 -2.069
-0.338 -2.479 -2.005 -2.021 -2.020
0.117 -1.471 -2.343 -2.573 -2.574
-0.391 -2.361 -2.316 -2.404 -2.240
-1.879 -3.080 -3.260 -1.712 -1.713
-0.699 -1.554 -1.952 -1.640 -1.440
-0.273 -1.452 -1.938 -1.519 -1.416
-0.605 -3.801 -4.635 -4.462 -4.458
-1.472 -4.205 -4.413 -4.425 -4.552
-0.856 -1.886 -2.207 -2.069 -1.914
-0.819 -1.925 -2.217 -2.575 -2.575
0.144 -2.546 -3.509 -2.574 -2.574
2.642 -1.046 -4.429 -4.212 -4.210
11.027 -2.136 -4.383 -4.856 -4.853
-0.450 -1.294 -1.931 -1.504 -1.408
-2.221 -5.970 -6.849 -6.160 -5.292
0.496 -0.687 -3.517 -3.107 -3.198
-1.581 -3.439 -3.100 -3.100 -3.100
-2.156 -3.934 -3.483 -2.989 -2.986
-1.154 -2.880 -3.992 -3.340 -2.595
-0.336 -1.612 -2.671 -2.061 -2.059
-1.182 -1.822 -2.189 -2.572 -2.570
-1.092 -2.261 -2.343 -2.303 -2.241
-0.695 -2.147 -2.654 -2.043 -2.170
-0.651 -2.323 -2.162 -2.293 -2.288
-1.125 -2.568 -2.832 -2.324 -2.133
-0.774 -2.594 -2.657 -2.529 -2.155
-0.008 -1.503 -1.725 -1.737 -1.868
-3.876 -7.011 -8.180 -8.180 -8.177
0.580 -4.043 -7.172 -7.870 -6.591
-0.972 -1.614 -1.896 -1.381 -1.379
-0.549 -4.638 -6.100 -6.143 -5.557
-5.485 -10.606 -10.438 -8.432 -8.430
-0.423 -3.292 -4.897 -4.919 -4.919
-0.414 -1.469 -1.673 -1.674 -1.310
-1.810 -3.416 -3.072 -3.199 -3.199
-1.959 -3.126 -3.369 -3.341 -3.030
-0.355 -1.170 -1.933 -1.715 -1.448
-0.166 -1.468 -1.907 -1.650 -1.298
-0.406 -1.417 -1.898 -1.571 -1.384
-1.113 -2.544 -2.406 -2.382 -2.381
-0.839 -2.440 -2.436 -2.185 -2.184
-1.259 -2.086 -1.914 -1.601 -1.601
0.182 -0.538 -1.925 -1.620 -1.622
-1.011 -1.360 -1.428 -1.428 -1.273
-0.276 -1.327 -1.855 -1.466 -1.378
-0.633 -1.795 -1.628 -1.403 -1.403
0.748 -0.877 -1.913 -1.603 -1.602
-0.424 -1.284 -1.633 -1.633 -1.405
-0.144 -0.697 -0.928 -0.924 -0.710
-0.277 -0.717 -0.833 -0.771 -0.771
-0.437 -1.681 -1.902 -1.676 -1.308
-0.622 -1.169 -1.658 -1.669 -1.309
-0.339 -1.329 -1.921 -1.547 -1.352
-1.086 -1.986 -2.133 -1.634 -1.633
-0.242 -0.923 -1.755 -0.991 -1.398
-0.706 -1.358 -1.421 -1.422 -1.317
-0.637 -1.627 -1.850 -1.362 -1.390
-0.213 -1.403 -1.686 -1.732 -1.467
-0.280 -1.405 -1.718 -1.466 -1.377
-1.086 -1.397 -1.392 -1.392 -1.296
-1.342 -1.864 -2.202 -1.479 -1.391
-0.388 -1.289 -1.525 -1.420 -1.305
-0.461 -1.515 -1.748 -1.675 -1.316
-1.084 -1.786 -1.724 -1.640 -1.638
-0.561 -1.378 -1.424 -1.429 -1.287
-1.297 -1.848 -2.076 -1.627 -1.626
-0.984 -1.650 -1.776 -1.529 -1.530
-0.446 -1.598 -1.665 -1.675 -1.312
-0.137 -1.513 -1.885 -1.640 -1.638
-0.597 -1.768 -1.903 -1.500 -1.558
0.302 -0.961 -1.609 -1.194 -1.195
-0.313 -1.662 -1.660 -1.674 -1.311
1.861 -0.751 -1.220 -1.470 -1.469
-0.728 -1.553 -1.756 -0.980 -1.400
-0.118 -1.156 -1.769 -0.992 -1.398
-1.067 -1.714 -2.025 -1.623 -1.621
-0.293 -1.510 -1.653 -1.486 -1.493
-0.479 -1.736 -1.856 -1.713 -1.433
-0.327 -1.232 -1.425 -1.429 -1.281
-1.007 -2.077 -2.023 -1.622 -1.623
0.091 -0.756 -1.383 -1.421 -1.333
1.777 -0.963 -1.737 -1.326 -1.327
-0.511 -1.424 -1.760 -1.618 -1.299
-0.687 -1.742 -1.983 -1.320 -1.243
-0.295 -1.000 -1.518 -1.474 -1.361
-0.016 -0.891 -1.750 -1.634 -1.633
-1.251 -1.927 -1.824 -1.640 -1.638
-0.418 -0.791 -0.930 -0.869 -0.681
-1.051 -1.608 -2.030 -1.637 -1.636
-0.483 -1.369 -1.425 -1.429 -1.281
-0.299 -0.906 -1.077 -0.563 -0.564
0.012 -1.133 -1.420 -1.428 -1.278
-0.132 -1.500 -1.640 -1.649 -1.314
-0.306 -0.830 -0.984 -0.925 -0.711
-0.358 -0.851 -0.712 -0.926 -0.711
-0.677 -0.879 -1.897 -1.626 -1.626
-1.773 -3.487 -3.092 -3.097 -3.096
-1.112 -3.660 -4.103 -3.297 -3.295
-2.272 -3.679 -3.671 -2.731 -2.754
-2.267 -3.945 -3.767 -2.887 -2.884
-2.649 -4.198 -3.601 -3.148 -3.148
-2.519 -4.153 -3.973 -3.159 -3.156
-1.740 -2.892 -4.094 -3.197 -3.198
-1.208 -1.519 -2.441 -2.453 -2.053
8.314 -1.063 -5.846 -5.956 -4.478
-0.423 -2.305 -2.816 -2.825 -2.726
-0.967 -2.436 -2.922 -2.604 -2.172
-1.553 -2.454 -2.626 -2.055 -2.017
-0.407 -2.115 -2.950 -2.417 -2.228
-1.478 -2.638 -2.633 -2.345 -2.343
-0.529 -2.316 -1.649 -1.664 -1.850
-0.804 -1.550 -2.616 -2.355 -2.353
-1.061 -2.393 -2.664 -2.574 -2.573
-0.065 -1.366 -2.407 -1.870 -1.889
-0.723 -2.516 -2.129 -2.574 -2.570
-1.213 -2.746 -2.631 -2.420 -2.417
-1.224 -1.754 -2.055 -1.625 -1.624
-1.239 -5.413 -8.375 -8.455 -6.935
0.731 -4.637 -5.497 -4.929 -4.925
0.541 -5.457 -6.473 -6.346 -6.344
-0.600 -2.454 -3.731 -3.272 -3.273
-2.092 -3.846 -3.866 -2.973 -2.969
-1.921 -5.201 -5.395 -5.399 -5.398
-2.055 -3.976 -3.541 -3.030 -2.690
-1.812 -3.408 -4.147 -3.212 -3.214
-0.472 -2.352 -2.500 -2.944 -2.998
-0.753 -2.600 -2.876 -2.955 -2.691
-0.557 -1.307 -1.417 -1.422 -1.308
-0.889 -2.012 -2.049 -1.610 -1.609
-1.409 -1.754 -2.722 -2.420 -2.115
-0.775 -2.407 -2.665 -2.051 -2.051
-1.227 -1.582 -2.821 -2.575 -2.308
-0.728 -2.532 -2.587 -2.342 -2.338
-1.282 -2.553 -2.407 -2.574 -2.572
-0.196 -1.289 -2.636 -2.030 -2.028
-0.159 -1.419 -2.803 -1.933 -1.980
5.867 -1.623 -6.756 -6.145 -5.542
9.847 -0.871 -7.672 -7.904 -7.903
-0.060 -1.558 -2.380 -2.437 -2.150
-0.962 -2.598 -2.740 -2.300 -2.298
-0.336 -1.437 -1.730 -0.977 -1.399
-0.071 -1.202 -1.979 -1.703 -1.377
-0.414 -1.469 -1.673 -1.674 -1.310
-0.355 -1.170 -1.933 -1.715 -1.448
-0.166 -1.468 -1.907 -1.650 -1.298
-0.406 -1.417 -1.898 -1.571 -1.384
-1.259 -2.086 -1.914 -1.601 -1.601
0.182 -0.538 -1.925 -1.620 -1.622
-1.011 -1.360 -1.428 -1.428 -1.273
-0.276 -1.327 -1.855 -1.466 -1.378
-0.633 -1.795 -1.628 -1.403 -1.403
0.748 -0.877 -1.913 -1.603 -1.602
-0.424 -1.284 -1.633 -1.633 -1.405
-2.055 -3.868 -3.998 -2.589 -2.589
-1.555 -3.502 -3.095 -3.098 -3.096
-2.830 -8.199 -8.077 -6.418 -6.420
-0.341 -1.675 -2.188 -2.041 -2.042
-0.144 -0.697 -0.928 -0.924 -0.710
-0.277 -0.717 -0.833 -0.771 -0.771
-3.815 -8.847 -9.101 -9.154 -9.152
-0.300 -1.610 -1.907 -1.586 -1.257
-1.033 -1.834 -1.949 -1.526 -1.417
-0.190 -1.060 -1.630 -1.195 -1.318
-0.773 -1.364 -1.756 -1.402 -1.406
-0.427 -1.306 -1.422 -1.428 -1.272
-0.563 -1.253 -1.864 -1.627 -1.509
-0.271 -1.492 -1.541 -1.717 -1.444
-0.531 -1.409 -1.755 -1.569 -1.397
-1.032 -2.042 -2.057 -1.622 -1.620
-0.277 -1.400 -1.925 -1.585 -1.584
-0.867 -1.809 -2.065 -1.626 -1.626
-0.260 -1.411 -1.491 -1.507 -1.506
-0.398 -1.371 -1.429 -1.429 -1.284
-0.842 -1.355 -1.885 -1.569 -1.610
-0.983 -1.754 -1.831 -1.639 -1.638
-0.390 -1.547 -1.922 -1.552 -1.462
-0.555 -1.451 -1.931 -1.424 -1.346
-0.224 -1.424 -1.814 -1.677 -1.312
-1.257 -2.001 -1.830 -1.640 -1.639
-0.955 -1.517 -1.828 -1.640 -1.639
-0.560 -1.391 -1.428 -1.428 -1.275
-1.030 -1.631 -1.881 -1.561 -1.559
-0.932 -1.789 -2.076 -1.625 -1.625
-0.505 -1.668 -1.583 -1.589 -1.412
-0.327 -1.167 -1.521 -1.423 -1.318
-0.616 -1.523 -1.676 -1.599 -1.595
-0.457 -1.248 -1.208 -1.452 -1.361
-0.201 -0.659 -0.923 -0.797 -0.715
-0.920 -1.432 -1.424 -1.428 -1.281
-0.382 -1.627 -1.823 -1.653 -1.319
-0.506 -1.335 -1.429 -1.429 -1.285
-0.154 -0.745 -0.915 -0.758 -0.701
-0.133 -0.626 -0.810 -0.838 -0.680
-0.436 -1.258 -1.494 -1.641 -1.338
-0.425 -1.297 -1.579 -1.206 -1.329
-0.560 -1.647 -1.944 -1.692 -1.290
-0.557 -1.370 -1.425 -1.429 -1.277
-1.000 -2.031 -1.818 -1.639 -1.637
-0.132 -1.431 -1.598 -1.738 -1.398
-0.484 -1.389 -1.430 -1.428 -1.280
-0.958 -1.611 -2.072 -1.627 -1.626
-0.595 -1.605 -1.297 -1.359 -1.356
-0.677 -1.693 -1.900 -1.568 -1.568
-0.994 -1.767 -1.875 -1.558 -1.559
-0.443 -0.812 -1.086 -0.531 -0.531
-0.184 -0.623 -0.961 -0.925 -0.712
-1.773 -3.487 -3.092 -3.097 -3.096
-1.112 -3.660 -4.103 -3.297 -3.295
-1.177 -3.233 -3.095 -3.100 -3.100
-0.809 -2.910 -3.592 -3.083 -2.931
-1.519 -3.924 -3.339 -3.002 -2.889
1.520 -2.146 -4.680 -4.599 -4.242
-1.782 -3.552 -3.132 -3.448 -3.149
-0.385 -2.885 -3.046 -2.818 -2.817
-0.867 -3.044 -3.910 -2.945 -2.944
-0.877 -2.423 -2.513 -2.356 -2.355
-0.259 -2.115 -2.437 -2.211 -2.211
-1.300 -5.389 -6.510 -6.533 -6.097
-1.361 -2.674 -2.829 -2.369 -2.367
-0.435 -1.964 -2.041 -2.041 -1.878
-1.433 -1.954 -2.335 -2.307 -2.235
-0.531 -1.854 -2.743 -2.534 -2.157
-0.385 -1.704 -2.414 -2.044 -2.042
-0.893 -1.605 -1.818 -1.636 -1.632
-0.889 -1.989 -2.122 -1.637 -1.635
-1.058 -2.072 -2.078 -1.623 -1.623
0.347 -0.794 -1.992 -1.499 -1.555
-0.845 -1.581 -1.651 -1.669 -1.310
-0.412 -1.395 -1.925 -1.480 -1.397
-0.448 -1.244 -1.415 -1.421 -1.310
0.070 -0.709 -1.723 -1.484 -1.483
-0.323 -1.253 -1.563 -1.122 -1.144
-2.909 -6.852 -7.165 -7.165 -7.164
24.436 -1.249 -1.552 -1.583 -1.331
-0.694 -1.480 -1.667 -1.629 -1.628
-0.555 -1.289 -1.429 -1.429 -1.281
-1.063 -2.057 -1.981 -1.627 -1.625
-0.928 -2.733 -2.324 -3.054 -3.037
-0.222 -2.131 -3.443 -3.198 -3.196
-1.612 -3.435 -3.256 -3.126 -3.126
-1.482 -3.241 -2.930 -2.996 -2.993
-2.262 -4.116 -3.634 -3.175 -3.173
-0.269 -1.723 -2.459 -2.068 -2.064
-0.648 -1.223 -1.358 -1.385 -1.390
-0.315 -1.030 -1.230 -1.354 -1.430
-0.458 -1.367 -1.929 -1.608 -1.404
-0.374 -1.690 -2.065 -1.625 -1.625
-0.498 -1.476 -2.025 -1.616 -1.614
-0.563 -1.380 -1.430 -1.429 -1.282
-3.633 -7.553 -8.289 -8.288 -8.288
183.834 -1.202 -4.919 -4.798 -4.198
-1.149 -2.742 -3.049 -3.093 -3.092
-1.333 -2.488 -2.374 -2.575 -2.574
0.096 -1.589 -2.014 -1.891 -2.051
-1.332 -2.697 -2.792 -2.141 -2.138
7.265 1.726 -7.932 -8.597 -7.955
-1.237 -6.078 -5.869 -6.732 -6.731
-0.414 -1.469 -1.673 -1.674 -1.310
-0.355 -1.170 -1.933 -1.715 -1.448
-0.166 -1.468 -1.907 -1.650 -1.298
-0.406 -1.417 -1.898 -1.571 -1.384
-1.259 -2.086 -1.914 -1.601 -1.601
0.182 -0.538 -1.925 -1.620 -1.622
-1.011 -1.360 -1.428 -1.428 -1.273
-0.276 -1.327 -1.855 -1.466 -1.378
-0.633 -1.795 -1.628 -1.403 -1.403
0.748 -0.877 -1.913 -1.603 -1.602
-0.424 -1.284 -1.633 -1.633 -1.405
-1.122 -6.656 -7.964 -8.030 -7.596
-0.144 -0.697 -0.928 -0.924 -0.710
-0.277 -0.717 -0.833 -0.771 -0.771
-0.476 -1.208 -1.430 -1.429 -1.278
-0.996 -1.334 -1.428 -1.429 -1.281
-0.539 -1.674 -2.012 -1.404 -1.404
-0.466 -1.610 -1.826 -1.637 -1.431
0.397 -1.277 -1.940 -1.723 -1.453
-0.713 -1.782 -1.585 -1.463 -1.399
-1.134 -1.960 -1.810 -1.762 -1.513
-0.996 -1.649 -2.077 -1.626 -1.626
-0.449 -1.267 -1.967 -1.385 -1.420
-1.273 -1.707 -2.140 -1.638 -1.638
-0.722 -1.409 -1.827 -1.570 -1.569
-0.439 -1.483 -1.907 -1.771 -1.359
-0.549 -1.683 -1.652 -1.634 -1.407
-0.713 -1.763 -1.623 -1.452 -1.424
-0.425 -1.574 -1.845 -1.633 -1.407
-1.321 -1.987 -2.034 -1.637 -1.636
-0.449 -1.499 -1.903 -1.672 -1.311
0.035 -1.181 -1.854 -1.370 -1.369
-0.469 -1.066 -1.940 -1.676 -1.309
-0.561 -1.348 -1.428 -1.429 -1.278
-0.245 -1.619 -1.896 -1.675 -1.311
-1.331 -2.082 -1.831 -1.640 -1.638
-0.244 -0.939 -1.793 -1.566 -1.603
-0.728 -1.222 -1.382 -1.301 -1.300
-0.311 -1.383 -1.929 -1.539 -1.260
-0.643 -1.598 -1.979 -1.304 -1.303
-1.134 -1.913 -1.932 -1.477 -1.412
-0.467 -1.312 -1.645 -1.647 -1.442
-0.976 -2.088 -1.884 -1.632 -1.630
-0.913 -2.094 -2.188 -1.585 -1.586
-0.397 -1.480 -2.012 -1.622 -1.619
-0.319 -0.767 -1.642 -1.765 -1.480
-0.208 -1.220 -1.851 -1.516 -1.590
-0.702 -1.665 -1.886 -1.363 -1.397
-0.605 -1.479 -1.934 -1.722 -1.451
-0.170 -1.548 -1.903 -1.740 -1.403
-0.119 -1.402 -1.781 -1.385 -1.425
-1.136 -1.962 -1.934 -1.477 -1.398
-0.530 -1.393 -1.769 -1.785 -1.364
-1.132 -1.236 -1.961 -1.565 -1.563
-1.039 -1.687 -1.766 -1.281 -1.278
-0.451 -1.499 -1.724 -1.566 -1.351
-0.475 -1.574 -1.971 -1.329 -1.262
-0.466 -1.357 -1.773 -1.629 -1.458
-0.750 -1.665 -1.864 -1.460 -1.459
-0.728 -1.518 -1.928 -1.599 -1.597
-0.118 -0.829 -0.988 -0.711 -0.637
-1.773 -3.487 -3.092 -3.097 -3.096
-1.365 -3.556 -3.082 -3.085 -3.085
-2.570 -3.956 -4.142 -3.177 -3.174
-1.824 -3.134 -3.260 -3.277 -3.275
-0.325 -1.958 -1.965 -1.989 -1.753
-1.044 -1.974 -2.319 -2.293 -2.158
-0.336 -1.975 -2.877 -2.394 -2.371
-0.930 -2.169 -2.868 -2.397 -2.378
-0.633 -2.361 -2.159 -1.982 -1.982
-0.839 -1.866 -2.368 -2.357 -2.355
-1.032 -1.728 -2.550 -2.577 -2.575
-1.058 -1.958 -1.762 -1.629 -1.627
-0.298 -1.239 -1.311 -1.577 -1.575
-0.958 -1.651 -1.702 -1.633 -1.633
0.110 -2.166 -3.925 -3.295 -2.573
-0.675 -3.077 -3.208 -3.225 -2.985
-0.873 -1.807 -2.373 -2.574 -2.571
-1.209 -2.922 -2.721 -2.219 -2.214
-0.153 -1.318 -2.022 -1.992 -1.991
-0.777 -2.588 -2.862 -2.532 -2.164
-0.940 -1.615 -1.379 -1.386 -1.394
-0.621 -1.506 -2.071 -1.608 -1.609
-0.276 -1.336 -1.937 -1.526 -1.418
-0.503 -1.358 -1.425 -1.435 -1.281
-0.148 -1.187 -1.484 -1.415 -1.418
-0.194 -0.952 -1.654 -1.623 -1.411
-0.165 -1.017 -1.385 -1.392 -1.307
0.741 -4.072 -4.250 -4.269 -4.268
-0.760 -2.387 -2.811 -2.373 -2.371
-0.719 -2.456 -2.895 -2.360 -2.357
-0.886 -2.730 -2.363 -2.370 -2.371
-0.958 -1.852 -1.644 -1.550 -1.550
6.006 -4.096 -6.603 -6.040 -6.040
1.877 0.123 -4.014 -3.335 -3.152
-1.461 -2.483 -2.073 -2.106 -2.091
-1.254 -2.666 -2.990 -2.386 -2.383
-0.244 -1.458 -1.527 -1.654 -1.652
-1.106 -1.746 -1.888 -1.638 -1.638
-0.526 -1.319 -1.412 -1.427 -1.280
-3.194 -6.303 -7.250 -7.281 -7.279
1.453 -2.298 -3.458 -3.726 -3.727
4.052 -3.779 -6.518 -6.041 -5.502
-4.710 -7.252 -7.417 -6.713 -5.470
4.903 -1.115 -3.292 -3.294 -3.294
-0.533 -1.749 -1.598 -1.185 -1.259
-0.414 -1.469 -1.673 -1.674 -1.310
-0.355 -1.170 -1.933 -1.715 -1.448
-0.166 -1.468 -1.907 -1.650 -1.298
-0.749 -2.314 -2.673 -2.341 -2.339
-0.406 -1.417 -1.898 -1.571 -1.384
-1.321 -1.987 -2.034 -1.637 -1.636
-1.259 -2.086 -1.914 -1.601 -1.601
0.182 -0.538 -1.925 -1.620 -1.622
-1.011 -1.360 -1.428 -1.428 -1.273
-0.276 -1.327 -1.855 -1.466 -1.378
-0.633 -1.795 -1.628 -1.403 -1.403
0.748 -0.877 -1.913 -1.603 -1.602
-0.424 -1.284 -1.633 -1.633 -1.405
-0.472 -1.139 -1.614 -1.520 -1.327
-0.214 -6.924 -8.204 -8.286 -8.286
-2.055 -7.520 -10.058 -10.061 -8.409
14.903 8.774 -6.257 -7.577 -6.406
-0.144 -0.697 -0.928 -0.924 -0.710
-0.277 -0.717 -0.833 -0.771 -0.771
-1.153 -2.086 -1.912 -1.627 -1.627
-0.284 -1.342 -1.843 -1.688 -1.288
-1.088 -1.337 -1.429 -1.429 -1.281
-0.555 -1.356 -1.424 -1.429 -1.281
-0.270 -1.442 -1.638 -1.647 -1.330
-0.453 -1.395 -1.933 -1.484 -1.417
-0.451 -1.070 -1.900 -1.674 -1.312
-0.290 -1.523 -1.916 -1.613 -1.434
-1.292 -1.761 -1.969 -1.624 -1.621
-0.528 -1.400 -1.420 -1.427 -1.275
-0.560 -1.367 -1.424 -1.429 -1.283
-0.914 -1.626 -2.073 -1.627 -1.626
-0.649 -1.440 -1.551 -1.549 -1.547
-0.395 -1.388 -2.006 -1.527 -1.436
-0.466 -1.505 -1.821 -1.642 -1.441
-0.507 -1.291 -1.420 -1.428 -1.284
-0.462 -1.377 -1.979 -1.510 -1.569
-0.767 -1.167 -1.849 -1.550 -1.366
-0.451 -1.497 -1.918 -1.556 -1.461
-1.164 -1.755 -1.704 -1.638 -1.637
-0.737 -1.362 -1.826 -1.453 -1.453
-0.741 -1.170 -1.919 -1.669 -1.308
-0.809 -1.257 -1.713 -1.506 -1.505
-1.103 -2.075 -1.574 -1.577 -1.576
12.439 10.847 -8.070 -8.467 -8.465
-0.164 -1.064 -1.901 -1.733 -1.472
-1.181 -1.924 -1.621 -1.639 -1.639
-0.420 -1.260 -1.919 -1.675 -1.462
-1.027 -1.975 -1.902 -1.627 -1.626
-0.361 -1.318 -1.676 -1.554 -1.476
-0.773 -1.431 -1.965 -1.351 -1.352
-0.274 -1.406 -2.055 -1.624 -1.624
0.763 -1.310 -1.824 -1.296 -1.295
-0.744 -1.429 -1.349 -1.320 -1.378
-0.421 -1.293 -1.925 -1.514 -1.412
-0.549 -1.395 -1.916 -1.602 -1.601
-0.418 -0.667 -1.086 -0.531 -0.531
-1.270 -1.855 -2.139 -1.639 -1.638
-0.570 -1.027 -0.907 -0.531 -0.531
-0.182 -1.005 -1.602 -1.306 -1.389
-0.844 -1.510 -1.445 -1.415 -1.410
-0.486 -1.489 0.007 -1.577 -1.585
-0.191 -0.581 -0.984 -0.925 -0.713
-0.231 -0.730 -0.984 -0.857 -0.747
-0.372 -0.845 -0.984 -0.590 -0.662
-0.160 -0.842 -0.952 -0.933 -0.696
-0.257 -0.881 -0.904 -0.760 -0.759
-1.555 -2.960 -3.096 -3.100 -3.100
-2.548 -3.905 -3.631 -3.061 -3.031
-0.478 -2.074 -2.620 -2.352 -2.350
-0.418 -1.667 -2.313 -2.480 -2.479
-0.343 -1.938 -2.852 -2.258 -2.257
-0.285 -1.681 -2.619 -2.180 -2.176
-0.128 -1.525 -2.322 -2.039 -1.867
-0.392 -2.069 -1.956 -2.002 -2.245
-0.536 -1.342 -1.418 -1.421 -1.319
-1.676 -3.784 -5.357 -3.727 -3.517
-2.264 -3.579 -4.234 -3.149 -3.149
-1.526 -3.076 -3.047 -3.098 -3.097
-1.981 -3.943 -3.687 -3.083 -2.847
-1.690 -3.098 -3.243 -3.132 -3.128
-0.989 -1.876 -2.539 -1.902 -1.941
-0.734 -2.417 -2.896 -2.324 -2.321
-0.190 -1.699 -2.473 -2.297 -2.296
0.233 -1.633 -2.197 -2.575 -2.574
-0.716 -2.563 -2.668 -2.529 -2.160
-1.193 -2.471 -2.422 -2.025 -2.188
-0.717 -1.526 -1.527 -1.703 -1.427
-0.861 -1.579 -1.720 -1.600 -1.597
-0.131 -1.329 -1.875 -1.679 -1.286
-0.550 -1.288 -1.859 -1.457 -1.458
-0.393 -1.689 -1.919 -1.560 -1.376
-0.311 -1.380 -1.861 -1.702 -1.295
1.324 -0.767 -1.763 -1.442 -1.440
-1.189 -1.847 -2.117 -1.583 -1.582
-0.137 -1.074 -1.488 -1.384 -1.188
-0.381 -1.397 -1.614 -1.431 -1.430
-0.819 -2.654 -2.343 -2.365 -2.364
-0.351 -1.168 -1.424 -1.427 -1.278
-0.550 -1.619 -1.831 -1.575 -1.575
-1.987 -3.700 -4.524 -3.782 -3.783
-0.518 -1.495 -1.879 -1.382 -1.382
6.208 -2.367 -5.946 -5.959 -5.470
215.179 -2.456 -4.216 -5.136 -3.992
-1.341 -5.385 -6.903 -5.516 -5.264
-1.284 -5.341 -6.265 -6.291 -5.830
-0.495 -1.911 -1.976 -2.064 -2.062
-0.800 -1.736 -2.199 -1.491 -1.428
-0.521 -1.648 -1.964 -1.344 -1.343
-0.414 -1.469 -1.673 -1.674 -1.310
0.346 -2.397 -4.918 -5.140 -5.064
-0.355 -1.170 -1.933 -1.715 -1.448
-0.166 -1.468 -1.907 -1.650 -1.298
-0.406 -1.417 -1.898 -1.571 -1.384
-0.958 -1.852 -1.644 -1.550 -1.550
-1.321 -1.987 -2.034 -1.637 -1.636
-1.259 -2.086 -1.914 -1.601 -1.601
0.182 -0.538 -1.925 -1.620 -1.622
0.301 -6.214 -7.874 -7.919 -6.799
-0.395 -1.388 -2.006 -1.527 -1.436
-1.011 -1.360 -1.428 -1.428 -1.273
-0.206 -6.122 -11.735 -10.435 -9.421
-0.682 -5.795 -7.755 -7.817 -7.817
27.558 24.478 -5.072 -5.595 -5.595
-0.276 -1.327 -1.855 -1.466 -1.378
0.071 -4.924 -7.197 -6.082 -6.312
-0.633 -1.795 -1.628 -1.403 -1.403
9.765 1.554 -10.467 -8.813 -8.811
-0.231 -0.730 -0.984 -0.857 -0.747
-0.144 -0.697 -0.928 -0.924 -0.710
-0.277 -0.717 -0.833 -0.771 -0.771
15.269 8.041 -3.093 -3.689 -3.691
-0.472 -1.549 -1.937 -1.647 -1.296
-0.984 -1.354 -1.919 -1.723 -1.454
-0.984 -1.397 -1.421 -1.721 -1.452
-1.049 -1.920 -1.867 -1.567 -1.564
-0.200 -1.400 -1.907 -1.649 -1.298
-1.327 -1.862 -1.969 -1.640 -1.638
-0.491 -1.700 -1.670 -1.675 -1.311
-0.728 -1.959 -1.830 -1.586 -1.585
-0.553 -1.768 -1.964 -1.580 -1.412
-0.388 -1.403 -1.932 -1.536 -1.443
-0.549 -1.336 -1.429 -1.429 -1.281
-0.575 -1.409 -1.427 -1.429 -1.288
-1.265 -1.757 -1.492 -1.558 -1.307
-0.441 -1.548 -1.882 -1.669 -1.311
-0.918 -1.223 -1.928 -1.720 -1.443
-0.311 -1.602 -1.912 -1.552 -1.463
-0.992 -1.534 -1.936 -1.507 -1.410
-0.919 -1.943 -1.690 -1.600 -1.596
-0.248 -1.312 -1.651 -1.554 -1.463
-1.327 -2.034 -1.835 -1.639 -1.637
-0.296 -1.651 -1.646 -1.652 -1.312
-0.419 -1.539 -1.497 -1.635 -1.408
-1.272 -1.321 -2.008 -1.633 -1.631
-0.992 -1.568 -1.570 -1.731 -1.465
-0.841 -1.532 -1.643 -1.673 -1.310
-0.324 -0.888 -1.220 -1.515 -1.514
-0.149 -1.358 -1.917 -1.578 -1.578
-1.065 -2.084 -1.651 -1.570 -1.570
-0.252 -0.900 -1.650 -1.523 -1.523
-0.327 -1.730 -1.765 -1.527 -1.527
-0.063 -1.308 -1.960 -1.516 -1.529
-0.243 -1.388 -1.758 -1.037 -1.351
-0.950 -1.757 -1.747 -1.603 -1.605
-0.081 -1.468 -1.900 -1.644 -1.390
-0.211 -1.263 -1.412 -1.420 -1.321
-1.189 -1.822 -2.059 -1.623 -1.622
-0.405 -1.313 -1.439 -1.493 -1.443
-0.573 -1.058 -1.921 -1.635 -1.636
-0.087 -1.112 -1.218 -1.464 -1.405
-0.252 -1.362 -2.066 -1.627 -1.626
-0.956 -2.140 -1.849 -1.590 -1.588
-0.072 -0.680 -0.914 -0.897 -0.679
-0.238 -0.860 -0.980 -0.925 -0.712
-0.234 -0.718 -0.981 -0.925 -0.713
-0.403 -0.912 -0.937 -0.869 -0.681
-0.142 -0.802 -0.989 -0.869 -0.683
-0.173 -0.884 -0.915 -0.919 -0.717
-0.830 -2.898 -3.255 -2.988 -2.884
-0.498 -3.313 -3.913 -3.090 -2.564
-0.770 -2.532 -2.672 -3.108 -3.105
-1.450 -3.176 -2.521 -2.378 -2.396
-2.023 -1.439 -3.918 -3.246 -2.593
0.214 -2.551 -3.179 -3.535 -3.000
-2.450 -4.086 -3.604 -3.151 -3.151
-2.242 -3.995 -3.603 -3.159 -3.156
0.168 -2.245 -2.929 -2.567 -2.565
-0.827 -2.146 -2.516 -2.381 -2.361
-0.324 -1.702 -2.701 -2.417 -2.132
-0.593 -1.985 -2.109 -2.112 -1.955
-0.291 -1.516 -2.654 -2.201 -2.198
-0.366 -2.427 -2.602 -2.382 -2.380
-0.677 -2.267 -2.630 -2.314 -2.312
-0.881 -2.408 -2.731 -2.375 -2.374
-0.325 -1.912 -2.667 -2.340 -2.338
-1.006 -2.579 -2.939 -2.958 -2.797
-0.232 -1.796 -2.582 -2.043 -2.167
-1.360 -2.798 -2.202 -2.518 -2.136
-0.868 -1.938 -1.921 -2.369 -2.365
0.532 -1.735 -2.582 -2.048 -2.046
-0.733 -2.436 -2.477 -2.526 -2.160
-0.771 -1.918 -2.726 -2.534 -2.166
-0.975 -2.014 -2.068 -1.625 -1.623
-0.708 -1.364 -1.924 -1.682 -1.430
-0.310 -1.407 -2.005 -1.572 -1.401
-0.381 -1.273 -1.428 -1.428 -1.282
-0.487 -1.367 -1.419 -1.422 -1.317
-0.788 -1.576 -1.862 -1.496 -1.497
-0.392 -1.583 -1.573 -1.616 -1.436
-0.409 -1.393 -1.386 -1.388 -1.396
-0.288 -1.370 -1.764 -1.310 -1.310
-2.129 -3.947 -2.809 -2.874 -2.875
-1.537 -2.812 -2.317 -2.381 -2.086
-0.433 -1.182 -1.384 -1.388 -1.288
-0.610 -1.254 -1.417 -1.420 -1.296
-0.510 -1.566 -1.924 -1.514 -1.410
-0.175 -0.990 -1.535 -1.578 -1.577
-1.177 -3.528 -4.491 -3.504 -3.508
-2.733 -6.797 -7.732 -7.736 -7.735
-1.988 -5.287 -6.911 -6.954 -6.286
-1.096 -4.214 -5.157 -5.296 -5.184
0.892 -5.099 -6.552 -7.112 -7.111
-0.414 -1.469 -1.673 -1.674 -1.310
-2.850 -7.946 -7.359 -7.443 -6.711
-0.355 -1.170 -1.933 -1.715 -1.448
1.506 -8.297 -8.126 -8.277 -8.275
-3.052 -8.121 -8.775 -8.797 -8.795
-0.166 -1.468 -1.907 -1.650 -1.298
-0.406 -1.417 -1.898 -1.571 -1.384
-0.958 -1.852 -1.644 -1.550 -1.550
-1.321 -1.987 -2.034 -1.637 -1.636
-1.259 -2.086 -1.914 -1.601 -1.601
0.182 -0.538 -1.925 -1.620 -1.622
-0.559 -6.180 -7.958 -7.994 -7.996
-0.395 -1.388 -2.006 -1.527 -1.436
-1.011 -1.360 -1.428 -1.428 -1.273
-0.276 -1.327 -1.855 -1.466 -1.378
-0.633 -1.795 -1.628 -1.403 -1.403
-0.824 -5.434 -7.888 -7.954 -7.955
-0.231 -0.730 -0.984 -0.857 -0.747
-0.144 -0.697 -0.928 -0.924 -0.710
-0.277 -0.717 -0.833 -0.771 -0.771
14.221 12.180 -7.805 -8.531 -8.526
-0.967 -1.589 -1.719 -1.601 -1.599
-1.001 -1.878 -1.816 -1.629 -1.627
-1.148 -2.101 -1.986 -1.613 -1.612
-1.187 -2.022 -1.784 -1.628 -1.626
-0.263 -1.571 -1.982 -1.673 -1.370
-0.268 -1.364 -1.922 -1.548 -1.449
-0.193 -1.023 -1.545 -1.291 -1.305
-0.572 -1.563 -1.415 -1.422 -1.309
-0.427 -1.378 -1.670 -1.674 -1.309
-1.164 -2.079 -1.908 -1.625 -1.626
-0.432 -1.372 -1.672 -1.674 -1.313
-1.242 -1.770 -1.728 -1.627 -1.626
-1.164 -1.784 -2.071 -1.626 -1.625
-0.552 -1.320 -1.427 -1.428 -1.279
-0.427 -1.616 -1.669 -1.674 -1.314
-0.434 -1.588 -1.630 -1.632 -1.403
-0.362 -1.289 -2.056 -1.608 -1.609
-0.360 -1.279 -2.065 -1.625 -1.623
-0.483 -1.162 -1.874 -1.545 -1.544
-0.466 -1.797 -1.978 -1.556 -1.519
-0.959 -1.909 -2.195 -1.504 -1.435
-0.993 -1.617 -1.570 -1.725 -1.456
-1.120 -1.878 -1.924 -1.586 -1.585
-0.427 -1.458 -1.849 -1.662 -1.315
0.584 -0.450 -1.124 -1.173 -1.282
-0.427 -1.527 -1.931 -1.535 -1.442
-0.188 -1.231 -1.888 -1.331 -1.252
-1.043 -2.051 -1.625 -1.636 -1.635
-0.311 -1.658 -1.906 -1.643 -1.440
-0.531 -1.079 -1.628 -1.633 -1.428
-1.251 -2.101 -1.885 -1.625 -1.626
-1.253 -1.867 -1.831 -1.640 -1.639
-0.548 -1.389 -1.425 -1.430 -1.281
-0.214 -1.428 -1.664 -1.673 -1.310
-0.505 -1.649 -1.882 -1.466 -1.543
-0.297 -1.324 -1.847 -1.383 -1.413
-0.691 -1.494 -1.889 -1.618 -1.396
-0.269 -1.246 -1.903 -1.650 -1.295
-0.252 -1.496 -2.075 -1.627 -1.627
-0.405 -1.186 -1.925 -1.635 -1.426
-0.342 -0.891 -1.086 -0.532 -0.532
-0.236 -0.476 -0.886 -0.756 -0.758
-0.158 -0.804 -0.940 -0.927 -0.710
-0.440 -0.723 -0.727 -0.740 -0.685
