hardness
 (GPa)  
   0.536
   0.367
  -0.493
  -0.200
  -0.110
  -0.208
  -0.815
   0.343
   0.215
  -0.602
   0.484
  -0.434
  -0.503
  -0.104
  -1.018
   0.062
  -1.443
  -0.098
   0.645
  -0.339
  -0.460
  -1.782
  -0.993
  -0.727
   0.033
  -1.944
   0.164
  -0.690
  -1.200
  -0.234
  -0.608
  -0.543
  -0.550
  -1.071
   0.421
  -0.311
  -0.130
   0.941
  -0.753
   0.307
  -0.968
  -0.184
  -0.467
  -0.428
  -0.697
  -1.363
   0.393
  -0.732
  -1.748
  -0.280
  -0.874
  -0.438
  -0.194
  -1.052
  -0.876
  -0.086
  -0.060
  -0.483
  -0.724
  -0.725
   0.304
  -1.112
   1.283
  -1.202
  -0.528
  -0.331
  -0.675
  -0.329
  -0.061
  -0.481
  -0.031
  -1.106
  -0.534
  -0.342
  -1.088
   0.775
   0.036
  -0.267
  -0.582
   0.078
  -1.116
  -0.355
  -0.308
  -0.512
  -2.998
  -1.009
  -0.913
  -0.755
  -0.577
  -0.351
  -0.732
   0.032
  -0.192
  -0.089
  -0.827
  -1.360
  -0.559
  -0.328
   0.430
  -0.302
  -0.087
  -0.323
  -1.505
  -0.820
  -0.122
  -1.768
  -0.362
  -1.894
  -1.659
   0.146
  -0.268
  -0.893
  -0.692
  -0.353
   1.089
   0.207
  -0.108
  -0.292
  -0.246
  -0.251
  -1.133
  -0.448
   1.580
   0.037
  -1.027
   0.391
  -0.204
  -1.667
  -1.004
  -0.367
  -1.347
  -2.696
   0.785
   0.013
  -0.032
   1.048
   0.114
  -0.370
  -1.636
   0.969
  -0.112
  -0.164
  -0.408
   0.260
   0.044
  -1.528
   0.035
   0.162
  -0.582
   0.872
  -0.741
   0.445
  -0.137
   0.278
  -1.438
  -1.128
   0.880
   0.366
   0.994
   1.468
   0.030
  -0.296
  -1.464
  -0.339
  -1.452
  -0.594
  -0.227
  -0.413
   0.376
  -0.360
  -1.395
   0.873
  -0.166
   0.553
   0.129
   1.134
   1.659
  -0.606
   0.899
  -0.394
  -1.224
   1.852
   0.337
   1.151
  -0.275
  -0.779
   0.578
   1.770
   1.940
   1.909
   1.283
   1.089
   1.048
   0.969
   0.004
   0.758
  -0.704
   0.404
   0.639
  -0.763
  -0.447
  -0.207
   0.913
  -0.111
  -0.435
  -0.969
  -0.111
   0.428
   0.424
   1.580
   0.872
   0.308
  -0.500
  -0.510
  -0.727
  -0.481
  -0.728
  -0.377
  -0.602
   0.226
  -0.360
  -0.029
  -0.036
   0.380
   0.136
  -0.556
  -0.076
  -0.679
   1.468
   0.783
  -0.457
   1.134
   0.994
   0.880
  -0.011
   0.556
  -0.544
  -0.278
  -0.618
  -1.398
   1.151
  -0.076
  -0.763
  -1.324
   0.335
  -0.891
   0.046
   0.171
   1.940
   1.852
   1.770
   1.659
  -0.318
   1.052
  -0.852
  -0.084
  -1.585
  -0.159
   0.179
   1.436
   1.494
   0.163
   0.388
   0.198
   0.478
   0.239
   0.329
  -0.120
  -0.896
  -0.054
  -0.958
  -0.265
  -0.454
  -1.133
   0.806
   1.487
   1.110
   0.176
  -0.121
   1.927
   0.839
  -0.372
   0.286
   0.420
   0.829
  -0.133
   0.624
  -3.091
  -0.695
   0.461
  -0.007
   1.989
   0.833
   0.777
   1.636
   1.847
   1.283
   1.089
   1.048
  -0.052
  -0.551
  -0.343
   0.536
  -0.617
   0.446
  -0.026
   1.580
   1.052
   0.031
  -1.239
  -0.071
   0.287
   0.248
  -0.612
  -1.814
  -0.114
   0.027
   0.002
   0.374
  -0.208
  -0.324
   0.093
  -0.778
   1.468
  -0.867
   0.005
  -1.345
  -0.971
   1.436
   1.134
   0.994
  -0.597
  -0.248
  -1.683
  -0.446
   0.018
   1.169
   0.304
   0.092
  -0.154
   1.151
  -0.366
   0.321
  -0.323
  -0.521
   0.154
  -0.277
   1.989
   1.940
   0.531
  -0.816
   1.852
   1.770
  -0.020
   1.659
  -0.457
  -0.713
  -0.709
  -0.106
  -0.465
  -0.945
   0.493
  -0.165
  -0.542
   1.936
  -0.919
  -0.193
   0.984
   0.431
   0.461
  -0.796
  -0.869
  -0.123
  -0.002
   0.037
   1.010
   1.082
  -0.400
   0.198
   0.795
   1.466
   1.886
  -0.147
   1.714
   0.029
   1.226
   1.391
   0.010
   0.376
   0.572
  -0.520
   0.523
   0.069
   0.852
   0.671
   1.335
  -1.599
   0.613
  -0.497
   1.727
   1.283
   1.169
   1.580
  -0.245
   0.089
   0.791
   1.439
   1.468
   1.335
   0.021
   1.436
   1.391
   0.183
  -0.512
  -1.138
  -0.433
  -0.353
   0.630
  -2.659
   0.580
  -0.304
  -0.611
  -0.218
  -0.204
   0.289
   0.306
  -0.154
  -1.454
  -1.052
  -1.490
  -0.575
   0.718
  -1.872
  -0.237
  -1.049
   1.466
   1.226
   0.383
   0.246
   1.274
  -0.177
  -0.934
   0.587
   0.377
  -0.868
   0.714
   0.167
   0.785
   0.937
  -0.216
  -1.013
  -3.215
   0.040
   1.989
   1.940
   1.886
   1.770
   1.714
  -0.042
   1.659
   1.335
   1.283
  -0.533
   0.852
   0.407
   1.445
   0.710
  -0.733
   0.316
  -0.417
  -0.475
   1.173
  -0.122
   1.221
  -0.019
   0.543
   0.701
   0.923
   0.667
   0.708
   0.782
   1.942
   2.315
   1.553
   1.679
   1.506
   0.866
  -0.123
   1.691
   1.743
  -1.532
   2.012
   0.114
  -0.293
   0.399
   1.251
  -2.768
   1.083
   0.748
   0.488
  -0.321
   0.620
   0.412
   2.066
   1.439
   1.580
   1.468
   1.436
   1.391
   0.794
   0.123
   0.648
   0.448
  -0.225
   0.558
   0.613
   0.084
  -0.179
  -0.559
  -0.411
  -0.101
  -0.745
   0.028
   0.053
   0.167
  -0.594
   0.075
  -0.319
  -0.982
   1.466
   1.445
   1.771
   0.527
  -0.470
  -0.520
  -0.388
  -1.418
  -0.009
   0.321
  -1.053
  -0.656
  -0.740
   1.156
   0.473
   0.258
   0.164
   0.882
   0.162
  -0.043
  -3.298
   0.097
   0.763
   0.795
   0.635
   2.315
  -0.324
   0.423
   2.066
   1.942
   1.886
   1.743
   1.714
   1.679
   1.659
  -0.529
   0.863
   0.559
   0.734
   0.897
  -0.520
   1.470
   0.754
   0.201
   0.293
   0.508
  -0.470
  -1.039
   1.175
  -3.081
   1.715
   0.404
   1.446
  -0.468
   1.575
   0.912
   1.035
   1.308
   1.270
   0.984
   0.510
   1.191
   0.548
   1.930
   0.077
   1.787
   1.406
   0.585
  -1.021
   1.174
  -0.627
   1.369
   0.376
  -0.129
   0.889
   0.975
   1.166
   1.152
   0.892
   1.359
   0.537
   1.580
   1.771
   1.468
  -0.119
   0.351
   0.118
   0.199
  -1.162
  -0.178
   1.181
   0.373
  -0.977
   0.011
  -0.660
   0.935
  -0.978
  -0.555
   0.527
  -0.500
   0.774
   0.554
  -1.123
   0.406
   0.772
   1.282
   0.419
  -1.459
   0.468
   1.466
   1.445
  -0.544
   1.680
  -0.917
  -0.650
  -0.400
  -1.801
   0.001
   0.474
  -0.181
   0.554
  -0.335
  -0.266
   1.465
   1.101
  -0.079
   0.390
   0.187
   0.188
   0.992
  -0.103
   0.017
   2.315
  -0.443
   2.066
   1.942
   1.886
   1.787
   1.743
   1.679
   1.659
   1.575
   1.470
  -0.595
  -0.294
   1.683
   0.859
   0.224
  -0.538
   0.380
   1.031
   1.275
   1.535
   1.595
   0.493
   0.394
   1.925
  -0.838
   0.945
   1.119
   2.061
   1.944
   0.872
   0.825
   1.378
   1.023
  -0.389
   1.934
   0.280
   0.869
  -0.240
   1.285
   1.446
   1.225
  -3.079
   0.425
   1.427
   1.539
  -0.224
   1.536
   1.474
   0.987
   1.693
   1.681
   0.076
   1.514
   1.547
   0.142
   0.732
  -3.373
   1.952
   2.268
   1.580
   1.771
  -0.031
   0.663
   0.313
  -0.174
   1.821
  -1.331
   1.817
   1.160
   1.619
  -0.617
   1.683
   1.680
   1.595
   1.038
   1.459
  -0.407
  -0.039
  -0.192
   0.069
   1.410
   0.448
   0.842
   0.898
  -0.715
   1.100
  -0.378
  -0.357
  -0.196
  -0.939
   1.126
  -0.388
  -0.250
  -0.700
   1.531
   0.178
  -0.081
   0.764
   0.800
   0.696
  -0.173
   0.401
   0.426
   1.128
   0.840
   1.053
   1.047
   0.271
   2.315
   0.848
   2.066
   0.299
   1.944
   1.886
   1.787
   1.743
   1.681
   1.679
   1.659
   2.268
   0.095
   0.804
   1.058
   1.445
  -1.542
   1.232
   0.595
   1.268
   0.789
   0.317
   2.017
   0.767
  -1.217
   0.384
   1.062
   1.040
   1.415
   0.335
  -1.335
   1.515
   1.785
   0.405
   0.862
   1.770
   0.799
   1.698
   1.710
   1.843
  -0.069
   1.016
   1.863
   2.140
   1.728
   0.962
   0.476
   0.536
   0.969
   1.654
   1.678
   1.554
   1.360
   1.030
   1.016
   1.037
   1.452
   1.771
   1.683
   1.680
   0.331
   0.202
   0.945
   1.999
  -1.237
   1.886
   0.552
   0.319
   0.432
   0.261
  -0.001
   0.658
   0.503
   0.997
   0.080
   0.652
   1.016
  -0.176
  -0.184
  -0.360
   0.496
  -0.290
   1.512
   1.428
   0.911
  -0.251
  -1.285
  -0.655
   0.677
   0.222
   0.450
  -0.236
   0.029
   1.416
   0.915
  -0.907
  -0.597
  -0.090
   0.879
   0.049
   0.728
   0.759
   0.076
  -0.186
   0.045
   2.315
   2.066
   2.017
   1.944
   1.886
   0.268
  -0.515
   1.787
   1.743
   1.728
   1.710
   1.681
   1.679
   2.268
  -0.499
   1.026
   1.445
   1.105
   0.075
   1.835
   1.584
   0.690
  -0.932
   1.931
   0.333
   0.460
   1.895
   0.705
   1.358
   0.268
   1.674
   1.960
  -0.551
   1.161
   0.536
   0.255
   1.412
   0.917
   1.024
   0.747
   0.595
   0.268
   0.234
   0.587
   1.955
   1.473
   1.656
   1.398
   0.744
   1.544
   1.685
  -0.460
  -0.081
   1.244
   0.446
   1.808
   1.835
   1.167
   1.919
   1.999
   1.886
   1.771
  -0.021
   0.488
  -0.078
   0.616
   0.932
   0.164
  -1.001
  -0.105
  -0.696
   1.070
   1.073
  -0.242
   0.285
  -0.331
   0.432
   0.017
  -0.427
  -2.822
   0.573
   0.748
   0.105
   0.003
  -0.796
  -0.311
   1.067
   1.227
   0.522
  -0.302
  -0.194
   0.368
   0.101
  -0.709
   1.216
  -1.246
   1.653
   0.789
   0.489
   1.427
  -0.476
  -0.469
   0.043
  -0.231
  -1.116
  -0.329
   1.093
  -0.362
   0.756
  -0.311
   1.181
   2.315
   2.066
   2.017
   1.955
   1.944
   1.895
   1.886
   1.787
   1.743
   1.728
   1.710
   2.268
   1.942
   0.054
  -0.632
   0.101
   1.358
   0.376
   1.263
   0.969
  -0.423
   0.039
   1.800
   1.161
   1.509
  -0.065
   1.143
   1.401
   0.613
   1.110
   1.932
   1.120
   2.019
  -0.199
   0.570
  -1.095
   1.422
   0.005
  -0.800
   1.022
   0.513
   0.767
  -1.142
  -0.807
   1.420
   1.260
   1.005
   1.171
   0.892
   1.580
   1.179
   1.459
   0.229
  -0.381
   1.999
   1.886
   1.771
  -0.764
   0.230
  -0.544
   0.747
  -0.042
  -0.477
   0.487
  -0.209
   0.875
   1.362
   0.934
   0.177
   0.794
   0.751
   1.783
   1.505
   0.394
   1.009
   0.677
  -0.505
  -0.239
   0.432
  -0.316
   0.137
  -1.260
   1.479
  -0.530
   0.945
   0.057
   0.294
  -0.633
  -0.087
   0.540
   0.497
  -0.221
  -0.478
  -0.522
   0.093
  -0.101
   0.903
  -0.263
   0.070
   2.315
   2.066
   2.017
   1.955
   1.944
   1.942
   1.895
   1.886
   1.787
   1.743
   1.728
   2.268
  -1.337
   1.138
   0.473
   0.879
   0.295
   0.381
   1.873
   0.402
  -0.136
   1.450
   2.099
   1.694
   1.194
   2.179
   0.228
   1.089
   2.122
   1.166
   0.432
   1.284
   1.201
   1.329
   0.697
   1.457
  -0.211
  -1.090
   1.398
  -1.132
   1.245
  -0.827
   0.627
   1.485
   2.345
   1.317
  -0.318
   0.818
  -0.370
   0.873
   2.349
   1.152
   1.490
   1.196
   0.903
   1.294
   0.085
   1.094
   1.999
   1.886
   1.771
  -0.626
   0.558
  -0.655
   1.643
   0.900
  -0.756
   0.738
   1.208
  -0.014
   1.783
   0.076
   0.149
   0.969
  -0.661
   1.012
  -0.585
   0.566
   1.131
  -0.276
   0.463
   0.257
  -0.093
   0.510
   0.829
   0.317
   0.663
  -0.286
  -1.797
   0.742
   0.510
   1.105
  -0.425
   1.637
   1.443
   0.691
   0.251
   0.252
   0.825
   1.072
  -0.733
   0.611
  -0.944
  -0.263
  -0.208
  -1.300
   0.464
   0.141
   1.075
   2.349
   2.122
   2.066
  -1.052
   2.017
   1.955
   1.944
   1.942
   0.091
   1.895
   1.886
   1.787
   2.268
   1.135
   0.444
   1.259
   1.685
   1.628
   0.573
   1.400
   0.792
   0.972
   0.109
   0.806
  -0.846
   1.306
   1.249
   1.093
  -0.235
   0.928
   1.240
   1.476
   1.846
   1.737
  -0.681
   1.943
   0.679
   0.582
   1.525
   0.200
   0.042
   1.659
   0.396
   1.049
  -1.707
   1.732
   0.675
   1.998
   0.855
   1.758
   1.033
   1.989
   1.288
   0.929
   1.328
   0.803
  -0.211
   1.138
   1.122
   1.382
   1.999
   1.886
   1.783
   0.704
   0.829
  -1.165
  -0.622
  -0.410
   0.732
   0.047
  -0.081
  -0.965
  -0.302
   0.783
   1.414
   0.860
   0.289
  -0.005
  -0.489
   0.394
   0.358
   0.734
  -0.276
   1.546
  -0.039
   0.940
   0.285
  -0.202
  -1.104
   0.777
   0.379
   0.362
  -0.253
   0.546
   0.929
   1.486
   1.789
   0.015
   1.757
   0.541
   0.396
  -0.596
   0.985
  -0.507
   0.007
  -0.029
  -0.207
  -1.200
   2.349
   0.670
   2.122
   2.066
   2.017
   1.955
   1.944
   1.942
   1.895
   1.886
   1.846
   1.787
  -0.347
   2.268
  -0.488
  -0.917
  -0.835
   0.444
   1.105
   0.863
  -0.757
   1.810
   1.248
   1.154
  -0.173
   1.053
   0.667
   1.632
  -0.401
  -2.549
   0.922
   1.729
   1.516
   1.353
  -2.789
   1.861
   1.313
   0.257
   1.743
   2.176
   1.287
   1.223
   0.320
   0.065
   1.530
   2.333
   1.593
  -0.643
   1.546
   2.163
  -0.377
   1.059
  -0.940
   1.546
   1.092
   0.115
   1.999
   1.886
   1.789
   1.026
   0.989
   0.371
   0.417
   1.795
  -0.618
   0.641
   1.152
   1.463
   1.494
  -0.130
   0.935
   0.297
   0.370
   0.067
   0.629
   0.275
   1.477
   0.537
  -0.096
  -0.130
   1.219
   0.414
  -0.400
  -0.287
   0.650
   0.683
  -0.441
   0.719
   0.186
  -1.307
  -0.755
   0.315
  -1.336
  -0.670
   1.156
  -0.942
   0.192
  -0.239
  -0.265
  -0.661
  -0.650
   2.349
   1.791
   1.193
   2.176
   2.122
   0.514
   2.017
   1.955
   1.944
   1.942
   1.895
   1.886
   1.846
   1.787
  -2.741
   2.268
  -1.783
   1.213
   1.707
   0.224
   0.197
  -0.902
   1.263
   0.030
   0.422
  -1.082
  -0.047
   0.069
   1.487
   1.071
   0.505
   0.842
   1.175
   1.445
   1.494
   1.931
   0.624
   0.479
  -1.111
  -0.631
   1.664
   1.512
   0.973
   0.422
   1.461
   0.622
   1.043
   1.164
  -0.240
   1.093
   0.855
  -0.147
   1.574
   1.812
   1.624
   1.134
   1.614
   0.959
   0.212
   1.999
   1.886
   1.795
   0.563
   1.021
   1.453
   0.603
   1.392
   0.702
   1.089
   0.050
   1.246
   1.118
   0.968
   0.181
   1.009
   1.577
   0.657
   0.237
  -0.261
   1.182
   0.242
   0.673
  -0.353
  -0.537
   1.220
  -0.762
  -0.320
  -0.144
   0.925
   1.046
   1.506
   0.795
   0.123
   1.552
   0.279
   1.052
   0.795
   0.512
   1.012
   0.184
   1.331
  -1.573
  -0.602
  -0.615
   1.668
   0.480
   0.911
   2.349
   2.176
   2.122
   2.017
   1.955
   1.944
   1.942
   1.895
   1.886
   1.846
   1.812
   2.268
  -0.172
  -0.228
  -0.972
   0.754
  -0.300
  -0.276
   1.007
  -0.161
   1.955
   0.739
   0.431
   1.912
   1.241
   1.341
   0.155
   0.425
   0.486
   1.764
   1.589
  -1.120
   1.587
  -0.957
   0.679
   1.544
   0.213
   1.133
  -0.045
   0.444
  -0.283
   1.238
   0.311
   0.365
   1.622
   1.261
   1.657
   1.315
   2.022
   0.370
   0.384
   2.104
   1.465
   1.246
   0.700
   1.497
   2.237
   1.999
   1.886
   1.795
   1.460
   0.627
  -0.511
   0.376
   1.509
   0.970
   0.422
   1.284
  -0.469
  -0.678
  -0.245
   0.444
   1.331
   1.103
  -0.263
   0.836
   1.425
   1.208
  -0.303
   0.976
   0.661
   1.431
   0.280
   1.176
   0.454
   1.075
  -0.571
   0.336
   0.659
  -0.286
  -0.092
  -0.149
  -0.541
   0.924
   0.007
  -0.458
   1.420
   0.727
  -0.113
   0.126
  -0.946
   0.344
   1.220
   0.151
   2.349
   2.176
   2.122
   0.409
   2.017
   1.955
   1.955
   1.942
   1.895
   1.886
   1.846
   1.812
  -0.584
   0.398
   0.768
  -1.247
   2.268
  -1.410
   0.302
   0.649
   1.844
   1.457
   1.092
   1.134
  -0.358
   0.073
   0.477
   0.612
   0.346
   0.110
   2.102
   1.878
   1.100
   1.225
   2.327
   1.509
   1.627
  -0.328
   1.707
   0.143
   1.583
   1.710
   1.159
   1.964
  -0.252
   0.584
   0.403
   1.144
   0.845
   1.142
   1.914
   1.589
   1.188
   1.529
   1.079
   1.244
   0.857
   1.547
   1.755
  -0.093
   1.077
   1.999
   1.886
   1.795
   1.171
  -0.403
  -0.303
   0.868
  -1.259
   0.479
  -0.729
   1.627
  -0.653
   0.851
   0.095
   0.078
   1.449
   0.680
   0.109
  -0.710
  -1.019
   0.654
  -0.002
   0.528
  -0.400
  -0.673
  -0.315
  -2.035
   0.009
  -0.101
  -0.098
   1.307
  -0.506
   0.394
   0.231
  -0.380
   1.138
   1.637
   1.221
  -0.427
   0.602
  -0.734
  -1.850
  -0.874
  -1.056
  -0.550
   0.675
   0.258
  -0.896
   2.349
   2.176
   2.122
   2.017
   1.964
   1.955
   1.942
   1.895
   1.886
   1.846
   1.844
   2.268
  -0.678
   1.454
  -1.207
   1.332
   0.911
   1.650
   1.255
   0.801
   1.938
   1.375
   2.210
   1.350
   1.972
   0.674
   1.124
   0.921
   1.527
   1.038
   1.638
  -0.628
   1.305
   1.420
   1.118
   1.378
   2.015
   1.712
   1.089
   1.325
   1.704
  -0.871
   1.136
   1.725
   1.841
   1.964
   2.322
   1.878
  -0.134
   0.189
   1.017
   1.401
   2.111
   1.391
   0.444
   1.001
   1.999
   1.886
   0.590
   0.664
  -0.608
   1.597
   0.457
   0.143
  -0.769
  -0.468
   0.177
   0.607
  -2.018
  -0.762
   0.801
   0.550
   1.503
   0.381
   0.262
   1.613
   0.698
   0.345
   0.973
   0.684
   0.693
   0.547
   0.806
  -1.048
  -0.292
  -0.121
   0.875
   0.895
   0.968
   1.156
   0.304
  -0.621
  -0.645
  -0.149
  -0.692
   2.349
   0.124
   2.210
   2.176
   2.122
   2.017
  -0.840
   0.882
   1.964
   1.955
   1.942
   1.895
   1.886
   0.962
   1.846
  -0.158
  -0.717
   2.268
   1.684
   1.621
   2.111
  -0.569
   1.260
   1.154
   1.843
   0.736
   1.495
   0.675
   1.995
   1.507
   0.660
   0.245
   1.915
   2.002
   1.384
   1.062
   1.839
   1.475
   1.282
   1.412
  -2.075
   1.745
  -0.444
   0.399
   0.903
   1.395
   1.833
   0.193
   1.174
   1.154
   1.247
   1.386
   0.854
   0.116
   0.921
   1.720
   1.582
   1.236
   1.833
   1.668
   1.089
   1.999
   1.886
  -1.567
  -0.968
   0.055
   1.711
   1.479
   0.158
   0.822
   1.751
   1.211
  -1.196
  -1.095
   0.389
   1.374
  -0.546
  -0.263
   1.315
   0.565
   1.397
   0.415
  -0.481
   0.923
  -0.301
   1.602
  -0.345
   0.422
   1.487
  -0.127
  -0.582
  -0.106
  -1.306
  -0.693
  -0.371
  -0.720
  -0.501
  -0.095
   0.930
  -0.292
  -0.644
  -0.131
   0.824
  -0.282
   1.836
   1.848
   0.856
   2.349
   2.210
   2.176
   2.122
   2.017
   1.964
   1.955
  -1.173
   1.942
   1.895
   1.886
   1.846
   2.268
   2.111
  -0.291
  -0.999
   1.734
   1.836
   1.835
   1.253
   1.283
   0.332
   1.755
   1.903
   0.986
  -0.548
   1.203
   0.320
   0.897
   0.051
   0.221
   0.578
   1.504
   1.173
   0.953
   0.496
   0.249
   0.825
   1.128
   1.428
   0.747
   1.227
  -0.278
   2.038
   0.892
   0.800
   1.556
   0.821
   2.153
   1.320
   1.543
   1.568
  -1.535
   0.258
   0.721
   1.057
   1.523
   1.752
   0.993
   1.571
   1.999
   1.886
   0.410
   0.707
   0.415
   1.114
   0.899
   0.331
   1.111
   1.665
   0.002
  -0.027
   0.569
   1.365
   0.399
   1.508
   1.182
   1.616
  -0.489
  -0.075
  -0.781
   1.028
   0.207
  -1.295
  -1.528
   1.167
  -0.214
  -2.449
   1.148
   1.289
  -0.006
   0.383
   1.471
   0.709
   0.588
   0.217
  -0.200
   1.351
   0.215
   0.099
  -0.368
   0.566
  -0.744
  -0.682
  -0.872
   2.349
   1.070
  -0.186
   2.210
   2.176
   2.122
  -0.313
   1.297
   2.038
   2.017
   1.964
   1.955
   1.942
   1.903
   1.895
   2.268
   2.111
   2.339
  -0.103
   1.451
   0.841
   1.045
  -1.463
   1.012
   1.076
   1.334
  -1.120
  -0.521
  -1.047
   1.952
   1.662
   0.342
   1.519
   0.548
   2.186
   0.077
   1.055
   0.893
   2.317
   0.168
   0.000
   1.165
   0.973
  -0.128
   0.131
   1.941
   1.334
  -0.329
   0.670
   0.910
   0.494
   0.782
   0.322
   0.488
  -0.195
   1.478
   1.934
   1.739
   0.323
   1.615
   1.535
   1.533
   1.606
   1.999
   1.886
  -0.127
   0.849
   1.152
   0.723
  -0.732
   1.136
  -0.239
   0.164
   0.655
   0.475
   0.438
   0.575
  -0.206
   1.461
   0.282
  -0.192
   1.015
  -0.665
   1.628
  -0.494
   0.021
   0.130
   0.734
  -1.168
   0.787
   0.688
  -0.790
   0.377
   0.600
  -1.540
   1.140
   0.557
   0.267
   1.007
   0.543
   0.574
   0.227
   0.844
   0.224
  -0.359
   0.941
  -0.317
   0.924
   1.313
   2.349
   2.210
   2.176
   2.122
   2.038
   2.017
   1.964
   1.955
   1.942
   1.903
   1.895
   0.692
   1.349
  -0.418
   0.371
   2.268
   2.111
   0.123
   0.739
   1.435
   0.754
   1.323
   0.256
   0.881
   0.871
   0.593
   1.030
   0.910
   1.288
   0.358
   1.511
   0.776
   0.500
   1.363
   0.660
   1.420
   1.646
   1.156
   0.353
   0.395
   1.392
   0.226
  -1.024
   1.528
  -0.161
   1.894
   1.756
   1.128
   1.921
   0.389
   1.578
   2.061
  -0.845
  -0.465
   1.955
   1.440
   1.295
   0.305
   1.476
   0.293
   0.804
   0.088
   1.540
   1.770
   1.999
   1.886
   1.201
   0.882
   0.343
  -0.772
  -0.626
  -0.118
   0.534
   1.199
   1.458
   1.321
   0.602
  -0.189
   0.532
   1.585
  -0.170
   0.855
   1.676
   1.366
  -0.067
   1.089
   0.189
  -1.498
   0.680
  -0.237
   0.312
   0.137
   1.528
   1.957
   1.667
   0.966
   1.610
   1.528
  -0.167
   1.418
  -0.880
  -0.859
  -0.070
  -0.535
   1.621
   1.640
   0.361
  -0.956
   0.224
   1.291
   1.659
   0.465
  -0.171
  -0.589
  -0.624
   2.349
   2.210
   2.176
   2.122
   2.038
   2.017
   1.964
   1.955
   1.942
   1.903
   1.895
  -0.610
   2.268
   2.111
   1.532
   1.510
   0.598
   0.546
   1.675
   0.654
   0.576
   1.278
   1.340
   1.009
   0.479
   1.296
   1.354
   0.428
   0.027
   2.039
   1.954
   1.354
   1.972
   1.958
   0.969
   1.822
   0.951
  -0.013
   1.224
   0.408
  -1.037
   1.264
   1.528
   1.113
   1.288
   0.863
   0.595
   0.022
   1.330
   1.204
   1.272
  -1.115
   0.371
   1.725
  -0.119
   0.416
  -0.612
   1.288
   0.773
   1.543
   0.017
   1.999
   0.823
   1.210
   1.413
  -0.967
   0.127
   0.766
   0.322
   1.504
   1.548
   1.243
  -0.364
  -0.257
   1.558
   0.049
  -0.264
   0.939
   1.271
   0.326
   1.631
  -0.306
   1.077
   0.777
   0.144
  -0.137
   0.246
   0.324
   0.606
   0.635
  -0.958
   0.681
   2.102
   0.228
  -0.304
   0.615
  -0.453
   0.259
   1.041
   1.793
  -1.196
  -0.702
  -1.376
   0.351
   0.658
  -1.435
   2.349
   2.210
   2.176
   0.919
   2.122
   2.039
   2.038
   2.017
   1.964
   1.955
   1.942
   1.903
   1.895
   0.267
  -0.646
  -0.503
   0.173
   2.268
   2.111
   1.307
   0.112
   1.479
   1.544
   0.997
  -1.058
   1.992
   1.157
  -0.510
   1.237
   1.543
   1.097
   0.922
   1.992
   1.391
   1.481
   1.016
   1.447
   1.432
   1.053
   1.206
   0.249
   1.233
   1.321
  -0.918
   0.395
   1.652
   1.722
   1.523
   0.498
   0.992
   1.593
   0.867
   1.043
   0.678
   1.507
   1.516
   1.809
   1.577
   0.824
  -0.246
   0.321
   1.648
   2.332
   0.656
   1.699
   0.272
   1.546
   1.278
   0.896
   0.916
   0.671
  -1.076
  -0.375
  -0.414
  -1.710
  -0.267
   1.152
   1.155
  -0.482
   0.693
   0.187
   0.866
  -0.662
   1.105
   1.523
  -0.142
   0.982
   1.524
   0.817
   0.696
   1.266
   0.988
  -0.760
   1.407
   0.732
   0.461
   0.862
   1.276
   0.521
  -0.672
   0.207
   0.521
  -0.002
  -1.696
  -0.942
  -0.183
   1.250
  -0.906
   2.349
  -0.861
   2.210
   2.176
   2.122
   2.102
   2.039
   2.038
   2.017
  -0.127
   1.992
   1.964
   0.096
  -0.670
  -2.215
   1.955
  -0.467
   1.942
  -1.272
   2.332
   2.268
   2.111
  -1.496
   1.812
   0.930
   1.606
   0.675
   1.657
   0.411
   2.298
   1.008
  -0.320
   0.951
   1.951
   1.503
   0.535
   0.567
   2.181
   1.728
   0.457
   1.505
   1.319
   0.180
   1.331
   1.135
   0.266
   1.676
   1.865
  -0.041
   1.691
   1.465
   1.246
   0.743
   1.390
   1.378
  -0.124
   1.124
  -0.068
   1.802
   0.184
   1.469
   0.035
   1.530
   1.144
   0.585
   1.536
   1.671
  -0.165
  -0.218
   1.253
   0.436
  -0.020
  -0.656
  -1.200
   1.113
   0.823
   1.399
   1.279
  -0.136
   0.683
   0.588
   0.307
   1.291
   1.065
   0.114
   0.322
   0.355
  -0.073
  -0.137
   1.047
   0.608
   0.707
   1.253
   1.564
   1.926
   0.239
   1.431
   1.547
  -0.416
   0.917
   1.768
  -0.597
   0.168
  -0.582
  -0.113
  -1.242
  -0.449
   1.961
   0.846
   0.394
  -0.818
   0.512
   0.248
   0.455
   2.349
   0.083
   2.210
  -0.164
  -0.617
   2.176
   2.122
   2.102
   2.039
   2.038
   2.017
   0.009
   1.992
   1.964
   1.955
   1.942
  -0.604
   2.332
   2.268
   2.111
  -0.243
   0.755
   0.596
   1.346
   0.495
   0.233
   1.397
  -0.246
  -1.479
   1.909
   1.745
   2.179
   1.556
   1.654
   1.494
   1.937
   1.295
   1.440
   1.943
   0.600
   0.369
   1.249
   1.640
   0.470
   1.011
  -0.385
   1.690
   1.357
   1.499
  -0.097
   1.024
   1.150
   1.651
   1.946
   1.195
   0.831
   1.408
   1.488
   0.441
   1.323
  -0.274
   1.618
   0.369
   1.453
   1.902
