17.539
17.541
15.384
15.863
17.635
16.956
15.850
17.162
16.165
15.044
16.749
16.980
16.125
17.713
15.464
16.734
15.098
15.613
16.353
16.255
15.503
14.494
16.131
13.245
16.032
11.702
16.328
15.691
15.918
16.607
16.005
14.824
16.771
14.968
14.128
11.869
16.641
16.450
15.548
13.578
12.489
16.981
13.406
14.119
16.960
9.838
17.449
16.111
16.007
2.785
14.883
17.488
13.977
16.260
16.223
16.518
16.184
10.369
16.263
16.676
16.430
13.147
13.658
16.114
12.727
9.272
12.722
14.125
16.571
18.189
13.766
16.753
17.056
15.141
16.028
16.691
16.844
15.224
15.820
16.003
16.688
15.234
12.090
16.133
12.888
15.371
16.712
16.165
15.917
16.578
15.966
9.124
16.562
16.044
16.011
16.626
13.764
17.924
17.033
16.514
16.202
12.797
16.308
16.645
17.166
17.081
17.148
17.365
15.223
16.474
17.237
16.299
17.419
15.861
16.091
17.491
13.168
13.928
15.346
17.007
17.287
16.975
15.940
17.258
17.175
15.794
16.891
15.475
14.183
16.688
15.296
16.182
17.609
18.164
18.123
14.850
13.096
17.104
16.752
15.992
17.364
15.628
13.977
16.912
15.275
16.413
15.684
15.569
17.478
17.114
17.971
16.262
17.104
17.252
16.515
13.929
17.454
16.216
17.473
17.860
16.107
16.129
18.059
17.129
17.473
17.663
15.386
16.454
17.517
14.774
17.516
15.019
17.182
16.590
12.618
17.645
16.196
16.325
17.942
13.387
17.517
13.428
17.647
16.303
17.063
11.202
17.163
12.878
11.319
17.458
15.341
17.384
17.540
17.875
18.177
18.029
17.929
16.165
16.956
15.384
12.090
16.011
13.096
16.970
14.459
16.696
12.709
16.157
14.721
17.002
16.519
15.674
18.296
16.717
16.050
11.567
13.703
16.994
16.494
17.534
16.187
15.687
16.457
16.641
15.684
16.735
16.603
17.860
13.977
16.091
17.742
16.219
17.452
16.878
17.784
16.884
16.984
18.023
16.182
16.652
17.437
16.657
11.583
16.516
16.824
14.316
17.655
16.613
17.647
16.142
17.458
17.265
17.306
16.775
16.956
10.924
6.907
12.864
17.929
18.177
17.384
16.443
17.308
16.063
17.462
16.259
17.476
17.235
15.799
17.691
14.921
15.827
15.714
18.001
13.939
17.724
18.023
17.218
15.693
17.717
18.024
16.291
18.060
17.644
17.871
18.129
16.811
17.283
17.654
17.159
15.307
7.136
9.634
12.877
14.208
17.797
9.622
17.189
14.956
17.457
18.059
17.921
16.362
17.830
17.897
18.103
18.112
16.725
4.022
0.554
16.165
18.296
12.090
16.011
15.858
14.140
17.764
18.052
15.072
15.760
17.894
17.917
15.684
17.860
17.451
13.977
15.694
16.507
17.264
17.348
16.250
16.533
16.063
17.577
18.286
17.437
16.385
14.992
18.001
16.586
16.903
17.511
14.532
17.461
13.839
17.427
17.702
16.739
16.540
17.846
12.073
17.539
17.647
17.825
16.185
17.458
17.878
15.526
16.155
15.606
16.645
15.339
17.871
14.956
15.504
16.268
16.878
14.757
17.929
18.129
11.529
16.793
14.564
15.490
13.212
17.367
18.057
17.405
16.005
17.585
17.404
11.232
17.838
17.580
17.646
17.497
14.297
18.028
18.004
17.912
15.713
17.931
18.004
15.719
17.580
13.806
17.746
16.071
16.518
17.626
17.495
17.386
15.556
14.817
17.268
17.087
15.842
17.679
14.682
18.013
18.099
17.470
9.182
17.583
16.476
17.470
16.306
17.795
16.165
18.296
15.684
17.860
13.977
16.730
16.757
15.097
16.893
17.399
17.749
17.654
17.979
17.679
16.139
16.718
18.133
17.287
17.443
18.151
16.729
18.001
13.934
15.837
16.612
16.252
16.048
17.462
13.860
16.155
16.800
15.980
16.940
17.782
15.921
17.404
17.647
15.973
17.838
15.532
16.202
17.714
17.774
17.806
17.628
14.270
8.444
17.442
17.925
17.679
17.871
16.837
14.817
16.363
15.410
14.236
15.510
16.816
16.166
17.929
16.610
17.583
18.129
16.859
11.547
15.085
15.491
17.903
16.795
17.777
17.551
16.994
17.323
15.628
6.707
18.189
17.848
15.958
17.699
16.569
15.668
17.601
17.135
18.052
17.817
17.998
16.452
17.911
14.905
17.746
16.837
14.392
16.096
17.623
17.947
17.988
17.905
18.058
17.605
18.139
17.668
18.031
16.424
17.665
18.068
17.343
17.886
16.436
18.088
16.165
18.296
16.893
15.684
17.860
17.484
16.195
17.466
17.451
16.008
16.740
14.502
14.104
17.698
17.654
16.692
16.898
17.036
18.001
16.155
17.465
16.794
15.540
17.933
17.481
15.996
16.402
18.152
18.078
18.050
17.404
17.699
14.934
15.303
16.033
14.550
13.444
16.042
16.316
14.678
15.727
16.666
16.468
10.398
16.399
16.981
16.274
17.679
15.668
16.490
13.168
18.078
14.817
17.649
15.259
16.903
17.383
16.473
16.964
17.987
15.831
17.929
17.605
17.583
15.502
14.922
17.466
13.441
18.023
11.619
17.867
18.004
17.896
17.919
18.306
17.289
13.130
16.152
17.547
15.473
17.748
15.665
16.210
16.771
14.923
17.349
15.341
15.536
18.186
17.929
18.122
17.317
17.898
17.817
16.296
18.014
17.516
16.831
17.667
17.637
14.266
18.053
17.409
18.138
18.091
18.074
17.915
18.102
17.605
17.915
16.165
18.296
16.893
15.684
18.001
17.493
17.929
18.075
15.603
17.118
18.216
16.806
17.404
17.621
17.472
18.122
17.638
14.139
16.319
17.699
18.205
17.501
16.152
15.691
16.069
16.882
18.110
18.174
16.148
14.218
17.897
17.395
17.577
16.569
17.816
17.501
17.711
17.184
13.555
16.075
17.111
17.679
17.547
17.929
16.635
15.668
15.228
17.724
17.688
17.840
15.814
15.406
17.422
14.020
16.804
16.919
17.856
16.693
15.500
17.297
17.516
17.929
17.605
16.711
16.994
18.031
18.001
15.006
17.468
18.002
15.617
15.840
15.400
17.825
16.773
17.538
18.191
15.488
17.506
17.410
15.738
15.610
17.567
16.977
17.419
18.202
17.193
18.000
18.112
18.333
17.789
15.024
18.019
17.924
17.733
17.689
17.805
18.208
18.120
17.888
14.691
17.956
18.111
18.109
18.163
17.081
18.079
17.803
18.159
17.789
17.973
16.357
16.165
18.296
16.893
15.684
18.001
17.404
17.699
16.152
17.651
17.477
16.226
13.732
16.831
16.990
18.004
17.865
15.758
17.110
16.494
17.110
16.721
17.906
17.912
17.893
17.919
17.532
17.488
17.162
18.044
18.043
17.700
17.823
16.070
17.697
18.200
17.679
17.547
15.668
16.817
18.224
17.615
18.055
17.141
17.800
15.909
17.943
16.515
17.789
16.741
17.001
14.827
17.670
17.624
18.193
16.891
16.831
18.159
17.929
17.605
17.803
11.094
13.185
13.934
16.354
13.746
17.573
17.528
6.810
18.013
17.276
17.747
15.265
17.813
18.281
14.734
18.126
17.881
17.555
18.164
18.112
18.124
18.078
10.798
17.222
18.073
18.076
18.162
18.138
18.161
18.037
17.933
15.654
17.878
17.498
17.407
15.343
18.146
18.045
18.123
17.799
16.277
18.109
17.799
17.664
16.751
17.183
5.605
15.929
18.115
16.165
18.296
16.893
15.684
18.001
17.477
17.404
17.699
16.818
17.158
17.982
16.171
14.463
17.596
17.405
17.899
17.900
18.001
17.792
17.299
16.865
18.164
18.306
15.928
17.679
17.547
17.881
17.791
17.658
17.448
18.190
17.041
17.397
18.212
17.405
18.183
17.870
18.123
16.150
17.786
17.132
17.892
17.651
15.448
14.910
14.953
17.276
16.540
15.403
16.750
15.857
16.936
16.527
14.193
18.159
16.242
17.737
17.664
17.929
15.795
15.900
14.714
15.872
16.537
17.614
15.667
14.873
18.158
14.975
17.307
17.520
17.489
17.914
17.571
17.236
18.147
18.128
17.399
17.724
17.654
17.933
18.145
17.454
18.148
18.093
18.138
18.198
18.147
17.833
18.155
18.092
18.220
17.692
18.148
18.156
18.114
17.979
18.349
14.872
17.425
17.250
17.342
5.942
0.500
16.165
18.296
16.893
15.684
18.001
17.477
17.404
17.699
16.397
15.799
18.174
18.188
17.490
17.701
15.423
17.055
18.015
18.004
17.903
17.910
18.045
17.800
18.175
17.405
18.086
15.683
17.679
17.801
15.099
18.175
13.045
18.246
15.624
16.018
16.204
17.547
17.614
17.276
15.448
13.276
17.268
17.672
17.981
17.375
17.526
17.642
17.445
16.652
14.816
14.074
17.652
14.050
15.870
6.529
15.509
18.088
15.498
18.186
16.838
9.663
16.962
18.198
17.654
17.929
16.005
14.599
17.206
17.847
14.158
17.736
15.613
18.163
15.634
16.635
15.608
17.101
17.492
16.168
18.145
15.714
17.720
18.068
18.150
17.938
17.065
18.102
18.036
17.299
18.156
18.116
13.080
18.120
18.124
18.058
18.194
18.106
18.086
18.112
18.026
18.106
18.159
18.073
17.338
18.117
17.991
18.114
16.604
18.079
18.130
16.662
16.595
16.165
18.296
16.893
15.684
18.001
17.477
17.404
17.699
18.219
17.917
18.194
17.298
17.418
16.528
16.245
15.909
18.015
16.124
17.383
13.123
17.190
18.169
17.917
17.164
16.975
17.009
18.217
18.221
18.144
16.062
15.287
17.791
15.700
18.016
17.939
10.163
9.866
18.182
18.135
17.679
17.547
17.276
17.945
17.854
15.876
15.448
17.876
16.447
18.199
15.333
18.293
11.629
15.947
18.026
18.288
16.097
15.846
12.962
16.704
18.198
16.605
17.654
17.929
17.455
16.277
15.619
15.308
17.944
17.932
15.312
15.040
17.845
17.438
17.723
11.829
17.449
15.002
15.159
18.140
18.142
17.588
18.169
15.943
18.153
18.181
17.490
15.586
17.767
18.145
17.834
18.115
17.454
18.029
17.972
17.659
18.099
17.468
18.046
17.669
18.021
18.093
18.115
18.131
18.140
17.571
18.128
18.134
17.314
17.960
17.917
17.096
16.165
18.296
16.893
15.684
18.001
17.477
17.404
17.699
15.688
15.691
16.034
13.824
18.217
16.779
17.754
17.807
17.563
18.173
16.882
17.283
18.077
17.679
17.432
17.547
17.276
17.778
17.896
15.173
14.680
18.082
16.306
17.833
17.999
14.447
14.507
17.368
17.080
17.836
14.632
18.167
17.126
18.291
18.290
16.752
17.934
18.004
17.923
17.484
15.617
15.622
17.834
17.999
15.910
16.441
18.198
17.983
18.134
17.654
17.929
17.170
17.480
16.930
15.677
16.461
15.992
17.650
11.271
18.111
17.869
18.125
17.993
17.790
18.113
17.679
15.575
17.928
14.688
18.094
17.659
17.679
18.098
18.081
18.139
18.119
17.691
18.124
17.380
15.540
16.776
18.110
17.626
18.001
18.131
18.164
17.646
18.136
17.087
18.066
18.083
18.059
18.199
18.114
18.101
18.120
18.129
18.180
16.165
18.290
16.893
15.684
18.001
16.973
18.180
18.183
16.132
14.305
18.018
18.167
17.477
17.404
17.699
17.807
18.216
16.954
17.430
16.319
18.297
17.122
14.360
15.284
15.602
16.653
13.363
17.015
17.679
17.547
17.108
17.276
18.206
18.019
17.485
17.981
16.145
17.527
18.112
15.837
16.667
17.951
18.183
18.175
18.202
17.443
17.806
18.186
17.993
18.295
17.170
16.166
15.951
16.343
18.212
17.720
17.189
16.006
11.315
16.842
18.198
17.679
17.664
10.766
17.929
16.265
7.401
18.149
17.769
15.584
14.721
18.140
18.158
17.400
16.727
18.126
18.122
18.076
17.964
18.014
17.087
16.225
18.053
18.248
18.052
17.424
15.613
15.148
17.814
17.988
18.132
18.286
16.805
18.146
15.178
17.725
17.968
17.685
17.307
18.095
18.104
16.115
18.122
18.130
18.140
17.874
17.922
17.980
18.131
17.619
16.165
18.290
16.893
15.684
18.018
17.477
17.404
17.699
17.807
14.701
18.063
14.474
17.178
18.024
16.000
16.442
17.499
17.838
16.670
18.025
17.618
15.779
17.855
18.093
16.532
12.948
17.417
17.789
18.174
18.177
17.294
18.201
18.300
17.679
17.547
18.139
17.923
17.233
17.418
16.969
17.553
16.965
18.118
17.265
14.699
15.641
16.880
15.618
16.446
15.770
15.026
16.018
16.195
16.891
18.198
17.679
17.968
15.734
17.032
17.929
12.830
15.406
15.545
15.619
16.233
18.021
18.137
18.150
16.915
14.991
18.130
17.652
18.116
15.626
18.101
17.856
18.160
18.087
18.001
18.037
18.141
18.103
18.170
18.127
18.070
17.525
16.483
18.133
18.095
17.598
14.924
17.304
17.093
18.152
18.109
17.806
18.147
18.074
18.107
18.232
18.046
17.381
17.178
18.111
17.367
17.672
16.165
18.290
16.893
15.684
18.018
17.477
17.404
17.699
17.807
17.702
17.702
15.616
15.612
16.460
15.413
18.099
17.102
18.228
18.013
17.885
17.991
17.481
17.240
16.857
18.171
18.204
18.168
18.182
14.783
16.992
14.811
17.984
16.854
18.075
15.294
16.006
17.679
17.547
14.411
18.147
18.144
16.881
18.070
17.576
12.346
18.042
16.978
18.183
17.150
16.989
15.794
18.301
16.747
18.294
15.923
15.286
16.557
15.511
16.933
17.756
18.198
17.679
17.968
18.039
18.152
17.942
17.932
17.909
18.199
18.104
18.208
18.099
15.467
18.163
17.991
15.134
18.121
17.408
18.136
18.140
15.504
17.515
17.593
17.709
16.728
18.105
17.971
17.664
18.108
17.626
17.353
17.720
17.469
18.117
18.088
18.118
17.509
18.141
18.116
18.138
17.825
17.813
16.578
17.728
18.101
17.682
16.482
18.147
17.634
18.112
16.165
18.290
17.984
16.893
15.684
17.477
17.404
17.699
17.807
16.954
18.029
14.316
18.035
18.005
17.996
18.202
16.537
16.068
17.955
14.316
17.775
18.298
17.679
11.217
17.547
17.817
16.170
17.901
16.547
16.295
12.768
17.770
17.688
17.951
15.805
16.805
16.163
18.206
18.179
18.216
18.166
16.962
18.289
17.282
16.951
17.459
18.188
18.188
17.335
17.721
16.831
16.893
17.099
17.209
14.447
13.567
13.838
13.164
17.868
16.521
18.198
17.679
17.968
18.152
16.498
18.108
17.460
15.620
17.467
18.163
16.147
18.138
18.094
17.509
17.592
13.208
18.109
18.165
13.250
17.980
17.843
17.949
17.495
18.094
18.084
17.446
17.211
16.687
18.076
18.125
18.132
18.148
17.902
17.470
18.146
18.118
18.106
18.129
17.591
17.694
18.103
17.293
18.162
18.338
18.052
17.694
18.130
18.069
18.139
18.103
16.165
18.290
17.984
16.893
15.684
17.477
17.404
17.699
17.688
18.178
18.047
18.165
15.858
17.981
17.489
17.717
17.921
14.295
18.051
16.200
13.733
18.008
17.619
17.665
16.402
15.937
17.724
16.595
14.830
18.017
18.021
18.214
17.933
18.043
18.216
17.654
17.782
13.642
18.051
17.777
16.535
18.169
14.115
17.679
17.547
14.815
16.754
18.194
8.446
18.088
14.974
15.604
16.772
17.772
15.128
12.275
17.115
15.321
18.198
14.809
17.679
17.968
18.152
15.350
16.700
17.528
15.935
13.022
14.971
17.509
17.988
17.788
18.112
18.140
15.485
15.620
16.849
15.660
15.620
18.168
13.496
18.165
17.486
17.293
16.688
18.154
17.458
14.328
18.079
17.377
18.115
18.158
18.094
18.130
18.135
18.063
17.415
18.074
18.186
17.657
18.162
18.247
18.124
18.160
18.109
17.284
18.085
17.530
16.165
18.290
17.984
16.893
15.684
17.477
17.404
17.699
17.688
17.755
18.005
17.952
17.973
17.536
14.495
16.979
16.068
16.061
17.608
16.690
16.899
17.880
16.890
17.016
17.958
18.368
18.200
17.696
18.189
16.128
16.926
16.971
17.583
18.282
18.284
16.863
17.440
16.311
18.099
18.114
17.679
17.547
16.976
18.185
16.108
15.553
18.016
16.790
18.292
16.410
17.064
17.190
15.406
14.793
17.751
18.198
18.165
17.993
17.679
17.968
17.075
15.416
11.064
17.445
17.421
15.534
18.200
18.175
15.838
14.763
17.474
17.298
14.792
14.941
17.640
17.677
17.709
15.779
18.050
17.948
18.167
16.957
18.159
18.142
18.191
17.193
17.637
18.107
18.077
18.134
18.096
17.055
18.106
18.056
17.796
18.208
18.130
15.613
18.115
14.640
18.118
18.051
18.146
18.060
18.121
16.165
18.290
17.984
16.893
15.684
17.477
17.404
17.699
17.688
12.504
17.810
18.013
17.999
18.002
17.066
17.597
17.370
17.750
13.394
17.317
18.190
18.066
15.983
15.240
14.739
16.016
13.385
17.542
17.744
16.562
17.679
17.547
18.190
18.192
17.431
18.180
18.170
18.170
16.384
15.726
17.420
17.731
17.625
17.666
18.010
18.245
16.068
16.309
18.207
16.313
16.503
13.714
17.118
17.545
15.818
17.901
16.743
16.452
12.603
18.198
15.799
18.165
17.679
17.968
16.485
18.089
18.156
17.704
18.134
18.189
18.126
18.150
18.220
17.757
15.946
18.024
17.646
18.120
17.601
18.260
15.051
18.125
17.355
15.169
15.074
17.693
17.336
18.062
18.173
14.999
17.492
17.908
18.008
17.392
17.533
18.171
18.161
17.665
18.120
18.114
17.612
18.112
18.112
18.076
17.105
18.231
16.696
16.464
16.762
8.268
16.165
18.290
17.984
16.893
15.684
17.477
17.404
17.699
17.688
15.446
17.963
17.862
16.402
15.660
18.101
18.124
16.144
16.282
16.336
18.015
17.940
16.635
12.865
18.000
17.896
17.976
16.058
18.172
17.798
16.648
17.837
17.679
17.547
18.151
17.677
18.149
17.307
18.191
18.172
18.183
18.208
16.967
18.187
18.054
14.486
16.953
18.050
18.159
18.291
18.303
17.867
17.062
15.607
16.214
17.957
16.058
18.159
16.868
18.198
18.165
17.679
17.968
9.581
16.756
17.512
16.804
18.095
18.095
18.098
14.732
15.026
17.210
18.185
17.813
15.620
17.962
15.604
18.114
15.661
15.081
17.996
15.711
17.571
17.880
17.393
17.061
18.136
18.094
18.104
18.100
18.086
18.205
18.100
18.182
17.813
16.507
18.111
17.801
18.104
18.129
17.904
18.009
17.609
18.112
18.104
18.148
17.870
16.165
18.290
17.984
16.893
15.684
17.976
17.477
17.404
17.699
17.901
16.932
18.011
16.101
16.867
15.948
16.530
17.874
17.985
18.019
18.008
15.550
17.888
18.471
17.258
18.167
15.925
17.731
18.170
17.260
18.186
18.173
17.679
17.547
12.263
18.009
13.378
17.511
17.035
17.259
17.594
17.323
15.872
18.182
18.164
18.180
18.173
18.195
17.902
17.313
17.869
17.770
16.554
17.890
15.597
15.614
17.554
16.086
14.428
17.190
15.623
17.231
18.198
18.165
17.679
17.968
17.967
17.499
15.124
17.509
17.761
17.814
16.121
18.091
17.743
18.109
18.141
18.475
18.131
17.505
18.156
17.711
17.756
17.704
17.613
18.012
17.951
18.165
17.594
18.195
17.364
18.115
18.121
18.134
17.533
18.137
18.168
18.207
17.816
18.220
18.166
18.147
18.128
18.142
18.100
17.844
18.106
18.241
16.588
16.994
16.773
18.128
16.165
18.290
17.984
16.893
15.684
17.976
17.477
17.404
17.699
17.447
16.565
15.314
17.279
13.859
15.690
17.898
16.264
17.963
16.170
17.906
17.074
17.913
17.990
18.300
17.679
17.951
17.919
17.977
17.063
16.981
16.912
14.728
17.753
17.779
17.724
17.488
17.349
13.836
17.877
17.681
18.184
17.926
17.542
17.882
16.044
18.063
18.187
18.198
17.991
14.437
18.174
18.182
11.583
16.667
18.175
14.406
17.265
18.198
11.600
17.679
16.246
17.968
17.486
17.533
16.388
18.021
18.152
17.490
17.177
17.292
17.351
15.866
17.366
18.124
17.854
17.377
18.117
18.140
18.136
18.357
18.027
17.797
18.139
18.114
18.129
18.131
18.131
17.030
17.873
18.132
18.123
18.098
18.093
17.958
18.054
18.129
18.133
18.098
18.116
17.825
17.799
17.845
18.094
18.074
18.143
17.695
17.615
16.165
18.290
17.984
16.893
15.684
17.976
17.477
17.404
17.699
13.842
18.187
17.708
17.955
17.504
18.370
16.119
17.390
16.506
17.900
16.791
18.005
17.697
14.189
18.163
17.350
17.907
16.991
17.977
15.374
15.950
18.002
17.679
17.536
16.848
17.504
18.166
18.177
18.171
17.332
17.325
17.090
13.780
17.443
4.995
13.045
16.712
16.796
16.233
15.807
16.357
16.960
15.277
17.593
15.932
16.741
17.970
14.823
17.786
15.810
17.495
17.650
17.724
16.409
16.473
18.174
18.090
15.620
18.150
18.069
18.143
18.140
18.117
18.092
18.123
18.198
17.679
17.233
18.159
18.145
17.390
15.149
17.968
17.533
17.769
18.234
18.095
18.134
17.439
18.133
17.458
15.055
17.662
18.137
17.872
18.104
18.047
17.984
18.124
17.263
18.109
18.139
18.126
18.082
11.557
18.045
18.159
18.120
17.168
18.111
15.822
15.306
16.165
18.290
17.984
16.893
15.684
17.976
17.477
17.404
17.699
17.575
17.783
16.042
18.016
18.010
17.249
18.217
17.744
18.205
17.291
17.877
16.843
17.696
18.014
17.302
17.679
18.190
18.174
15.199
18.098
16.449
17.897
15.075
16.480
17.571
16.067
16.370
18.024
17.307
18.173
15.599
18.171
17.517
17.772
14.852
17.460
17.505
17.559
18.078
15.911
15.057
17.431
15.385
18.098
18.091
17.996
16.432
15.605
17.322
18.198
17.679
17.187
17.968
18.123
18.088
17.481
18.103
18.133
17.533
17.960
18.051
18.140
17.811
18.080
18.133
18.138
18.097
18.132
17.720
17.426
16.522
15.430
17.670
17.726
17.838
18.051
17.735
18.148
18.094
17.630
18.126
18.107
18.067
17.728
18.143
18.154
17.789
17.514
18.112
18.113
18.113
18.106
18.131
13.611
17.235
17.911
18.076
17.557
17.918
17.486
15.692
16.165
18.290
17.984
16.893
15.684
17.976
17.477
17.404
17.699
17.679
16.031
18.032
17.279
17.980
17.920
17.187
17.717
18.014
17.882
15.655
18.222
18.190
17.602
15.693
17.226
18.168
17.532
7.375
17.318
11.504
17.937
17.470
18.172
18.203
17.314
17.596
18.163
18.014
17.385
17.772
17.227
17.236
17.200
16.937
17.934
15.420
17.509
15.188
15.682
17.217
16.952
16.514
18.125
18.092
18.167
17.949
18.254
15.907
18.198
17.679
17.968
18.378
17.533
16.971
18.087
16.586
18.157
18.133
15.587
14.776
18.084
18.137
17.952
17.455
18.096
18.013
18.138
18.124
17.684
18.144
16.255
18.091
16.518
16.386
18.100
17.026
17.804
18.127
18.072
17.577
17.930
18.121
18.054
18.141
18.117
17.904
17.750
18.135
18.136
18.347
18.097
18.139
18.141
18.127
18.151
18.128
16.982
17.678
