hardness
 (GPa)  
   0.345
   0.865
   3.803
  -0.301
   1.232
   3.174
   0.080
   1.620
   6.857
  -1.837
   0.229
   0.927
   0.445
   1.018
   0.830
   1.097
  -0.144
   2.481
   1.934
  -1.029
   0.441
  -0.550
   1.086
  -1.383
   0.509
   1.416
   0.695
   2.618
   2.210
   0.244
  -0.277
  -0.634
   1.024
  -0.540
  -0.714
   1.060
   1.940
   0.796
  -1.228
   0.648
  -1.793
   0.613
  -0.951
   2.800
  -0.031
  -1.110
   1.154
  -1.180
   1.069
  -3.126
  -0.234
   2.230
   1.905
   1.982
   1.875
   0.579
   2.888
   0.074
   1.207
   1.844
   0.379
   0.571
   1.568
  -0.280
   0.940
  -1.492
  -0.181
  -0.063
   1.711
   4.577
  -0.072
   2.549
   2.123
  -0.410
   1.826
   0.485
   1.884
   0.317
   0.433
   2.029
   1.042
   0.522
   4.843
   2.203
  -0.470
   0.361
   2.561
   0.622
   0.107
   2.392
  -0.767
  -0.565
   1.313
   1.523
   4.264
   0.608
  -0.971
   1.573
   0.701
  -0.446
  -1.816
  -1.163
   0.311
  -0.147
  -0.274
   0.685
   0.887
   1.206
   1.506
   2.043
   2.042
  -1.040
   2.952
   0.408
   4.470
   4.084
  -2.382
   1.829
   0.083
   1.681
  -0.765
   2.008
   0.621
   2.581
   1.447
   0.256
   2.448
  -1.649
   0.350
  -0.014
  -0.003
   0.076
  -0.875
   2.260
   1.347
  -0.258
   3.248
  -0.573
   0.443
   1.381
   1.696
   1.438
   5.139
   1.572
   0.867
   2.508
   7.039
  -0.850
   2.393
   1.346
   1.836
   1.319
   1.834
   2.437
  -0.318
   0.778
  -0.078
   1.346
   2.940
   5.407
   3.019
   1.842
   1.218
   0.803
   3.326
   1.887
   2.627
   0.480
   2.525
   1.580
   2.740
   0.095
   0.094
   1.424
  -1.408
   0.669
   1.529
   0.924
   3.273
   2.807
   4.272
  -0.629
   4.881
  -1.303
   1.302
   4.199
   1.568
  -1.375
   4.318
   4.588
   2.309
   3.613
   2.500
   2.163
   6.065
   1.207
   6.217
   6.857
   3.174
   3.803
   4.843
   4.264
   3.248
   1.799
  -0.925
   0.420
   0.072
  -1.432
   0.535
   1.903
   1.277
  -0.545
   8.160
   1.471
   0.157
   0.001
  -1.169
   1.303
   1.038
   1.212
   0.972
   1.099
   1.155
   1.313
   7.039
   0.496
   0.867
   5.407
   5.139
   4.470
  -0.348
  -0.182
   4.097
   0.682
   0.911
   1.094
   0.882
   2.342
   1.798
   2.884
   2.766
   3.189
  -0.573
   2.557
   1.718
   1.080
   1.708
   1.091
   4.881
  -0.555
   4.588
   1.810
   0.883
   2.254
   0.868
  -0.001
  -1.904
   0.674
   6.217
   6.065
   3.613
   1.775
   1.512
   4.603
   1.931
   1.040
   1.951
   0.658
   1.019
   0.399
   1.333
   0.581
   2.766
   7.512
   3.946
   3.938
   2.421
  -0.271
   3.445
   2.096
   4.167
  -1.262
   4.186
   2.009
   5.812
   5.205
   0.843
   2.566
   3.381
   0.681
   1.621
  -3.342
  -2.899
  -0.665
   0.826
   0.634
  -2.934
   2.821
   5.253
   1.111
   2.842
   2.637
   0.299
   3.462
   0.607
   4.575
   0.343
   1.667
  -0.700
  -3.395
   6.857
   8.160
   4.843
   4.264
   1.818
   2.228
   0.850
   2.323
   3.169
   1.072
  -0.555
   3.141
   7.039
   5.407
   3.078
   5.139
   6.471
   0.781
   4.565
   2.593
   0.997
   0.711
   4.603
   3.753
   5.439
   1.901
   0.062
   3.878
   7.512
   1.299
   0.923
   1.324
   1.880
   1.921
  -1.144
   2.513
   1.096
   2.130
   1.569
   3.053
   2.505
   2.089
   4.881
   1.674
   0.700
   4.588
   1.184
   1.463
   0.146
   1.830
   2.307
  -0.984
   5.812
   5.253
   1.505
   1.050
   0.777
   0.125
   6.217
   5.205
   1.191
   0.679
  -0.219
   1.739
  -0.197
   1.249
   5.065
   1.351
   2.501
   2.422
   7.747
   4.258
   4.862
   3.857
   1.868
   2.203
  -0.673
   2.583
   5.858
   0.874
   4.374
   1.172
   2.796
   2.572
   2.501
   0.978
   1.524
   1.100
   2.414
   0.751
   3.179
   2.126
   5.177
   5.366
   0.729
   1.422
   3.515
   7.327
   3.407
   3.081
   5.724
  -0.999
  -2.903
   5.406
   3.016
   2.539
   0.196
   0.530
   6.857
   8.160
   7.039
   5.407
   5.139
   4.374
   1.529
   2.608
   7.107
   0.118
   1.995
   2.495
   1.497
   2.370
   1.857
   2.563
   3.830
   3.027
   2.593
   0.831
   2.451
   7.512
   3.240
   3.256
  -0.189
   0.978
   4.619
   2.471
  -0.164
   5.514
  -0.234
   0.917
   0.309
   0.533
   1.442
   7.747
   4.881
  -1.048
   4.862
  -0.580
   2.745
   0.282
   0.762
   4.153
   1.170
  -1.700
  -2.661
   3.803
   4.797
   7.327
   5.812
   0.918
   5.366
   1.382
   0.356
   1.951
  -0.449
   1.090
   0.421
   6.217
   1.264
   5.406
   5.205
   2.072
  -0.309
   4.840
   2.959
   2.759
   1.850
   3.480
   4.319
   1.540
   2.953
   6.608
  -3.007
   4.539
   4.935
   4.045
   7.714
   4.349
   5.547
   2.516
   1.056
   1.685
   3.463
   5.768
   1.511
   1.491
   2.029
   2.754
  -0.016
   3.053
  -1.629
   0.647
   4.548
   3.343
   2.552
   2.371
   5.793
   5.811
   1.885
   4.863
   1.688
   1.845
   2.064
   3.414
   3.316
   0.706
   6.948
   6.857
   8.160
   7.107
   7.039
   5.407
   0.143
   0.503
   2.148
   3.090
   2.528
   4.337
  -0.784
  -1.598
   1.017
  -0.138
  -1.039
   0.090
   2.172
   7.512
   5.514
   0.126
   1.352
  -1.481
   0.842
   1.165
   2.724
   3.510
   2.588
   0.180
   2.265
   7.747
   7.714
   1.831
  -0.380
   4.270
   0.058
   2.283
   2.343
   0.765
   1.000
   0.799
   1.410
   2.830
   3.475
   0.650
   1.862
   1.579
   7.327
   5.547
   5.103
  -1.888
   5.468
   5.366
   0.696
   1.233
   1.413
   0.171
   0.717
   0.877
  -0.696
   0.004
   6.217
   5.793
   5.406
  -0.972
   2.878
   2.577
   2.856
   2.057
  -1.482
   0.944
   7.491
   0.263
   1.358
   6.296
   3.697
   4.059
   5.878
   6.783
   2.187
   3.346
   3.824
   0.619
   5.831
   0.558
   2.524
   2.156
   5.206
   5.915
   5.855
   7.981
   2.048
   5.651
   2.774
   3.709
   2.915
   6.670
   0.793
   1.156
   1.578
   2.108
   3.876
   4.347
   5.122
   6.965
   4.788
   4.656
   5.857
   3.280
   3.389
   6.857
   8.160
   7.107
   7.039
   7.512
   1.522
   0.427
   5.870
   1.393
   0.885
   6.891
   2.091
   7.747
   3.120
   3.374
   4.734
   4.247
  -1.904
   0.346
   7.714
   5.544
   0.822
   5.878
   4.664
   4.441
   4.563
   3.424
   7.896
   1.478
  -0.885
   0.813
   7.392
   3.133
   2.577
   6.005
   2.361
   1.124
   3.015
  -0.389
   3.803
   1.389
   7.327
   6.783
   5.855
   1.378
   5.547
   1.607
   0.376
  -0.877
   1.235
  -0.125
  -0.057
  -0.463
  -0.293
   1.394
   1.499
   0.397
  -0.162
   0.993
   0.492
   6.670
   6.217
   5.793
   0.132
   0.857
   3.784
   3.480
   4.654
  -0.861
   1.853
   6.953
   4.696
   0.940
   1.761
   1.404
   4.905
   6.001
   2.018
   4.589
   3.599
   4.355
   6.598
   3.190
   2.076
   3.494
   6.813
   3.626
   2.853
   5.383
   4.748
   3.075
   0.892
   3.438
   1.396
   4.911
   3.750
   3.064
   6.876
   6.805
   3.214
   2.495
   5.873
   7.958
   6.859
   7.280
   2.820
   5.377
   5.597
   8.002
   3.384
   3.828
   0.520
   6.857
   8.160
   7.107
   7.039
   7.512
   7.747
   7.714
   5.878
   4.162
   7.806
   0.389
   0.256
  -0.028
  -0.287
   6.296
   2.382
   1.718
   0.954
  -0.383
   1.043
   1.634
   0.521
  -0.038
   1.195
   1.598
   3.238
   3.043
   1.320
   2.874
   1.499
   1.261
   4.160
   5.492
  -0.161
   5.858
   7.327
   6.783
   5.547
  -0.612
   5.731
   2.890
   0.428
   2.796
   3.940
   1.126
   4.598
   4.234
   0.855
   2.731
   1.930
   2.531
   5.641
   1.863
   3.493
   1.814
  -0.488
   8.002
   6.217
   5.793
   5.597
  -0.452
  -0.762
  -0.124
   0.392
  -0.590
   2.677
   2.620
  -3.212
   3.886
   6.049
   3.696
   3.101
   2.248
   5.331
   5.554
   8.045
   6.696
   0.896
   6.328
   5.714
   5.715
   7.412
  -2.855
   2.389
   4.688
   6.760
   7.028
   6.853
   5.827
   6.352
   4.358
   5.772
   2.652
   2.432
   2.034
   2.258
   7.974
   3.406
   7.738
   2.678
   2.985
   8.066
   5.944
   6.793
   5.751
   1.923
  -2.600
   5.376
   6.833
   6.857
   8.160
   7.107
   7.039
   7.512
   7.806
   7.747
   7.714
   7.105
   1.816
   0.998
   6.080
  -0.036
   4.676
   2.612
   0.922
   0.814
   4.577
   2.246
   1.556
  -0.100
   5.541
   5.614
   3.449
   7.327
   6.783
   6.696
   1.309
   3.112
   2.160
   6.820
  -0.284
   4.334
   6.105
   5.227
   4.175
   4.163
   5.968
  -0.293
   4.989
   3.595
   3.126
   5.118
   6.006
   2.114
   3.852
   6.049
   1.033
   0.654
   0.357
  -0.329
   2.419
   3.714
   0.124
   8.002
   1.071
   2.021
   6.793
   6.217
   0.260
  -0.154
  -0.161
  -0.114
   1.815
   4.642
   4.592
   1.775
   6.231
   4.984
   4.281
   2.460
   1.004
   1.599
   3.101
   4.051
   5.007
   6.785
   3.952
   4.780
   6.846
   3.453
   6.807
   3.023
   6.913
   2.398
   5.734
   8.145
   7.599
   3.217
   5.084
   4.204
   6.389
   3.329
   6.756
   6.982
   5.914
   6.745
   3.499
   0.980
   5.481
   1.705
   1.296
   0.619
  -3.393
   6.857
   8.160
   7.107
   7.039
   7.512
   7.806
   7.747
   7.714
   4.395
   1.800
   6.989
   4.001
   4.132
   4.734
  -0.411
   1.943
   4.611
   6.317
   0.046
   5.788
   1.381
   4.357
   5.366
   3.249
   3.770
   5.700
   7.327
   0.922
   1.709
   7.442
  -1.344
   6.889
   6.188
   0.928
   1.445
   6.783
   0.013
   6.049
   6.006
   2.048
   1.262
   1.041
   6.580
   3.059
   5.162
   4.698
   3.901
   2.045
   0.182
   0.736
   3.030
  -1.561
   0.452
  -2.592
   1.325
   3.337
   1.627
   6.364
   0.918
  -0.727
   2.307
   8.145
   6.846
   6.217
   1.350
   1.426
   2.362
   1.369
   2.276
   2.417
   4.673
   2.437
   6.970
   3.272
   6.592
   1.536
   4.981
   1.986
   5.909
   3.882
   2.916
   3.397
   6.786
   4.224
   2.899
   6.535
   5.423
   1.311
   8.010
   7.077
  -0.955
   5.017
   8.068
   2.305
   8.032
   6.773
   4.441
   6.772
   1.911
   7.946
   6.836
   4.222
   2.936
   6.541
   5.161
   7.941
   1.901
   5.690
   5.102
   3.352
   5.442
   6.857
   8.160
   7.107
   7.039
   7.512
   7.806
   7.747
   7.714
   4.940
   1.374
   5.859
  -0.581
   0.765
   2.167
   1.334
   1.685
   5.594
   0.474
   4.202
   3.757
   0.926
   5.608
   4.563
   0.403
   1.022
   3.206
   6.592
   5.149
   5.334
   0.308
   1.326
   5.358
   6.536
   4.850
   5.824
   1.362
  -2.782
   7.156
   6.957
   7.327
   6.783
   6.049
   4.436
   2.423
   4.617
   6.006
   2.984
  -1.574
   3.217
  -0.393
   5.557
   0.317
   2.060
   0.222
   7.923
   3.288
  -0.054
   0.702
  -0.049
   8.145
   0.887
   6.846
   6.217
   1.026
   0.887
   6.606
   0.293
   3.359
   7.039
   2.363
   3.114
   3.376
   3.123
   5.294
  -3.068
   0.388
   5.017
   0.766
   5.206
   5.964
   2.981
   5.893
   1.420
   6.269
   6.343
   1.197
   2.154
   3.905
   5.222
   2.259
   5.674
   3.575
   3.797
   3.941
   1.248
   7.198
   2.547
   2.147
   2.930
   4.116
   2.216
   8.066
   6.773
   7.166
   6.753
   6.757
   7.946
   1.926
   3.643
   3.557
   2.012
   6.857
   8.160
   7.107
   7.039
   7.512
   7.806
   7.747
   7.714
   3.453
   6.849
   1.269
  -0.102
   6.843
   1.931
   2.206
   7.344
   5.259
   3.335
   2.009
   0.337
   6.382
   7.327
   2.749
   6.783
   6.049
   4.129
   3.499
   1.986
   3.073
   2.044
   1.070
   0.708
   1.601
   1.240
   2.631
   2.539
   3.748
   4.562
   3.486
   5.920
   1.100
   5.462
   8.194
  -0.862
   3.541
   3.645
   3.349
  -0.345
   6.625
   6.955
   4.518
   1.128
   0.815
   1.348
   8.145
   0.937
   7.946
   6.846
   6.217
   2.574
   2.706
   0.885
  -0.874
  -0.035
   1.810
   4.974
   4.493
   7.138
   4.730
   7.989
   3.572
   2.358
   7.515
   7.210
   6.572
   2.377
   2.892
   3.056
   3.157
   2.478
   4.154
   4.176
   6.823
   7.710
   3.618
   5.021
   5.009
   4.730
   5.802
   5.354
   2.949
   5.783
   6.832
   7.309
   5.469
   6.875
   2.882
   2.361
   6.616
   2.262
   7.195
   6.808
   5.480
   5.154
   6.669
   6.557
   6.857
   8.194
   7.107
   7.039
   7.512
   1.193
   6.325
   7.243
   2.242
  -0.582
   7.730
   5.061
   7.806
   7.747
   7.714
   7.344
   6.814
  -0.215
  -0.090
   1.458
   3.877
   2.608
   1.206
   1.145
   2.688
   2.792
   2.266
   0.659
   7.327
   6.783
   1.595
   6.049
   5.295
   5.818
   2.623
   4.757
   0.934
   2.360
   3.845
   2.299
  -0.678
   4.795
   4.575
   3.219
   6.589
   4.406
   5.604
   5.341
   1.223
   7.988
   1.741
   1.844
   0.941
  -1.608
   3.948
   5.808
   3.042
  -0.333
  -1.786
   1.255
   8.145
   7.210
  -0.410
  -0.626
   6.217
   0.896
  -3.312
   5.899
   2.840
   0.311
   3.550
   7.568
   8.143
   2.971
   3.171
   6.752
   5.044
   4.520
   3.728
   3.171
   3.882
   3.702
   2.323
   4.294
   4.994
   1.290
   6.635
   4.699
   3.040
   4.961
   6.890
   1.587
   4.858
   6.938
   1.303
   6.742
   6.916
   4.692
   2.147
   7.682
   4.903
   2.677
   4.968
   6.803
   7.899
   4.849
   4.682
   6.191
   5.576
   2.717
   6.857
   8.194
   7.107
   7.039
   7.730
   7.806
   7.747
   7.714
   7.344
   0.912
   5.081
  -0.007
   0.532
   5.016
   1.683
   2.404
   1.394
   2.854
  -0.202
   3.436
   1.412
   1.415
   0.680
   6.269
   0.217
   2.043
   1.430
   4.610
   7.062
   3.784
   2.306
   7.951
   8.108
   7.327
   6.783
   6.640
   2.698
   2.407
   2.412
   0.734
   2.904
   2.283
   4.331
   0.413
   1.753
  -0.960
   3.273
   4.593
  -1.301
   5.129
   2.927
   0.061
   0.709
   0.850
   8.145
   7.210
   6.916
   0.679
   0.315
   6.217
  -1.228
   0.080
   5.387
   5.394
   2.454
   2.168
   6.725
   5.115
   4.552
   2.003
   5.274
   5.779
   5.963
   6.960
   7.142
   0.941
   5.883
   2.836
   3.882
   2.838
   6.869
   2.350
   7.730
   5.183
   2.486
   5.772
   6.225
   6.852
   6.990
   4.153
   4.859
   2.566
   1.742
   6.744
   6.220
   2.839
   5.232
   3.633
   6.028
   5.852
   2.476
   5.221
   4.202
   7.458
   3.986
   5.522
   6.857
   8.194
   7.107
   7.039
   7.730
   7.806
   7.747
   7.714
   7.344
   2.647
   4.348
   6.950
   6.628
   2.536
   2.161
   2.030
   1.945
   5.465
   5.317
   2.673
   5.190
   3.488
   1.353
   0.051
   5.660
   5.625
   7.211
   6.751
   2.206
   0.588
   3.364
   7.787
   0.583
   3.129
  -0.959
   1.249
   7.327
   6.783
   0.811
   5.170
   5.231
   0.979
   4.644
   4.817
   0.606
   4.134
   0.975
   3.493
   0.245
   0.655
  -1.008
   6.730
   0.116
   6.422
   3.064
   1.426
   0.193
   0.789
   0.339
   0.248
   8.145
   7.210
   6.916
  -1.067
   6.744
   3.135
   5.877
   2.208
   5.917
   6.115
   6.712
   6.517
   4.215
   6.781
   3.400
  -0.360
   5.488
   1.253
   3.620
   4.928
   3.719
   4.655
   5.497
   3.409
   3.794
   8.037
   5.931
   3.702
   7.709
   5.362
   1.322
   3.074
   0.951
   6.786
   7.324
   5.151
   6.512
   6.709
   6.823
   6.624
   5.191
   6.080
   1.369
   5.623
   4.243
   1.253
  -0.220
   5.445
   3.347
   4.250
   6.857
   8.194
   7.787
   7.107
   7.039
   7.806
   7.747
   7.714
   7.344
   1.744
   5.041
   2.642
   7.533
   7.746
   5.349
   2.602
   1.152
  -0.171
   5.033
  -0.941
   1.806
   7.077
   7.327
   2.930
   6.783
   0.681
  -0.781
   0.895
   1.817
   1.132
   3.425
   3.102
   6.096
   2.746
  -2.319
  -0.964
  -1.604
   6.643
   6.330
   4.551
   5.965
   1.792
   8.080
   2.284
  -0.318
   6.510
   6.823
   4.558
   1.112
   0.727
   1.164
   0.990
   0.633
   1.180
   0.230
  -1.162
   1.665
  -1.955
   2.300
   1.690
   8.145
   7.210
   6.916
   6.744
  -0.927
   6.996
   4.599
   6.596
   2.531
   5.178
   2.615
   8.004
   7.635
   2.674
   3.961
  -1.592
   6.520
   6.811
  -1.758
   3.828
   4.482
   3.044
   2.669
   5.845
   6.804
   1.827
   2.287
   0.953
   2.494
   6.716
   6.793
   4.622
   6.210
   2.889
   6.821
   6.722
   5.880
   6.860
   2.580
  -0.745
   6.701
   2.029
   6.807
   1.467
   4.487
   3.999
   7.995
   2.951
   8.069
   6.508
   6.857
   8.194
   7.787
   7.107
   7.039
   7.806
   7.747
   7.714
   6.096
   3.121
   4.511
   5.301
   0.080
  -0.642
   0.572
   5.264
   1.553
  -1.592
   4.247
   4.753
  -2.322
   5.231
   1.715
   0.514
   0.996
   4.888
   2.731
   0.774
   0.723
   5.344
   5.830
   5.317
   1.793
   5.796
   4.809
   1.734
   2.379
   4.108
   2.448
   3.556
  -0.473
   7.439
  -0.595
   7.327
   6.783
   0.190
   0.786
   4.133
  -2.208
   4.445
   1.049
   0.632
  -0.641
   1.540
  -0.201
  -0.363
   1.372
   1.101
   8.145
  -1.110
   7.210
   6.916
   6.744
   0.711
   1.193
   1.466
   3.161
  -1.804
   3.115
   5.322
   4.119
   4.061
   6.010
   6.985
   1.522
   6.954
   0.522
   6.993
   5.322
   6.307
  -0.892
   8.005
   4.412
   1.052
   1.543
   6.825
   6.910
  -1.078
   3.033
   2.011
   5.226
   5.045
   7.940
   5.339
   3.622
   4.689
   2.926
   7.471
   6.613
   2.358
   6.822
   6.688
   7.662
   6.902
   6.759
   2.250
   4.142
   5.202
   6.857
   8.194
   7.787
   7.107
   7.039
   7.806
   7.747
   7.714
   6.096
   1.691
   5.280
   1.164
   7.688
   1.886
   0.629
   3.689
   1.784
   0.914
   2.795
   1.001
   2.305
   2.406
  -0.574
   0.553
   3.522
   1.142
   3.777
   3.386
   6.834
  -1.300
   1.450
   1.952
   1.023
   6.162
   6.264
   2.126
   0.341
   0.786
   4.213
   5.259
   7.327
   6.783
   2.925
   7.371
   0.337
   3.762
   3.510
   4.142
   5.472
   1.277
   0.731
   3.741
   1.568
  -0.897
   2.314
   8.145
   8.005
   5.413
   7.210
   6.916
   2.191
  -0.852
   0.116
   3.402
   4.260
   2.439
   7.014
   4.614
   4.990
   5.160
   1.053
   1.271
   0.923
   3.177
   4.791
   5.856
   0.862
   3.994
   4.888
   3.033
   6.975
   4.398
   5.184
   7.994
   8.024
   1.598
   2.647
   8.041
   5.877
   5.667
   5.129
   0.412
   5.029
   2.145
   5.533
   5.984
   5.083
   6.276
   4.881
   0.862
   5.523
   2.030
   3.677
   2.024
   7.963
   6.857
   8.194
   7.787
   7.107
   7.039
   7.806
   7.747
   7.714
   6.096
  -2.293
   3.219
   5.313
   6.305
   7.486
   2.691
   3.396
   3.096
   4.969
   3.647
   3.597
   5.965
   3.890
   1.096
   1.471
   2.044
   0.621
   2.340
   2.071
   5.305
   1.505
   7.327
   6.783
   5.334
   5.976
   1.927
   7.877
   3.441
   7.680
   1.322
   4.145
   3.878
   2.350
   5.633
   3.785
   1.781
   7.215
   0.935
   1.289
   3.748
  -0.867
   0.354
   0.180
   0.540
   4.157
   1.081
   0.398
   1.315
   0.995
  -0.147
   8.145
   0.590
   8.005
   7.210
   6.916
   0.529
   7.668
   4.997
   4.987
   5.298
   5.862
   5.092
   5.580
   5.762
   2.710
   3.928
   4.181
   5.881
   8.076
   3.001
   6.736
   1.355
   5.551
   3.366
   2.928
   0.918
   5.473
   2.218
   2.358
   6.178
   2.238
   2.907
   4.162
   4.197
   1.005
   4.883
   7.705
   5.037
   5.202
   8.055
   7.716
   3.058
   8.044
   7.753
   7.766
   2.576
   6.106
   4.723
   1.164
   5.133
  -2.567
   6.857
   8.194
   7.787
   7.107
   7.039
   7.806
   7.747
   7.714
   6.096
   0.285
   4.636
   1.269
   2.898
   1.468
   4.699
   3.284
   2.144
   2.935
   2.810
   5.812
   0.766
   1.674
  -1.807
   5.281
   0.897
   7.472
   1.400
   4.871
   6.592
   0.614
   5.276
   7.327
   6.783
   4.706
   2.777
   6.107
   2.029
   5.267
   3.603
   7.602
   8.075
   2.920
   7.805
   3.732
  -0.356
   0.459
   2.853
   6.136
   3.388
   4.223
   3.487
   1.272
   6.591
   3.216
   0.603
   0.168
   4.942
   1.186
   8.145
   8.005
   7.210
   6.916
   1.847
   2.395
   4.011
   0.637
   5.105
   5.855
   5.853
   0.512
   2.484
   3.337
   5.955
   0.274
   5.395
   2.641
   6.609
   5.807
   5.160
   3.592
   5.895
   1.234
   4.577
   2.019
   3.526
   1.332
   7.672
   5.022
   5.321
   6.827
   2.606
   2.501
   5.379
   4.984
   2.775
   1.217
   5.738
   2.857
   4.261
   5.224
   6.054
   4.206
   4.199
   5.896
   5.400
   5.059
   2.876
   6.857
   8.194
   7.787
   7.107
   7.039
   7.472
   7.806
   7.747
   7.714
   3.304
   0.424
   4.672
   2.762
   1.487
   1.326
   5.373
   5.991
   6.120
   4.887
   7.721
  -1.299
   4.081
   3.127
   2.743
   7.848
  -1.647
   2.145
   6.802
   5.399
   3.971
   4.903
   7.327
   6.783
   0.738
  -0.259
  -0.666
   1.784
  -0.169
   1.494
   3.954
   1.148
  -1.355
   4.312
   5.598
   5.466
   3.819
   4.892
   5.568
   3.596
   2.072
   4.245
   0.502
  -0.101
   6.918
   5.787
   0.681
   1.195
  -0.048
   2.614
   3.920
   1.896
   8.145
   8.005
   7.210
   6.916
   6.250
   3.961
   0.045
   3.799
   3.062
   4.658
   1.899
   5.490
   3.360
   6.771
   7.038
   5.130
   6.697
  -0.682
   5.842
   5.634
   2.157
   5.442
   1.160
   2.639
   6.307
   5.947
   3.114
   6.546
   4.368
   5.218
   6.804
   6.885
   6.873
   8.034
   6.899
   6.629
   2.307
   7.329
   6.633
   8.041
   8.078
   6.881
   6.032
   2.270
   7.960
   6.000
   2.787
   3.268
   2.278
   6.959
   6.857
   8.194
   7.787
   7.107
   7.039
   7.472
   7.806
   7.747
   7.714
   0.805
   1.368
   0.398
   2.633
   1.044
   6.556
   2.837
  -2.056
   0.958
   2.975
   0.810
   0.819
   0.812
   5.836
   4.282
   7.327
   6.307
   0.355
   5.128
   0.930
  -0.119
   3.465
   1.916
   3.880
  -0.305
   1.011
   4.381
   2.382
   0.328
   6.463
   2.598
   4.827
   5.353
   1.879
   2.744
   4.089
   0.460
   8.071
   6.140
   0.834
   0.338
   6.935
   3.518
   3.934
   0.125
   5.354
   2.301
   0.057
   8.145
   0.140
   7.210
   1.687
   6.916
  -0.288
   6.873
  -0.387
   3.187
   5.996
   2.227
   2.149
   1.571
   1.855
   4.562
   3.366
   7.960
   1.165
   0.866
   5.171
   5.353
   6.806
   3.511
   2.077
   3.581
   5.402
   5.009
   1.462
   6.857
   6.784
   1.906
   3.546
   6.818
   5.365
   7.644
   6.857
   3.491
   3.614
   5.429
   6.676
   5.387
   5.543
   4.997
   2.056
   2.232
   5.851
   2.393
   5.828
   3.763
   5.246
   6.857
   8.194
   7.787
   7.107
   7.039
   7.472
   7.806
   7.747
   7.714
  -0.787
   6.222
   1.025
   4.154
   2.447
   1.480
   2.305
   0.857
   1.170
  -0.268
   1.442
   4.899
   2.100
   0.486
   5.049
   1.022
   3.365
   1.583
   1.277
   1.632
   3.436
   5.853
   7.327
   3.788
  -0.300
   2.918
   7.823
   6.344
   7.833
   1.529
  -1.037
   2.513
   0.244
   4.406
  -3.306
   3.444
   2.124
   1.735
   0.789
   1.064
   1.211
   0.381
   1.117
   0.622
   0.249
  -0.291
   3.671
   1.226
   4.396
   4.069
   1.238
   2.179
   3.760
   4.470
   0.746
   5.904
   6.593
   5.818
   6.805
   2.339
   5.368
   8.032
   5.606
   5.765
   6.874
   8.145
   7.210
   2.214
   8.035
   5.091
   6.174
   3.951
   6.916
   6.873
   4.423
   7.863
   6.719
   8.012
   1.952
   6.676
   1.941
   0.447
   3.523
   6.968
   3.760
   7.653
   4.952
   4.871
   7.063
   3.109
   4.259
   6.169
   6.839
   4.860
   0.101
   4.983
   8.035
   6.148
   2.081
   7.712
   0.650
  -0.250
   6.857
   8.194
   7.787
   7.107
   7.039
   7.472
   7.806
   7.747
   7.714
   1.068
   4.159
   0.893
   5.003
   4.995
   2.739
   5.348
   3.142
   6.922
   2.110
   1.530
   3.207
   1.875
   5.775
   2.305
   7.327
   7.988
   5.702
   2.067
   6.158
   0.743
   1.247
   1.793
   1.339
   1.514
   1.755
   2.247
   5.800
   1.145
   7.062
   5.791
   6.289
   5.555
   4.898
   0.707
   2.408
   1.793
   4.113
   5.539
   1.767
   2.294
   3.318
   0.013
   5.268
   5.501
   1.273
   4.378
   6.031
   3.582
   8.145
   7.210
   1.641
   6.916
   7.984
   2.220
   2.640
   6.824
   6.993
   6.873
   3.372
   2.251
   6.800
   2.191
   5.598
   6.676
   7.635
   5.149
   7.706
   6.552
   1.560
   1.076
   1.452
   3.476
   6.075
   1.859
   3.071
   5.509
   6.854
   7.699
   4.353
   8.036
   4.626
   4.902
   3.771
   5.186
   8.004
   2.782
   3.961
   5.100
   5.932
   6.752
   6.791
   5.773
  -1.772
   1.895
   3.774
   2.233
   2.941
   3.268
   2.693
  -0.556
   6.857
   8.194
   7.787
   7.107
   7.039
   7.472
   7.806
   7.747
   7.714
   7.327
   2.174
   7.534
   4.297
   6.213
   1.327
   1.441
   4.656
   3.833
   3.380
   5.003
   3.697
   3.830
   6.038
   2.312
   2.095
   7.341
   3.105
  -3.338
   3.050
   0.283
   3.980
   3.526
   4.740
   3.683
   0.962
   1.709
   6.019
   7.171
   1.647
   6.569
   1.840
   3.324
   2.977
   0.044
   3.554
   0.602
   1.936
   0.648
   4.858
   1.552
   0.791
   1.366
   7.961
   5.190
   6.869
   4.217
   4.956
   1.663
   8.145
   7.210
   6.916
   1.351
   6.873
   2.546
   6.713
   0.944
   6.271
   6.676
  -1.090
  -0.384
   5.927
   5.209
   4.246
   2.977
   7.956
   3.891
   6.800
   7.736
   4.089
   7.054
   0.085
   6.811
   0.683
  -0.491
   6.789
   5.637
   3.091
   5.005
   2.332
   3.572
   3.653
   7.685
   2.305
   5.143
   5.666
   2.038
   4.570
   8.016
   5.951
   3.495
   7.668
   6.280
   6.973
   5.851
   8.004
   6.996
   2.686
   5.729
