0.563
0.569
0.571
0.568
0.568
0.575
0.550
0.545
0.570
0.574
0.574
0.569
0.575
0.568
0.514
0.555
0.565
0.571
0.563
0.499
0.547
0.562
0.427
0.565
0.574
0.572
0.565
0.570
0.564
0.548
0.570
0.567
0.565
0.540
0.572
0.570
0.548
0.561
0.571
0.567
0.488
0.551
0.553
0.545
0.566
0.557
0.570
0.553
0.533
0.565
0.553
0.565
0.569
0.571
0.549
0.565
0.570
0.551
0.550
0.553
0.531
0.574
0.565
0.566
0.553
0.550
0.538
0.559
0.571
0.572
0.559
0.566
0.574
0.557
0.565
0.570
0.558
0.514
0.567
0.566
0.522
0.546
0.566
0.574
0.575
0.566
0.566
0.575
0.562
0.581
0.549
0.568
0.581
0.578
0.574
0.582
0.575
0.567
0.566
0.555
0.529
0.537
0.570
0.568
0.566
0.563
0.570
0.574
0.572
0.573
0.564
0.567
0.557
0.568
0.567
0.566
0.579
0.581
0.574
0.559
0.565
0.577
0.563
0.571
0.571
0.569
0.539
0.463
0.541
0.558
0.565
0.564
0.566
0.567
0.497
0.577
0.568
0.531
0.461
0.560
0.568
0.569
0.574
0.567
0.559
0.569
0.568
0.569
0.570
0.570
0.522
0.565
0.567
0.426
0.524
0.475
0.563
0.513
0.564
0.570
0.567
0.566
0.492
0.517
0.426
0.566
0.461
0.566
0.566
0.577
0.563
0.572
0.572
0.573
0.567
0.572
0.542
0.507
0.570
0.564
0.580
0.554
0.570
0.565
0.556
0.566
0.570
0.575
0.570
0.566
0.565
0.538
0.563
0.575
0.570
0.564
0.567
0.566
0.569
0.567
0.560
0.544
0.568
0.569
0.564
0.565
0.565
0.565
0.571
0.560
0.567
0.560
0.568
0.534
0.567
0.579
0.574
0.573
0.559
0.568
0.569
0.569
0.570
0.437
0.564
0.529
0.572
0.569
0.571
0.565
0.567
0.567
0.568
0.566
0.572
0.565
0.572
0.563
0.567
0.563
0.566
0.566
0.572
0.557
0.566
0.564
0.564
0.565
0.572
0.571
0.566
0.553
0.571
0.563
0.565
0.565
0.560
0.565
0.569
0.565
0.567
0.567
0.564
0.550
0.566
0.566
0.567
0.550
0.356
0.571
0.567
0.559
0.571
0.565
0.567
0.509
0.547
0.176
0.568
0.571
0.564
0.573
0.569
0.454
0.564
0.561
0.574
0.572
0.568
0.571
0.569
0.557
0.570
0.575
0.570
0.566
0.563
0.575
0.575
0.567
0.567
0.569
0.561
0.570
0.571
0.553
0.566
0.555
0.564
0.513
0.565
0.560
0.568
0.571
0.569
0.572
0.577
0.545
0.571
0.553
0.567
0.567
0.567
0.572
0.565
0.575
0.578
0.569
0.578
0.575
0.567
0.572
0.564
0.551
0.567
0.564
0.572
0.569
0.532
0.570
0.561
0.571
0.570
0.561
0.533
0.561
0.572
0.572
0.575
0.572
0.572
0.560
0.574
0.572
0.570
0.552
0.566
0.565
0.566
0.569
0.546
0.555
0.561
0.566
0.572
0.565
0.563
0.573
0.526
0.570
0.568
0.565
0.565
0.562
0.568
0.538
0.507
0.567
0.558
0.561
0.548
0.556
0.563
0.527
0.560
0.580
0.558
0.567
0.566
0.569
0.578
0.566
0.570
0.559
0.562
0.574
0.580
0.578
0.570
0.578
0.560
0.395
0.570
0.575
0.570
0.563
0.572
0.575
0.575
0.572
0.575
0.568
0.575
0.569
0.569
0.570
0.578
0.569
0.569
0.569
0.572
0.567
0.573
0.572
0.570
0.565
0.556
0.569
0.561
0.568
0.567
0.578
0.569
0.580
0.576
0.567
0.567
0.575
0.565
0.564
0.565
0.556
0.523
0.571
0.571
0.569
0.569
0.569
0.529
0.571
0.557
0.576
0.563
0.567
0.568
0.565
0.561
0.568
0.561
0.563
0.567
0.574
0.572
0.574
0.550
0.566
0.566
0.547
0.562
0.578
0.567
0.541
0.577
0.572
0.526
0.571
0.472
0.567
0.564
0.565
0.563
0.561
0.571
0.566
0.565
0.563
0.555
0.571
0.564
0.568
0.566
0.563
0.567
0.557
0.576
0.564
0.561
0.564
0.565
0.564
0.564
0.564
0.573
0.568
0.568
0.564
0.562
0.569
0.568
0.266
0.570
0.575
0.570
0.563
0.580
0.575
0.575
0.567
0.565
0.574
0.560
0.564
0.566
0.566
0.552
0.553
0.579
0.570
0.565
0.564
0.537
0.565
0.572
0.568
0.565
0.563
0.552
0.566
0.566
0.570
0.566
0.567
0.571
0.566
0.509
0.568
0.565
0.553
0.570
0.567
0.562
0.581
0.570
0.571
0.561
0.568
0.561
0.562
0.566
0.574
0.570
0.555
0.573
0.563
0.566
0.548
0.567
0.529
0.570
0.574
0.565
0.560
0.575
0.571
0.566
0.559
0.562
0.563
0.560
0.566
0.563
0.569
0.563
0.551
0.569
0.565
0.561
0.557
0.570
0.576
0.570
0.559
0.565
0.248
0.577
0.510
0.565
0.567
0.575
0.560
0.566
0.571
0.560
0.568
0.572
0.577
0.563
0.575
0.562
0.570
0.568
0.573
0.566
0.553
0.557
0.570
0.578
0.568
0.570
0.563
0.580
0.565
0.570
0.535
0.567
0.568
0.573
0.572
0.573
0.580
0.575
0.573
0.565
0.579
0.523
0.549
0.571
0.563
0.565
0.576
0.570
0.564
0.571
0.575
0.577
0.572
0.571
0.566
0.567
0.575
0.566
0.562
0.573
0.556
0.564
0.563
0.566
0.571
0.561
0.560
0.568
0.561
0.562
0.574
0.561
0.570
0.563
0.564
0.566
0.531
0.570
0.559
0.572
0.566
0.565
0.564
0.570
0.572
0.575
0.578
0.572
0.563
0.562
0.577
0.565
0.570
0.561
0.570
0.574
0.563
0.522
0.570
0.565
0.562
0.559
0.562
0.555
0.570
0.573
0.570
0.565
0.561
0.567
0.564
0.563
0.562
0.571
0.567
0.576
0.563
0.569
0.221
0.570
0.568
0.575
0.576
0.573
0.568
0.565
0.566
0.566
0.573
0.566
0.569
0.571
0.567
0.561
0.572
0.570
0.563
0.580
0.575
0.563
0.571
0.572
0.570
0.570
0.567
0.573
0.567
0.570
0.575
0.567
0.565
0.574
0.573
0.574
0.579
0.579
0.558
0.580
0.578
0.577
0.575
0.558
0.571
0.566
0.567
0.565
0.567
0.573
0.565
0.494
0.562
0.565
0.571
0.561
0.574
0.560
0.568
0.573
0.570
0.565
0.564
0.574
0.586
0.576
0.550
0.574
0.561
0.580
0.569
0.566
0.562
0.547
0.551
0.567
0.575
0.578
0.573
0.565
0.556
0.514
0.560
0.569
0.493
0.557
0.569
0.566
0.569
0.574
0.561
0.572
0.575
0.566
0.563
0.562
0.575
0.571
0.575
0.564
0.562
0.563
0.556
0.561
0.568
0.579
0.565
0.522
0.554
0.566
0.564
0.543
0.559
0.565
0.566
0.568
0.562
0.579
0.548
0.578
0.573
0.560
0.563
0.571
0.549
0.560
0.569
0.561
0.571
0.570
0.580
0.575
0.578
0.569
0.582
0.581
0.581
0.567
0.548
0.565
0.531
0.573
0.556
0.577
0.565
0.566
0.517
0.570
0.571
0.565
0.572
0.564
0.570
0.563
0.565
0.553
0.568
0.564
0.566
0.570
0.568
0.577
0.566
0.565
0.564
0.566
0.566
0.571
0.561
0.574
0.560
0.568
0.570
0.574
0.561
0.568
0.575
0.572
0.569
0.571
0.552
0.572
0.571
0.564
0.567
0.558
0.575
0.579
0.578
0.574
0.568
0.569
0.570
0.567
0.359
0.563
0.563
0.576
0.566
0.569
0.574
0.570
0.579
0.564
0.563
0.572
0.579
0.566
0.567
0.569
0.572
0.561
0.575
0.563
0.564
0.575
0.577
0.576
0.562
0.572
0.560
0.562
0.576
0.564
0.571
0.563
0.572
0.561
0.565
0.560
0.563
0.573
0.565
0.565
0.570
0.580
0.575
0.564
0.575
0.568
0.572
0.579
0.580
0.567
0.575
0.579
0.565
0.573
0.568
0.581
0.580
0.565
0.567
0.577
0.567
0.571
0.572
0.567
0.562
0.503
0.568
0.569
0.574
0.558
0.576
0.564
0.574
0.552
0.566
0.571
0.561
0.576
0.572
0.566
0.560
0.568
0.568
0.570
0.566
0.441
0.557
0.512
0.566
0.568
0.514
0.574
0.560
0.567
0.563
0.569
0.567
0.566
0.509
0.575
0.570
0.579
0.570
0.576
0.559
0.557
0.573
0.566
0.568
0.568
0.566
0.566
0.564
0.572
0.572
0.564
0.574
0.563
0.564
0.578
0.563
0.559
0.567
0.564
0.573
0.574
0.572
0.562
0.565
0.575
0.575
0.573
0.567
0.570
0.560
0.567
0.563
0.570
0.562
0.563
0.562
0.573
0.573
0.567
0.569
0.565
0.570
0.570
0.576
0.570
0.580
0.575
0.562
0.565
0.570
0.560
0.573
0.545
0.522
0.571
0.567
0.567
0.569
0.572
0.566
0.568
0.570
0.563
0.567
0.581
0.569
0.570
0.567
0.575
0.571
0.566
0.567
0.566
0.574
0.566
0.571
0.561
0.576
0.570
0.576
0.563
0.566
0.572
0.557
0.570
0.572
0.560
0.568
0.563
0.565
0.574
0.573
0.574
0.566
0.566
0.569
0.571
0.549
0.565
0.532
0.575
0.579
0.566
0.567
0.570
0.574
0.569
0.566
0.569
0.564
0.570
0.568
0.568
0.573
0.570
0.574
0.566
0.564
0.565
0.576
0.557
0.561
0.561
0.569
0.569
0.569
0.563
0.578
0.579
0.559
0.569
0.570
0.578
0.561
0.557
0.563
0.573
0.559
0.574
0.555
0.578
0.563
0.563
0.562
0.570
0.570
0.570
0.573
0.570
0.564
0.580
0.575
0.562
0.565
0.575
0.476
0.576
0.570
0.567
0.563
0.569
0.562
0.581
0.575
0.572
0.563
0.566
0.564
0.573
0.565
0.565
0.571
0.571
0.555
0.562
0.564
0.570
0.555
0.573
0.569
0.562
0.571
0.565
0.566
0.571
0.561
0.576
0.572
0.560
0.568
0.560
0.569
0.566
0.573
0.575
0.573
0.574
0.567
0.566
0.564
0.572
0.564
0.568
0.565
0.574
0.510
0.566
0.543
0.578
0.575
0.579
0.566
0.563
0.565
0.562
0.569
0.562
0.573
0.563
0.574
0.573
0.573
0.568
0.571
0.561
0.570
0.562
0.564
0.571
0.562
0.575
0.563
0.563
0.569
0.568
0.568
0.554
0.563
0.556
0.568
0.563
0.575
0.570
0.569
0.564
0.563
0.564
0.566
0.567
0.576
0.576
0.573
0.567
0.106
0.568
0.569
0.569
0.567
0.580
0.576
0.575
0.562
0.565
0.571
0.568
0.566
0.571
0.568
0.567
0.579
0.567
0.573
0.567
0.564
0.571
0.569
0.568
0.573
0.567
0.576
0.576
0.566
0.569
0.574
0.559
0.556
0.566
0.571
0.572
0.563
0.560
0.568
0.573
0.560
0.565
0.566
0.563
0.569
0.557
0.569
0.568
0.563
0.572
0.575
0.572
0.566
0.567
0.567
0.573
0.566
0.567
0.565
0.577
0.574
0.578
0.568
0.575
0.579
0.567
0.507
0.574
0.562
0.571
0.565
0.565
0.568
0.561
0.564
0.574
0.556
0.563
0.568
0.569
0.562
0.576
0.580
0.560
0.572
0.565
0.564
0.572
0.573
0.568
0.577
0.555
0.575
0.563
0.571
0.562
0.568
0.562
0.578
0.572
0.574
0.572
0.565
0.566
0.533
0.556
0.572
0.569
0.568
0.567
0.580
0.575
0.562
0.508
0.562
0.566
0.565
0.562
0.565
0.565
0.560
0.568
0.581
0.568
0.562
0.565
0.574
0.567
0.567
0.568
0.561
0.574
0.564
0.574
0.565
0.566
0.566
0.567
0.572
0.568
0.534
0.567
0.576
0.561
0.561
0.566
0.566
0.571
0.572
0.560
0.568
0.569
0.576
0.563
0.565
0.573
0.571
0.548
0.575
0.569
0.544
0.564
0.569
0.564
0.564
0.572
0.576
0.577
0.578
0.568
0.575
0.579
0.533
0.567
0.575
0.558
0.545
0.574
0.578
0.567
0.570
0.565
0.575
0.574
0.572
0.562
0.571
0.566
0.565
0.563
0.569
0.562
0.567
0.569
0.558
0.570
0.570
0.562
0.567
0.563
0.575
0.570
0.575
0.572
0.567
0.564
0.564
0.565
0.559
0.553
0.480
0.570
0.561
0.571
0.564
0.571
0.573
0.567
0.561
0.564
0.573
0.580
0.577
0.569
0.565
0.568
0.572
0.570
0.573
0.573
0.575
0.578
0.571
0.566
0.571
0.540
0.567
0.573
0.563
0.571
0.567
0.576
0.570
0.566
0.566
0.571
0.567
0.572
0.570
0.567
0.567
0.563
0.558
0.513
0.558
0.576
0.568
0.567
0.568
0.574
0.562
0.561
0.575
0.562
0.556
0.577
0.573
0.576
0.565
0.568
0.563
0.570
0.572
0.571
0.561
0.569
0.571
0.573
0.578
0.568
0.575
0.579
0.569
0.533
0.568
0.576
0.569
0.563
0.560
0.570
0.565
0.578
0.564
0.572
0.573
0.496
0.566
0.565
0.562
0.564
0.563
0.579
0.562
0.571
0.562
0.562
0.572
0.562
0.564
0.563
0.559
0.565
0.560
0.560
0.563
0.566
0.571
0.565
0.563
0.569
0.563
0.566
0.560
0.557
0.568
0.562
0.572
0.566
0.570
0.572
0.569
0.580
0.577
0.565
0.572
0.581
0.576
0.580
0.573
0.568
0.572
0.565
0.527
0.574
0.566
0.562
0.574
0.564
0.567
0.572
0.564
0.563
0.561
0.546
0.566
0.570
0.571
0.572
0.563
0.573
0.565
0.567
0.571
0.570
0.575
0.562
0.572
0.542
0.572
0.567
0.572
0.578
0.581
0.559
0.565
0.563
0.570
0.566
0.568
0.515
0.570
0.565
0.565
0.573
0.578
0.568
0.554
0.575
0.579
0.567
0.571
0.533
0.562
0.568
0.564
0.572
0.559
0.575
0.568
0.559
0.565
0.566
0.573
0.571
0.563
0.560
0.564
0.558
0.563
0.557
0.573
0.572
0.573
0.572
0.560
0.571
0.566
0.563
0.572
0.563
0.571
0.557
0.571
0.562
0.563
0.479
0.572
0.572
0.568
0.566
0.575
0.562
0.579
0.578
0.576
0.556
0.568
0.575
0.574
0.580
0.574
0.570
0.570
0.567
0.570
0.566
0.568
0.563
0.578
0.581
0.574
0.579
0.571
0.564
0.567
0.569
0.566
0.560
0.565
0.455
0.565
0.476
0.566
0.570
0.571
0.572
0.553
0.563
0.577
0.564
0.566
0.570
0.566
0.574
0.566
0.562
0.563
0.570
0.569
0.567
0.570
0.574
0.557
0.573
0.565
0.575
0.562
0.575
0.564
0.580
0.564
0.568
0.566
0.574
0.573
0.578
0.568
0.575
0.566
0.533
0.565
0.562
0.575
0.565
0.568
0.558
0.566
0.568
0.575
0.557
0.571
0.564
0.562
0.573
0.574
0.564
0.557
0.560
0.568
0.565
0.476
0.565
0.569
0.565
0.557
0.572
0.573
0.573
0.568
0.576
0.560
0.557
0.568
0.565
0.573
0.574
0.564
0.561
0.566
0.562
0.580
0.577
0.576
0.567
0.575
0.566
0.573
0.572
0.566
0.568
0.575
0.580
0.574
0.566
0.570
0.571
0.572
0.563
0.562
0.493
0.574
0.566
0.571
0.575
0.580
0.580
0.572
0.561
0.564
0.573
0.565
0.569
0.575
0.564
0.565
0.565
0.524
0.568
0.564
0.562
0.560
0.572
0.570
0.557
0.568
0.580
0.558
0.559
0.569
0.571
0.560
0.566
0.561
0.562
0.576
0.573
0.575
0.583
0.568
0.564
0.533
0.562
0.575
0.469
0.567
0.566
0.574
0.567
0.560
0.522
0.574
0.536
0.566
0.559
0.563
0.560
0.559
0.567
0.578
0.569
0.577
0.565
0.561
0.564
0.566
0.565
0.560
0.569
0.562
0.566
0.562
0.569
0.563
0.565
0.556
0.562
0.565
0.554
0.573
0.564
0.567
0.577
0.561
0.561
0.573
0.575
0.564
0.577
0.575
0.580
0.574
0.566
0.570
0.571
0.572
0.553
0.560
0.565
0.566
0.580
0.572
0.562
0.568
0.570
0.515
0.569
0.576
0.560
0.560
0.589
0.572
0.563
0.568
0.563
0.572
0.577
0.575
0.576
0.564
0.567
0.568
0.565
0.566
0.566
0.398
0.559
0.572
0.575
0.562
0.566
0.562
0.562
0.572
0.571
0.571
0.566
0.519
0.567
0.568
0.582
0.571
0.568
0.576
0.564
0.524
0.576
0.573
0.575
0.533
0.562
0.577
0.575
0.572
0.563
0.564
0.571
0.564
0.457
0.566
0.564
0.572
0.564
0.570
0.568
0.560
0.565
0.572
0.576
0.576
0.566
0.576
0.571
0.564
0.563
0.572
0.575
0.571
0.576
0.573
0.568
0.566
0.564
0.562
0.565
0.578
0.562
0.561
0.559
0.576
0.573
0.573
0.572
0.558
0.576
0.571
0.580
0.574
0.573
0.566
0.551
0.567
0.525
0.574
0.580
0.556
0.443
0.566
0.570
0.571
0.574
0.567
0.570
0.576
0.567
0.566
0.567
0.563
0.574
0.555
0.575
0.571
0.565
0.573
0.575
0.569
0.569
0.569
0.579
0.570
0.558
0.579
0.572
0.570
0.569
0.567
0.560
0.570
0.571
0.575
0.579
0.576
0.573
0.573
0.562
0.575
0.558
0.575
0.572
0.533
0.562
0.574
0.577
0.575
0.579
0.570
0.574
0.569
0.567
0.573
0.568
0.571
0.567
0.554
0.562
0.559
0.569
0.563
0.566
0.565
0.562
0.575
0.558
0.559
0.561
0.570
0.571
0.568
0.575
0.571
0.571
0.565
0.569
0.564
0.566
0.554
0.563
0.574
0.571
0.563
0.578
0.564
0.579
0.579
0.568
0.573
0.577
0.572
0.545
0.573
0.580
0.574
0.566
0.570
0.571
0.569
0.567
0.567
0.573
0.567
0.566
0.575
0.536
0.568
0.492
0.563
0.569
0.555
0.576
0.568
0.468
0.568
0.570
0.567
0.566
0.571
0.566
0.572
0.568
0.563
0.568
0.570
0.575
0.517
0.560
0.563
0.568
0.570
0.574
0.582
0.576
0.571
0.573
0.562
0.569
0.568
0.569
0.569
0.563
0.560
0.569
0.576
0.573
0.573
0.562
0.578
0.575
0.564
0.570
0.533
0.562
0.577
0.563
0.441
0.561
0.565
0.568
0.569
0.563
0.564
0.569
0.572
0.570
0.579
0.564
0.573
0.565
0.577
0.574
0.569
0.566
0.565
0.574
0.575
0.567
0.556
0.561
0.563
0.563
0.554
0.572
0.565
0.574
0.559
0.564
0.572
0.560
0.569
0.566
0.562
0.554
0.573
0.562
0.566
0.571
0.560
0.570
0.560
0.575
0.580
0.574
0.577
0.566
0.571
0.567
0.562
0.569
0.571
0.572
0.578
0.576
0.573
0.566
0.567
0.577
0.571
0.567
0.574
0.567
0.491
0.570
0.563
0.563
0.559
0.571
0.569
0.571
0.577
0.564
0.571
0.564
0.572
0.579
0.564
0.582
0.572
0.571
0.569
0.566
0.570
0.571
0.575
0.565
0.564
0.567
0.562
0.563
0.564
0.518
0.567
0.576
0.576
0.573
0.573
0.562
0.578
0.575
0.563
0.533
0.562
0.577
0.574
0.577
0.564
0.563
0.567
0.569
0.570
0.568
0.553
0.566
0.569
0.565
0.567
0.573
0.566
0.558
0.562
0.560
0.571
0.562
0.557
0.573
0.572
0.571
0.568
0.566
0.562
0.571
0.574
0.569
0.571
0.560
0.454
0.562
0.568
0.570
0.557
0.574
0.576
0.564
0.572
0.562
0.570
0.563
0.566
0.577
0.580
0.574
0.566
0.570
0.571
0.556
0.569
0.572
0.569
0.577
0.555
0.572
0.551
0.571
0.564
0.566
0.571
0.573
0.570
0.565
0.570
0.566
0.578
0.566
0.563
0.573
0.550
0.561
0.574
0.568
0.574
0.573
0.569
0.579
0.567
0.565
0.511
0.575
0.573
0.564
0.542
0.566
0.566
0.565
0.548
0.576
0.467
0.567
0.571
0.562
0.574
0.567
0.472
0.573
0.576
0.573
0.573
0.562
0.574
0.578
0.575
0.533
0.562
0.571
0.567
0.571
0.558
0.568
0.564
0.563
0.565
0.561
0.567
0.564
0.578
0.572
0.571
0.580
0.573
0.567
0.572
0.574
0.567
0.567
0.563
0.572
0.570
0.572
0.573
0.565
0.567
0.567
0.573
0.572
0.562
0.565
0.566
0.561
0.561
0.566
0.580
0.570
0.575
0.566
0.574
0.571
0.570
0.583
0.594
0.576
0.566
0.570
0.571
0.567
0.512
0.566
0.564
0.570
0.565
0.549
0.567
0.508
0.566
0.566
0.574
0.571
0.323
0.575
0.562
0.528
0.573
0.518
0.561
0.574
0.563
0.569
0.567
0.576
0.578
0.570
0.571
0.572
0.569
0.565
0.567
0.569
0.570
0.566
0.573
0.572
0.567
0.575
0.568
0.562
0.569
0.569
0.568
0.575
0.568
0.565
0.565
0.576
0.573
0.572
0.573
0.562
0.574
0.574
0.533
0.594
0.565
0.568
0.570
0.564
0.573
0.571
0.567
0.570
0.574
0.570
0.563
0.573
0.561
0.563
0.569
0.556
0.575
0.571
0.575
0.561
0.573
0.572
0.566
0.567
0.558
0.578
0.571
0.569
0.573
0.571
0.571
0.571
0.571
0.575
0.559
0.571
0.569
0.566
0.558
0.572
0.581
0.572
0.578
0.573
0.576
0.575
0.581
0.569
0.578
0.576
0.579
0.568
0.567
0.569
0.476
0.567
0.564
0.572
0.567
0.571
0.567
0.569
0.567
0.566
0.568
0.567
0.531
0.583
0.577
0.564
0.557
0.566
0.570
0.568
0.565
0.569
0.566
0.514
0.570
0.574
0.577
0.574
0.572
0.562
0.571
0.572
0.564
0.566
0.567
0.567
0.576
0.571
0.567
0.570
0.575
0.564
0.568
0.421
0.564
0.561
0.565
0.576
0.573
0.572
0.573
0.574
0.574
0.533
0.571
0.594
0.577
0.571
0.576
0.572
0.566
0.577
0.575
0.570
0.562
0.575
0.562
0.567
0.562
0.561
0.573
0.562
0.573
0.563
0.558
0.569
0.563
0.479
0.578
0.569
0.569
0.557
0.569
0.573
0.563
0.568
0.562
0.575
0.488
0.581
0.566
0.568
0.562
0.573
0.564
0.562
0.567
0.574
0.573
0.576
0.571
0.569
0.556
