-19.307 -18.757 -23.481 -22.694 -22.693
-22.733 -23.124 -23.345 -22.694 -22.694
-23.574 -23.781 -23.946 -23.258 -22.775
-21.376 -21.449 -22.545 -22.553 -22.173
-20.943 -21.394 -22.715 -22.716 -22.260
-20.666 -20.908 -23.946 -23.288 -22.756
-20.779 -20.691 -21.021 -21.026 -20.876
-20.566 -20.633 -21.274 -22.043 -22.043
-22.127 -23.101 -23.333 -22.531 -22.279
-21.232 -21.374 -23.949 -23.287 -22.756
-19.438 -19.612 -21.590 -21.123 -20.842
-19.020 -19.110 -20.046 -19.238 -19.079
-19.194 -19.237 -19.266 -19.313 -19.007
-18.689 -19.064 -19.532 -19.205 -19.039
-21.170 -21.173 -21.490 -21.323 -21.096
-13.837 -13.739 -19.472 -18.692 -18.695
-17.468 -17.627 -19.678 -19.075 -19.075
-17.678 -17.834 -20.053 -19.145 -19.145
-17.644 -17.777 -19.971 -18.964 -18.963
-17.450 -17.358 -17.791 -17.732 -17.641
-16.989 -17.092 -18.481 -18.237 -18.238
-18.768 -18.225 -19.068 -18.890 -18.796
-15.415 -15.456 -16.605 -16.591 -16.279
-16.799 -17.984 -19.585 -18.793 -18.793
-14.362 -14.120 -19.114 -19.325 -18.890
-12.182 -13.178 -19.387 -19.050 -19.087
-14.305 -14.404 -18.585 -19.067 -18.549
-17.061 -17.129 -19.482 -19.031 -18.778
-12.875 -13.421 -22.738 -22.247 -22.381
-21.639 -22.724 -22.396 -22.148 -21.974
-18.915 -18.982 -23.079 -22.773 -22.546
-23.317 -23.356 -23.854 -23.067 -22.870
-22.859 -22.095 -23.240 -22.492 -22.492
-22.082 -22.322 -22.416 -21.916 -21.778
-19.553 -21.605 -22.892 -22.600 -22.600
-22.629 -22.146 -22.564 -22.565 -22.269
-17.024 -17.065 -20.756 -20.450 -20.270
-17.210 -17.593 -19.680 -18.752 -18.753
-17.362 -17.527 -19.510 -19.120 -19.119
-18.211 -17.809 -19.333 -19.147 -19.147
-16.626 -16.742 -17.386 -17.388 -17.218
-12.709 -13.055 -22.421 -22.470 -22.502
-12.900 -12.412 -18.999 -18.602 -18.427
-2.613 -2.084 -18.875 -18.539 -18.467
-22.432 -22.659 -24.099 -22.420 -22.420
-18.732 -19.058 -19.328 -18.764 -18.706
-17.071 -17.115 -19.421 -19.087 -18.698
-17.123 -17.255 -18.577 -18.370 -18.320
-15.183 -15.292 -15.498 -16.102 -15.948
-11.386 -11.222 -17.946 -17.150 -17.150
-15.437 -15.517 -16.929 -16.780 -16.780
-16.598 -16.400 -17.181 -17.106 -17.106
-10.588 -10.874 -17.793 -17.101 -17.101
-17.410 -17.497 -17.747 -17.226 -17.226
-15.634 -15.974 -16.083 -16.084 -16.194
-15.305 -15.304 -17.378 -17.229 -17.230
-16.820 -17.138 -17.327 -17.217 -17.216
-13.211 -13.451 -16.974 -16.640 -16.624
-16.963 -17.098 -16.610 -16.649 -16.574
-13.137 -13.293 -17.172 -16.661 -16.661
-15.938 -15.970 -16.210 -16.091 -15.815
2.731 3.112 -17.400 -17.290 -17.052
-16.464 -16.501 -16.635 -16.636 -16.492
-16.674 -16.718 -17.693 -17.065 -17.043
-14.883 -14.922 -17.098 -16.825 -16.838
-15.119 -15.052 -15.836 -16.689 -16.410
-15.203 -15.325 -15.782 -15.783 -15.903
-17.118 -17.345 -18.655 -18.637 -18.602
-17.123 -16.356 -17.924 -17.210 -17.211
-14.387 -14.464 -14.738 -14.873 -14.742
-15.312 -15.623 -16.915 -16.697 -16.697
-16.897 -16.599 -17.907 -17.016 -17.016
-12.756 -12.780 -15.014 -14.958 -14.840
-12.200 -12.321 -17.093 -16.966 -16.965
-8.035 -7.542 -17.364 -17.258 -16.947
-14.932 -15.803 -15.409 -14.787 -14.786
-16.063 -16.136 -16.352 -16.385 -16.212
-12.492 -12.727 -14.370 -16.400 -15.979
-15.567 -15.724 -15.886 -15.332 -15.292
-15.777 -15.745 -15.923 -15.349 -15.349
-13.233 -13.309 -14.094 -14.208 -14.210
-15.080 -15.648 -16.784 -16.382 -16.382
-13.078 -13.252 -14.818 -15.309 -15.308
-15.291 -15.415 -15.621 -15.330 -15.121
-13.624 -14.900 -15.031 -14.835 -14.643
-7.351 -7.651 -15.867 -15.358 -15.359
-9.732 -10.252 -15.497 -15.228 -15.228
-6.438 -6.858 -15.598 -15.313 -15.079
-13.461 -13.510 -16.909 -16.746 -16.736
-10.122 -10.213 -14.390 -15.602 -15.061
1.830 1.655 -17.305 -16.827 -16.827
-16.488 -16.597 -17.705 -17.083 -17.112
-14.701 -14.707 -14.894 -14.895 -14.696
-14.017 -14.042 -14.816 -14.816 -14.749
-12.917 -13.099 -15.030 -15.077 -14.847
-14.981 -15.067 -15.291 -15.291 -15.093
-14.430 -14.436 -14.631 -15.047 -14.982
-6.059 -6.297 -15.887 -15.329 -15.288
-13.339 -13.316 -15.865 -15.359 -15.358
-14.300 -14.092 -14.528 -14.782 -14.717
-14.757 -15.278 -15.039 -14.720 -14.719
-4.385 -4.698 -15.002 -14.902 -14.767
-13.187 -12.877 -15.486 -15.324 -15.046
-7.356 -7.547 -15.357 -15.314 -15.315
-13.909 -14.566 -15.045 -14.632 -14.633
-13.930 -14.145 -14.521 -14.864 -14.990
-8.207 -8.473 -15.111 -15.093 -14.907
-14.247 -14.328 -14.707 -14.994 -14.925
-8.128 -8.420 -14.670 -15.484 -15.091
-14.430 -14.503 -14.626 -15.037 -14.973
-11.868 -11.897 -15.327 -15.018 -14.873
-15.754 -15.763 -15.884 -15.332 -15.290
-10.118 -10.274 -15.391 -14.619 -14.620
-13.211 -13.269 -15.653 -15.246 -15.246
-13.748 -13.792 -15.888 -15.332 -15.289
-6.955 -6.939 -15.675 -15.356 -15.357
-4.389 -5.097 -15.579 -15.625 -15.177
-12.835 -14.447 -14.896 -14.897 -14.712
-15.044 -15.249 -15.425 -14.989 -14.989
-14.773 -14.782 -14.924 -14.925 -14.665
-11.753 -11.941 -15.533 -15.354 -15.354
-12.836 -14.201 -15.342 -15.564 -15.228
-13.615 -13.603 -14.346 -14.347 -13.893
-15.397 -15.389 -15.809 -15.246 -15.191
-13.323 -13.219 -15.640 -15.354 -15.354
-12.113 -12.232 -16.279 -15.281 -15.280
-10.434 -10.610 -12.895 -12.599 -12.599
-10.667 -10.981 -12.025 -12.033 -12.033
-12.540 -12.634 -13.101 -12.781 -12.781
-14.383 -14.716 -15.163 -15.000 -14.775
-14.593 -14.790 -15.869 -15.359 -15.358
-7.149 -8.563 -13.820 -13.217 -13.217
-11.762 -12.720 -14.059 -13.354 -13.353
-11.097 -10.499 -15.090 -15.096 -15.096
-8.188 -8.501 -12.451 -12.072 -12.073
-11.133 -11.186 -13.514 -13.575 -13.314
-13.496 -13.802 -13.611 -13.482 -13.369
-12.979 -12.976 -12.707 -12.661 -12.661
-11.924 -11.448 -11.998 -12.000 -11.999
-12.335 -12.222 -13.070 -13.113 -12.848
-13.482 -13.569 -13.444 -13.481 -13.370
-12.696 -12.972 -13.478 -13.292 -13.285
-9.712 -9.967 -13.595 -13.449 -13.275
-10.494 -10.717 -14.060 -13.355 -13.355
-2.164 -1.799 -13.394 -13.078 -13.148
-12.539 -12.566 -13.620 -13.033 -13.032
-8.072 -8.169 -14.148 -13.384 -13.384
-9.760 -9.617 -11.902 -11.433 -11.430
-9.860 -9.878 -10.265 -11.410 -11.411
-9.450 -9.421 -9.807 -9.530 -9.530
-8.482 -8.552 -9.389 -9.117 -9.117
-7.629 -6.112 -14.055 -13.352 -13.351
-7.758 -7.877 -10.058 -9.548 -9.548
-7.496 -7.682 -8.482 -8.408 -8.408
-12.078 -12.325 -12.489 -12.208 -12.207
-7.777 -7.834 -8.226 -8.316 -8.316
-10.866 -10.977 -11.883 -11.468 -11.450
-6.196 -7.862 -10.115 -10.548 -10.548
-10.826 -10.922 -11.971 -11.442 -11.460
-10.989 -11.105 -11.334 -11.525 -11.245
-8.231 -8.286 -9.864 -9.415 -9.374
-9.013 -8.951 -9.943 -9.554 -9.554
-10.497 -10.479 -10.728 -10.568 -10.649
-8.138 -8.151 -9.176 -9.111 -9.110
-7.490 -7.368 -8.415 -8.416 -8.416
-4.449 -4.414 -5.845 -5.675 -5.710
-4.778 -4.706 -5.148 -5.121 -5.002
-12.279 -11.963 -13.474 -13.325 -13.325
-7.886 -7.978 -11.753 -11.423 -11.422
-8.689 -8.591 -9.684 -9.685 -9.359
-7.761 -7.820 -7.956 -7.656 -7.656
-11.111 -11.111 -11.686 -11.343 -11.240
-5.456 -5.481 -5.850 -5.699 -5.693
-7.271 -7.326 -7.809 -7.692 -7.595
-6.511 -6.437 -9.824 -9.469 -9.490
-5.446 -5.475 -5.788 -5.673 -5.637
-9.447 -9.242 -9.483 -9.292 -9.292
-7.979 -8.086 -8.705 -8.954 -8.954
-5.713 -5.518 -5.729 -5.647 -5.647
-4.886 -4.780 -5.157 -5.761 -5.620
-5.451 -5.566 -5.723 -5.813 -5.520
-7.271 -7.403 -7.534 -7.326 -7.327
-3.482 -3.520 -3.591 -3.592 -3.550
-4.856 -4.919 -5.842 -5.676 -5.714
-5.677 -5.423 -5.511 -5.517 -5.728
-3.437 -3.652 -3.876 -3.698 -3.716
-22.127 -23.101 -23.333 -22.531 -22.279
-19.194 -19.237 -19.266 -19.313 -19.007
-17.061 -17.129 -19.482 -19.031 -18.778
-16.674 -16.718 -17.693 -17.065 -17.043
-16.464 -16.501 -16.635 -16.636 -16.492
-15.203 -15.325 -15.782 -15.783 -15.903
-13.615 -13.603 -14.346 -14.347 -13.893
-13.624 -14.900 -15.031 -14.835 -14.643
-14.932 -15.803 -15.409 -14.787 -14.786
-22.649 -22.666 -23.713 -23.094 -22.847
-23.212 -23.289 -23.566 -22.911 -22.837
-22.631 -21.905 -23.349 -22.679 -22.679
-22.723 -22.770 -23.407 -23.060 -23.061
-21.809 -21.435 -21.718 -20.890 -20.890
-15.577 -15.568 -21.267 -20.699 -20.560
-17.163 -17.472 -18.785 -18.437 -18.462
-18.982 -19.151 -19.508 -19.048 -18.786
-16.849 -17.051 -17.264 -17.126 -16.793
-17.193 -16.824 -17.943 -17.230 -17.139
-15.740 -15.900 -17.954 -17.149 -17.148
-7.629 -6.112 -14.055 -13.352 -13.351
-16.651 -16.802 -17.086 -17.061 -16.603
-16.786 -16.803 -17.318 -17.289 -17.289
-14.870 -14.997 -15.157 -14.882 -14.883
-15.231 -15.435 -15.581 -15.076 -15.077
-12.335 -12.222 -13.070 -13.113 -12.848
-17.425 -17.520 -17.672 -16.955 -16.955
-15.654 -15.689 -15.785 -15.758 -15.594
-15.531 -15.664 -15.885 -15.345 -15.344
-13.885 -15.024 -15.619 -15.619 -15.152
-15.410 -15.377 -15.615 -15.332 -15.107
-18.297 -18.333 -19.471 -19.043 -19.076
-19.241 -19.242 -19.426 -18.653 -18.653
-18.928 -19.517 -19.762 -18.804 -18.804
-16.389 -16.379 -18.873 -18.972 -18.892
-16.843 -16.791 -19.504 -19.049 -18.787
-19.029 -18.996 -19.499 -19.041 -18.780
-14.862 -14.986 -19.297 -19.897 -19.788
-10.826 -10.922 -11.971 -11.442 -11.460
-12.447 -12.328 -12.784 -12.781 -12.566
-11.111 -11.111 -11.686 -11.343 -11.240
-16.813 -16.882 -17.548 -17.198 -17.197
-15.653 -15.688 -17.764 -17.229 -17.228
-16.517 -17.497 -17.426 -17.004 -17.005
-17.485 -16.597 -17.042 -16.808 -16.808
-16.898 -16.912 -17.572 -16.904 -16.903
-15.235 -15.512 -15.686 -15.251 -15.251
-13.711 -14.951 -15.160 -14.836 -14.625
-13.709 -13.810 -15.561 -15.273 -15.005
-14.538 -14.503 -15.309 -14.927 -14.854
-16.633 -16.700 -17.765 -17.232 -17.232
-17.632 -17.306 -17.755 -17.129 -17.130
-13.920 -14.104 -15.355 -15.013 -14.880
-13.145 -13.687 -15.644 -15.044 -15.043
-16.101 -15.867 -15.317 -15.357 -15.357
-13.710 -13.717 -14.349 -14.350 -13.887
-5.456 -5.481 -5.850 -5.699 -5.693
-15.245 -15.010 -15.170 -14.832 -14.832
-3.437 -3.652 -3.876 -3.698 -3.716
-15.725 -14.902 -15.721 -15.119 -15.118
-12.000 -11.987 -13.649 -13.179 -13.179
-12.541 -12.902 -13.898 -13.177 -13.176
-13.295 -13.322 -13.439 -13.447 -13.278
-13.506 -13.514 -13.645 -13.269 -13.269
-13.740 -13.892 -14.059 -13.354 -13.353
-8.415 -8.477 -11.391 -10.729 -10.731
-11.689 -11.685 -11.813 -11.440 -11.440
-11.399 -11.536 -12.113 -11.336 -11.336
-11.972 -11.244 -11.304 -11.305 -11.305
-11.895 -11.947 -12.052 -11.208 -11.207
-12.532 -12.342 -13.198 -13.278 -12.929
-11.318 -10.927 -13.679 -13.211 -13.210
-9.784 -9.827 -9.811 -9.532 -9.532
-13.709 -13.748 -13.854 -13.177 -13.177
-11.762 -11.764 -11.822 -11.467 -11.445
-11.257 -11.161 -11.451 -11.444 -11.312
-11.751 -11.847 -11.969 -11.477 -11.473
-11.715 -11.715 -11.775 -11.220 -11.269
-9.667 -9.630 -9.675 -9.397 -9.339
-11.986 -11.415 -11.682 -11.253 -11.253
-6.008 -5.960 -9.945 -9.554 -9.553
-9.605 -9.550 -10.619 -11.221 -10.988
-9.955 -10.621 -10.780 -10.409 -10.408
-11.027 -11.232 -12.114 -11.219 -11.220
-11.656 -11.754 -11.952 -11.475 -11.448
-9.663 -9.687 -9.949 -9.369 -9.357
-9.828 -9.125 -11.532 -11.623 -11.341
-7.846 -7.798 -7.904 -7.642 -7.581
-9.404 -9.707 -11.963 -11.474 -11.471
-12.039 -12.135 -12.343 -12.289 -12.098
-12.896 -12.962 -13.062 -12.771 -12.770
-4.194 -4.146 -4.178 -4.110 -4.110
-9.784 -9.827 -9.907 -9.548 -9.548
-9.669 -9.613 -9.847 -9.527 -9.446
-9.774 -9.827 -9.804 -9.577 -9.577
-9.321 -9.476 -9.732 -9.627 -9.367
-5.776 -5.803 -5.980 -5.586 -5.585
-10.259 -10.260 -10.765 -10.313 -10.313
-7.968 -8.003 -7.648 -7.655 -7.650
-5.701 -5.682 -8.256 -7.654 -7.654
-5.777 -5.310 -5.839 -5.752 -5.655
-11.762 -11.746 -11.847 -11.518 -11.479
-4.901 -4.895 -5.849 -5.624 -5.664
-5.775 -5.788 -5.976 -5.577 -5.577
-9.810 -9.484 -9.793 -9.531 -9.530
-5.835 -5.851 -5.848 -5.665 -5.665
-22.127 -23.101 -23.333 -22.531 -22.279
-19.194 -19.237 -19.266 -19.313 -19.007
-17.061 -17.129 -19.482 -19.031 -18.778
-16.674 -16.718 -17.693 -17.065 -17.043
-13.615 -13.603 -14.346 -14.347 -13.893
-13.624 -14.900 -15.031 -14.835 -14.643
-23.695 -23.684 -23.941 -23.289 -22.762
-23.117 -23.212 -23.331 -22.551 -22.256
-12.255 -13.133 -14.047 -13.241 -13.242
-20.848 -20.056 -21.983 -21.158 -20.954
-18.923 -19.558 -19.817 -18.869 -18.868
-18.843 -18.852 -18.919 -18.625 -18.625
-23.108 -23.064 -23.342 -22.540 -22.290
-18.514 -18.479 -18.940 -18.694 -18.694
-19.398 -19.454 -19.655 -19.032 -19.032
1.974 2.461 -18.157 -17.662 -17.662
-17.612 -17.639 -19.186 -18.705 -18.840
-17.837 -17.827 -18.051 -17.656 -17.656
-7.629 -6.112 -14.055 -13.352 -13.351
-12.335 -12.222 -13.070 -13.113 -12.848
-12.754 -12.616 -13.658 -13.214 -13.119
-8.211 -8.075 -17.767 -17.231 -17.231
-8.314 -8.696 -17.597 -17.169 -17.167
-17.616 -17.548 -17.761 -17.225 -17.225
-16.386 -16.513 -17.578 -17.431 -17.089
-12.895 -12.852 -13.049 -12.748 -12.747
-23.112 -23.186 -23.498 -22.977 -22.691
-19.151 -19.686 -22.044 -20.464 -20.379
-19.236 -18.744 -19.015 -18.788 -18.569
-15.732 -15.755 -15.881 -15.328 -15.293
-15.687 -15.686 -16.203 -15.363 -15.363
-14.402 -15.364 -15.789 -15.301 -15.046
-15.020 -15.900 -15.407 -15.345 -15.345
-14.015 -14.584 -15.514 -15.521 -15.123
-15.511 -15.455 -15.624 -15.624 -15.174
-15.222 -15.183 -15.503 -15.149 -15.149
-15.183 -15.171 -15.289 -15.296 -14.952
-15.407 -15.459 -15.593 -15.326 -15.085
-15.759 -15.732 -15.880 -15.329 -15.285
-15.060 -15.090 -15.553 -15.222 -14.991
-13.920 -13.807 -14.021 -13.350 -13.349
-12.813 -12.928 -13.166 -13.102 -12.862
-13.410 -13.583 -14.062 -13.353 -13.352
-10.826 -10.922 -11.971 -11.442 -11.460
-11.111 -11.111 -11.686 -11.343 -11.240
-9.810 -9.484 -9.793 -9.531 -9.530
-21.624 -21.756 -21.908 -21.929 -21.929
-20.633 -20.877 -21.607 -21.214 -20.983
-18.923 -19.550 -19.810 -18.866 -18.866
-13.251 -13.317 -13.699 -13.506 -13.389
-21.133 -21.269 -23.456 -23.040 -22.726
-5.701 -5.682 -8.256 -7.654 -7.654
-16.851 -16.860 -17.025 -16.471 -16.392
-17.381 -17.053 -18.086 -17.127 -17.126
-17.268 -17.257 -17.770 -17.231 -17.231
-15.015 -15.081 -15.678 -15.223 -15.224
-14.651 -14.738 -14.880 -14.882 -14.721
-13.712 -15.411 -15.674 -15.457 -15.042
-15.521 -15.492 -15.580 -15.340 -15.139
-15.858 -14.289 -14.654 -14.569 -15.167
-5.777 -5.310 -5.839 -5.752 -5.655
-5.456 -5.481 -5.850 -5.699 -5.693
-23.356 -22.306 -23.566 -23.031 -22.832
-12.814 -12.850 -13.176 -13.107 -12.875
-3.437 -3.652 -3.876 -3.698 -3.716
-11.996 -11.973 -12.114 -11.210 -11.210
-13.929 -13.900 -13.607 -13.339 -13.339
-13.232 -13.073 -13.460 -13.278 -13.272
-12.834 -12.910 -13.053 -12.765 -12.765
-12.727 -12.840 -13.030 -12.712 -12.671
-8.872 -8.912 -12.113 -11.318 -11.318
-11.557 -11.505 -11.826 -11.432 -11.387
-11.616 -11.701 -11.704 -11.356 -11.253
-11.863 -11.752 -11.972 -11.470 -11.471
-11.628 -11.631 -11.975 -11.471 -11.470
-6.320 -6.441 -7.510 -7.784 -7.574
-10.336 -10.357 -10.508 -10.503 -10.604
-11.851 -11.817 -11.970 -11.505 -11.487
-9.814 -9.505 -9.806 -9.552 -9.552
-9.765 -9.938 -9.791 -9.567 -9.567
-9.783 -9.804 -9.941 -9.548 -9.549
-9.278 -9.535 -9.818 -9.377 -9.377
-9.841 -9.787 -9.942 -9.551 -9.551
-8.488 -8.271 -9.025 -9.401 -9.135
-8.813 -8.666 -9.046 -8.855 -8.713
-8.538 -8.359 -9.942 -9.550 -9.550
-9.508 -9.158 -9.950 -9.399 -9.369
-7.522 -7.644 -7.829 -7.459 -7.435
-6.365 -6.507 -7.052 -7.365 -7.365
-11.711 -11.720 -11.822 -11.169 -11.229
-8.147 -8.167 -7.652 -7.653 -7.643
-10.341 -10.361 -10.496 -10.722 -10.531
-11.613 -11.663 -11.819 -11.164 -11.203
-5.653 -5.630 -5.715 -5.815 -5.529
-9.711 -9.632 -11.066 -10.935 -10.935
-11.588 -11.674 -11.821 -11.159 -11.189
-10.961 -11.170 -12.114 -11.223 -11.223
-5.654 -5.656 -5.778 -5.610 -5.670
-5.654 -5.606 -5.715 -5.815 -5.545
-5.654 -5.692 -5.771 -5.552 -5.551
-11.100 -11.111 -11.208 -11.184 -11.183
-5.857 -5.851 -5.878 -5.589 -5.589
-5.848 -5.840 -5.930 -5.643 -5.643
-2.297 -2.334 -3.697 -3.872 -3.703
-3.791 -3.792 -3.956 -3.956 -3.731
-3.160 -3.504 -7.758 -7.820 -7.601
-3.551 -3.653 -3.993 -3.708 -3.707
-5.658 -5.638 -5.840 -5.808 -5.718
-7.926 -7.527 -7.649 -7.650 -7.636
-1.625 -1.610 -3.446 -3.050 -3.009
-22.127 -23.101 -23.333 -22.531 -22.279
-19.194 -19.237 -19.266 -19.313 -19.007
-17.061 -17.129 -19.482 -19.031 -18.778
-13.615 -13.603 -14.346 -14.347 -13.893
-13.712 -15.411 -15.674 -15.457 -15.042
-13.624 -14.900 -15.031 -14.835 -14.643
-14.015 -14.584 -15.514 -15.521 -15.123
-14.402 -15.364 -15.789 -15.301 -15.046
-15.407 -15.459 -15.593 -15.326 -15.085
-22.648 -21.874 -24.121 -22.689 -22.689
-23.138 -23.047 -23.766 -23.140 -22.837
-19.048 -19.973 -23.515 -23.003 -23.003
-21.117 -21.500 -21.676 -21.077 -20.880
-19.342 -19.626 -19.558 -19.151 -19.150
-15.554 -15.649 -19.396 -19.068 -19.110
-19.282 -19.338 -19.496 -19.036 -18.780
-19.281 -19.425 -19.499 -19.041 -18.783
-17.832 -18.942 -19.249 -18.891 -18.738
-17.424 -16.077 -17.675 -17.292 -17.291
-13.410 -13.583 -14.062 -13.353 -13.352
-23.698 -23.704 -23.937 -23.289 -22.739
-23.695 -23.664 -23.948 -23.289 -22.735
-17.345 -16.669 -17.462 -17.221 -17.213
-17.515 -16.689 -17.798 -17.144 -17.144
-16.862 -16.854 -17.194 -16.984 -16.671
-14.130 -14.718 -15.803 -15.111 -15.098
-14.674 -14.732 -15.214 -14.867 -14.821
-15.658 -15.380 -15.617 -15.334 -15.047
-14.273 -15.219 -15.099 -15.181 -14.945
-15.007 -15.067 -15.598 -15.599 -15.137
-14.691 -15.647 -15.832 -15.307 -15.307
-15.357 -15.461 -15.620 -15.626 -15.149
-15.422 -15.365 -15.526 -15.527 -15.122
-15.610 -15.693 -15.808 -15.172 -15.170
-13.708 -14.224 -14.344 -14.367 -13.923
-15.408 -15.390 -15.597 -15.333 -15.095
-15.479 -15.423 -15.831 -15.117 -15.117
-15.537 -15.168 -15.789 -15.109 -15.109
-13.809 -13.836 -14.057 -13.352 -13.351
-2.766 -2.603 -15.221 -14.897 -14.813
1.288 2.363 -17.341 -18.040 -18.040
-12.467 -12.674 -13.699 -13.508 -13.377
-23.337 -23.379 -23.526 -23.112 -22.681
-19.287 -19.233 -19.503 -19.051 -18.785
-19.283 -19.367 -19.499 -19.041 -18.780
-17.347 -17.436 -17.440 -17.173 -17.173
-21.685 -21.768 -21.947 -22.049 -22.050
-16.006 -15.551 -15.633 -15.374 -15.374
-14.279 -14.306 -14.379 -14.384 -14.168
-15.755 -15.819 -15.965 -15.358 -15.081
-14.618 -14.733 -15.189 -14.851 -14.806
-14.343 -14.436 -15.202 -14.944 -15.186
-12.774 -12.920 -13.757 -13.151 -13.151
-13.924 -13.826 -14.062 -13.355 -13.354
-5.701 -5.682 -8.256 -7.654 -7.654
-19.335 -20.284 -24.221 -22.761 -22.806
-7.522 -7.644 -7.829 -7.459 -7.435
-13.925 -13.939 -13.601 -13.349 -13.349
-13.891 -13.777 -14.062 -13.355 -13.355
-5.777 -5.310 -5.839 -5.752 -5.655
-5.456 -5.481 -5.850 -5.699 -5.693
-23.121 -23.250 -23.924 -23.272 -22.731
-17.092 -17.165 -17.301 -16.678 -16.606
-3.437 -3.652 -3.876 -3.698 -3.716
-21.474 -22.633 -23.053 -23.007 -23.008
-12.767 -12.924 -13.041 -12.891 -12.890
-11.763 -11.817 -11.933 -11.465 -11.459
-11.815 -11.758 -11.901 -11.458 -11.458
-11.772 -11.884 -11.560 -11.265 -11.318
-12.791 -12.788 -12.949 -12.711 -12.637
-11.199 -11.243 -11.706 -11.515 -11.300
-10.807 -11.080 -11.685 -11.324 -11.226
-10.998 -10.678 -10.939 -10.936 -10.840
-11.309 -11.246 -11.815 -11.425 -11.425
-10.205 -10.268 -10.687 -9.866 -9.863
-11.735 -11.848 -11.971 -11.470 -11.471
-11.857 -11.802 -11.972 -11.472 -11.470
-8.619 -8.768 -9.989 -9.392 -9.392
-9.879 -9.854 -9.876 -9.576 -9.575
-9.511 -9.730 -9.950 -9.399 -9.375
-9.815 -9.849 -9.808 -9.527 -9.527
-7.806 -7.812 -7.891 -7.599 -7.598
-7.125 -7.321 -7.891 -7.614 -7.490
-7.930 -7.723 -7.641 -7.642 -7.589
-6.359 -6.511 -8.038 -7.381 -7.696
-6.966 -7.043 -7.361 -7.382 -7.299
-7.185 -8.071 -7.645 -7.646 -7.621
-7.821 -7.780 -7.895 -7.614 -7.614
-8.154 -7.887 -7.653 -7.653 -7.642
-8.152 -7.529 -7.713 -7.645 -7.644
-7.704 -7.658 -7.882 -7.627 -7.627
-8.151 -7.860 -7.768 -7.497 -7.497
-7.691 -7.324 -7.811 -7.691 -7.591
-9.674 -9.701 -9.858 -9.412 -9.412
-5.341 -5.407 -5.765 -5.661 -5.661
-5.804 -5.668 -5.686 -5.648 -5.642
-5.657 -5.660 -5.782 -5.579 -5.578
-5.804 -5.779 -5.916 -5.660 -5.660
-5.738 -5.760 -5.919 -5.651 -5.651
-3.900 -3.923 -4.000 -3.734 -3.766
-2.427 -2.484 -3.694 -3.869 -3.660
-11.045 -11.031 -11.636 -11.513 -11.513
-7.918 -7.527 -7.734 -7.537 -7.645
-5.928 -5.739 -5.928 -5.569 -5.568
-7.784 -7.521 -7.714 -7.645 -7.645
-5.656 -5.709 -5.759 -5.611 -5.671
-5.872 -5.742 -5.961 -5.649 -5.673
-3.169 -3.105 -3.276 -3.158 -3.158
-22.127 -23.101 -23.333 -22.531 -22.279
-19.194 -19.237 -19.266 -19.313 -19.007
-17.061 -17.129 -19.482 -19.031 -18.778
-13.615 -13.603 -14.346 -14.347 -13.893
-15.357 -15.461 -15.620 -15.626 -15.149
-13.624 -14.900 -15.031 -14.835 -14.643
-14.015 -14.584 -15.514 -15.521 -15.123
-13.410 -13.583 -14.062 -13.353 -13.352
-19.476 -19.349 -19.508 -19.086 -19.086
-23.121 -23.189 -23.348 -22.571 -22.324
-18.452 -18.503 -20.740 -20.735 -20.595
-20.565 -20.692 -23.557 -22.798 -22.782
-17.491 -17.587 -19.337 -18.673 -18.633
-14.871 -15.329 -19.990 -19.236 -19.072
-15.652 -15.703 -17.287 -16.897 -16.745
-16.498 -16.916 -17.103 -16.827 -16.828
-15.094 -15.283 -15.603 -15.610 -15.147
-15.231 -15.392 -15.717 -15.268 -15.183
-15.420 -15.427 -15.593 -15.182 -15.182
-17.820 -17.218 -17.435 -16.945 -16.945
-16.788 -16.772 -16.954 -16.702 -16.701
-13.700 -13.737 -14.359 -14.367 -14.061
-15.014 -14.907 -15.577 -15.225 -14.998
-15.608 -15.631 -15.814 -15.163 -15.161
-15.419 -15.380 -15.571 -15.191 -15.191
-11.926 -11.944 -11.535 -11.311 -11.312
-15.656 -15.556 -15.982 -16.016 -16.182
-15.420 -15.435 -15.550 -15.195 -15.194
-15.873 -15.275 -15.500 -15.352 -15.353
-11.637 -11.686 -11.816 -11.424 -11.423
-13.781 -13.874 -13.603 -13.408 -13.380
-13.929 -13.907 -13.606 -13.483 -13.359
-11.153 -11.165 -11.220 -11.221 -11.141
-11.433 -11.540 -11.623 -11.302 -11.384
-10.512 -10.526 -10.642 -10.273 -10.273
-20.375 -20.319 -23.583 -22.924 -22.872
-18.749 -18.634 -19.524 -19.026 -19.026
-17.005 -16.944 -17.239 -16.484 -16.484
-17.000 -16.967 -17.677 -17.223 -17.223
-17.338 -17.174 -17.522 -16.918 -16.917
-15.346 -15.177 -15.578 -15.189 -15.188
-15.516 -15.498 -15.628 -15.628 -15.156
-13.004 -12.974 -13.701 -13.492 -13.387
-6.966 -7.043 -7.361 -7.382 -7.299
-5.701 -5.682 -8.256 -7.654 -7.654
-7.918 -7.527 -7.734 -7.537 -7.645
-7.522 -7.644 -7.829 -7.459 -7.435
-7.784 -7.521 -7.714 -7.645 -7.645
-11.262 -11.398 -11.519 -11.586 -11.301
-10.380 -10.893 -11.995 -11.451 -11.256
-10.740 -11.671 -17.534 -16.966 -16.966
-16.498 -17.033 -17.111 -16.830 -16.827
-14.126 -15.040 -15.908 -15.458 -15.181
-11.438 -11.416 -11.752 -11.345 -11.345
-11.638 -11.705 -11.943 -11.474 -11.461
-10.578 -10.551 -11.175 -10.773 -10.769
-13.892 -13.816 -14.059 -13.354 -13.354
-12.953 -12.167 -13.170 -12.635 -12.635
-11.085 -11.359 -12.112 -11.221 -11.221
-5.777 -5.310 -5.839 -5.752 -5.655
-5.657 -5.660 -5.782 -5.579 -5.578
-16.486 -18.176 -18.511 -18.203 -18.204
-20.289 -19.370 -19.143 -19.373 -19.018
-14.792 -14.778 -14.933 -14.939 -14.570
-13.701 -13.784 -14.350 -14.355 -13.998
-11.888 -11.799 -12.063 -11.318 -11.318
-11.862 -11.848 -11.972 -11.473 -11.469
-11.863 -11.837 -11.974 -11.447 -11.464
-8.667 -9.112 -9.474 -9.403 -9.293
-9.004 -9.027 -9.944 -9.552 -9.553
-8.039 -7.556 -7.644 -7.644 -7.616
-7.752 -7.735 -7.882 -7.630 -7.533
-7.381 -8.033 -7.638 -7.639 -7.599
-7.917 -7.923 -7.299 -7.403 -7.400
-11.721 -11.757 -11.813 -11.422 -11.422
-10.060 -9.579 -9.806 -9.408 -9.382
-5.968 -5.767 -5.922 -5.565 -5.564
-5.775 -5.829 -5.734 -5.666 -5.667
-5.818 -5.770 -5.792 -5.649 -5.640
-5.742 -5.653 -5.763 -5.804 -5.683
-5.656 -5.628 -5.763 -5.611 -5.671
-5.819 -5.760 -5.882 -5.595 -5.596
-9.866 -9.559 -9.647 -9.575 -9.575
-6.140 -3.572 -4.872 -5.244 -4.993
-6.789 -6.908 -7.788 -7.591 -7.497
-9.270 -9.282 -9.396 -9.064 -9.064
-9.511 -9.888 -9.948 -9.418 -9.349
-6.387 -6.528 -7.830 -7.358 -7.358
-7.413 -7.352 -7.824 -7.541 -7.374
-6.113 -6.149 -8.142 -7.606 -7.560
-5.777 -5.807 -6.025 -5.626 -5.626
-5.868 -5.632 -5.640 -5.658 -5.587
-8.074 -8.036 -7.540 -7.553 -7.552
-7.605 -7.535 -7.698 -7.541 -7.651
-3.789 -3.749 -3.930 -3.752 -3.752
-7.596 -7.427 -7.812 -7.660 -7.543
-3.973 -3.920 -3.785 -3.716 -3.856
-3.981 -3.851 -3.887 -3.825 -3.772
-3.777 -3.853 -3.950 -3.723 -3.722
-7.848 -7.821 -7.909 -7.608 -7.608
-7.657 -7.641 -7.874 -7.638 -7.541
-6.981 -7.592 -7.895 -7.756 -7.602
-3.974 -3.966 -4.009 -3.741 -3.773
-3.943 -3.920 -3.889 -3.691 -3.757
-3.897 -3.685 -3.795 -3.708 -3.844
-7.818 -7.805 -7.643 -7.463 -7.484
-3.605 -3.468 -3.694 -3.694 -3.726
-5.658 -5.618 -5.761 -5.585 -5.585
-22.127 -23.101 -23.333 -22.531 -22.279
-13.615 -13.603 -14.346 -14.347 -13.893
-15.357 -15.461 -15.620 -15.626 -15.149
-22.738 -22.822 -23.156 -22.711 -22.711
-15.995 -16.440 -23.159 -22.784 -22.784
-18.771 -18.590 -21.687 -21.688 -21.737
-23.194 -23.305 -23.437 -22.587 -22.588
-17.149 -17.213 -18.960 -18.897 -18.897
-17.376 -17.474 -17.738 -17.231 -17.231
-17.348 -17.258 -17.575 -17.246 -17.021
-15.400 -15.562 -15.934 -15.496 -15.134
-14.919 -14.897 -15.633 -15.634 -15.176
-14.733 -14.758 -14.923 -14.924 -14.805
-15.426 -15.386 -15.520 -15.521 -15.117
-15.420 -15.459 -15.581 -15.185 -15.185
-15.509 -15.460 -15.618 -15.618 -15.156
-18.021 -17.665 -18.096 -18.114 -17.870
-16.896 -16.966 -17.000 -16.790 -16.789
-13.966 -14.175 -14.800 -15.192 -14.972
-13.967 -14.160 -14.708 -14.795 -15.024
-9.866 -9.559 -9.647 -9.575 -9.575
-13.706 -14.969 -15.045 -14.882 -14.710
-15.695 -15.407 -15.844 -15.282 -15.098
-14.882 -15.607 -15.803 -15.179 -15.179
-15.700 -15.612 -15.842 -15.404 -15.059
-11.153 -11.052 -11.330 -11.365 -11.243
-11.153 -11.233 -11.389 -11.390 -11.280
-12.971 -13.031 -13.648 -13.274 -13.273
-12.900 -13.004 -13.648 -13.273 -13.273
-9.772 -10.150 -14.061 -13.355 -13.354
-13.929 -13.964 -13.482 -13.481 -13.362
-13.342 -13.597 -13.739 -13.504 -13.368
-11.054 -11.435 -11.772 -11.191 -11.191
-11.925 -11.960 -12.113 -11.336 -11.336
-11.487 -11.120 -11.751 -11.381 -11.295
-10.174 -10.377 -11.959 -11.170 -11.170
-11.443 -11.690 -11.817 -11.155 -11.183
-11.124 -11.587 -11.802 -11.354 -11.354
-22.826 -22.833 -23.101 -22.668 -22.668
-6.966 -7.043 -7.361 -7.382 -7.299
-5.701 -5.682 -8.256 -7.654 -7.654
-6.113 -6.149 -8.142 -7.606 -7.560
-7.918 -7.527 -7.734 -7.537 -7.645
-7.522 -7.644 -7.829 -7.459 -7.435
-7.784 -7.521 -7.714 -7.645 -7.645
-5.777 -5.310 -5.839 -5.752 -5.655
-5.968 -5.767 -5.922 -5.565 -5.564
-21.886 -22.017 -22.451 -22.452 -22.167
-11.864 -11.855 -11.973 -11.469 -11.472
-18.272 -16.827 -17.129 -16.671 -16.752
-15.750 -15.019 -15.683 -15.359 -15.359
-12.968 -13.071 -13.182 -12.566 -12.564
-11.550 -11.597 -11.811 -11.425 -11.426
-16.516 -16.499 -16.784 -16.796 -16.675
-15.610 -15.653 -15.805 -15.517 -15.096
-11.804 -11.854 -11.936 -11.474 -11.460
-22.340 -22.534 -22.843 -22.222 -22.132
-11.802 -11.792 -11.948 -11.470 -11.465
-23.501 -23.385 -23.566 -22.964 -22.891
-23.122 -23.112 -23.551 -23.258 -22.733
-3.981 -3.851 -3.887 -3.825 -3.772
-3.605 -3.468 -3.694 -3.694 -3.726
-3.789 -3.749 -3.930 -3.752 -3.752
-11.801 -11.782 -11.939 -11.461 -11.460
-11.918 -11.971 -11.311 -11.318 -11.318
-11.488 -10.984 -11.778 -11.483 -11.285
-9.779 -9.400 -9.748 -9.405 -9.355
-8.786 -9.414 -9.770 -9.388 -9.387
-7.845 -7.318 -7.651 -7.653 -7.646
-9.853 -9.872 -9.806 -9.531 -9.530
-7.630 -7.470 -7.715 -7.503 -7.503
-9.362 -9.381 -9.847 -9.576 -9.576
-8.364 -9.004 -9.383 -8.984 -8.986
-9.857 -9.506 -9.814 -9.529 -9.528
-9.841 -9.535 -9.693 -9.530 -9.530
-5.007 -5.036 -8.144 -7.605 -7.559
-9.512 -9.890 -9.948 -9.399 -9.372
-8.160 -7.714 -7.646 -7.647 -7.623
-8.921 -9.109 -8.951 -9.337 -8.996
-6.014 -6.349 -7.937 -7.631 -7.631
-7.267 -7.351 -7.476 -7.529 -7.433
-7.822 -7.845 -7.898 -7.656 -7.591
-8.149 -7.696 -7.642 -7.641 -7.610
-8.153 -7.506 -7.638 -7.646 -7.619
-7.183 -7.096 -7.381 -7.382 -7.381
-7.918 -7.461 -7.644 -7.645 -7.622
-7.821 -8.106 -7.706 -7.650 -7.629
-8.166 -8.111 -7.650 -7.651 -7.646
-7.329 -7.502 -7.912 -7.704 -7.510
-7.419 -7.541 -7.783 -7.486 -7.441
-7.813 -7.822 -7.946 -7.778 -7.611
-7.652 -7.684 -7.981 -7.637 -7.637
-5.361 -5.869 -5.981 -5.585 -5.585
-4.405 -4.394 -4.765 -4.638 -4.691
-3.918 -3.838 -3.922 -3.774 -3.818
-8.553 -8.615 -9.783 -9.427 -9.288
-3.985 -3.863 -3.882 -3.809 -3.804
-3.708 -3.724 -3.752 -3.712 -3.660
-3.899 -3.795 -3.923 -3.789 -3.821
-7.434 -7.807 -7.916 -7.643 -7.591
-3.942 -3.793 -3.752 -3.739 -3.768
-7.159 -7.537 -7.790 -7.486 -7.440
-7.748 -7.791 -7.830 -7.507 -7.407
-3.699 -3.697 -3.787 -3.792 -3.653
-8.164 -7.546 -7.644 -7.645 -7.622
-3.878 -3.833 -3.888 -3.723 -3.723
-3.725 -3.683 -3.918 -3.735 -3.735
-3.879 -3.864 -3.884 -3.755 -3.755
-3.910 -3.838 -3.787 -3.719 -3.841
-3.992 -3.918 -3.786 -3.795 -3.857
-22.127 -23.101 -23.333 -22.531 -22.279
-13.615 -13.603 -14.346 -14.347 -13.893
-15.357 -15.461 -15.620 -15.626 -15.149
-13.342 -13.597 -13.739 -13.504 -13.368
-17.993 -18.237 -22.862 -22.493 -22.264
-21.350 -23.126 -23.954 -23.287 -22.762
-19.101 -19.130 -19.384 -18.956 -18.924
-19.284 -19.276 -19.497 -19.041 -18.783
-13.337 -13.208 -17.091 -16.834 -16.834
-17.382 -17.474 -17.679 -17.159 -17.158
-14.287 -14.247 -15.313 -15.315 -14.906
-19.137 -19.526 -23.362 -22.403 -22.406
-23.568 -23.844 -23.647 -22.886 -22.734
-22.868 -22.793 -23.265 -22.523 -22.396
-23.389 -23.498 -23.695 -22.941 -22.759
-16.167 -16.033 -15.337 -15.342 -15.341
-15.179 -15.214 -15.357 -14.997 -14.933
-14.564 -15.443 -15.905 -15.395 -15.187
-15.288 -15.324 -15.435 -15.002 -15.003
-15.521 -15.507 -15.625 -15.626 -15.158
-15.526 -15.531 -15.628 -15.629 -15.171
-14.303 -14.344 -14.421 -14.460 -14.321
-15.521 -15.490 -15.631 -15.632 -15.163
-15.016 -15.013 -15.560 -15.567 -15.103
-15.232 -15.185 -15.385 -14.932 -14.933
-15.336 -15.528 -15.650 -15.155 -14.956
-11.728 -11.730 -11.947 -11.161 -11.161
-11.725 -11.738 -11.810 -11.438 -11.436
-13.702 -13.260 -14.061 -13.355 -13.354
-13.315 -13.262 -14.046 -13.244 -13.162
-13.648 -13.621 -13.608 -13.090 -13.090
-13.927 -13.897 -14.053 -13.355 -13.355
-13.521 -13.563 -13.740 -13.536 -13.343
-13.924 -13.828 -14.060 -13.353 -13.352
-9.259 -9.413 -10.449 -10.381 -10.360
-11.042 -11.076 -11.437 -11.116 -11.115
-9.866 -9.559 -9.647 -9.575 -9.575
-6.966 -7.043 -7.361 -7.382 -7.299
-5.701 -5.682 -8.256 -7.654 -7.654
-7.630 -7.470 -7.715 -7.503 -7.503
-6.113 -6.149 -8.142 -7.606 -7.560
-7.918 -7.527 -7.734 -7.537 -7.645
-14.347 -15.143 -15.514 -15.440 -14.877
-11.331 -11.322 -11.502 -11.488 -11.213
-10.952 -11.288 -11.756 -11.464 -11.464
-19.375 -19.381 -19.950 -19.084 -19.083
-18.829 -19.077 -19.466 -19.048 -19.063
-15.424 -15.278 -15.629 -15.630 -15.159
-15.026 -15.277 -15.535 -15.535 -15.115
-21.068 -21.225 -21.361 -21.309 -21.290
-5.777 -5.310 -5.839 -5.752 -5.655
-5.968 -5.767 -5.922 -5.565 -5.564
-12.851 -14.456 -14.914 -14.915 -14.713
-14.304 -14.330 -14.768 -15.119 -14.805
-13.037 -13.120 -14.058 -13.354 -13.353
-13.091 -13.118 -13.434 -13.271 -13.159
-19.794 -19.946 -20.179 -20.190 -20.096
-16.459 -16.633 -18.920 -18.366 -18.365
-15.611 -15.560 -15.835 -15.105 -15.104
-3.981 -3.851 -3.887 -3.825 -3.772
-3.605 -3.468 -3.694 -3.694 -3.726
-3.699 -3.697 -3.787 -3.792 -3.653
-11.717 -11.771 -11.510 -11.251 -11.322
-11.616 -11.678 -11.807 -11.176 -11.224
-9.156 -9.193 -9.147 -9.089 -9.090
-11.616 -11.698 -11.813 -11.165 -11.206
-10.203 -9.601 -9.850 -9.499 -9.413
-8.642 -8.724 -9.080 -8.745 -8.728
-8.141 -7.847 -7.718 -7.550 -7.551
-7.748 -7.762 -7.908 -7.637 -7.589
-7.749 -7.718 -7.875 -7.612 -7.611
-9.837 -9.524 -9.808 -9.552 -9.552
-7.150 -7.232 -7.724 -7.504 -7.503
-8.015 -7.658 -7.714 -7.644 -7.617
-7.102 -7.578 -7.653 -7.614 -7.493
-7.182 -7.396 -7.745 -7.744 -7.468
-7.823 -7.755 -7.886 -7.593 -7.593
-7.918 -7.517 -7.651 -7.652 -7.641
-5.769 -5.728 -5.975 -5.587 -5.587
-5.476 -5.641 -5.741 -5.718 -5.625
-5.846 -5.776 -5.676 -5.646 -5.646
-7.188 -7.623 -7.730 -7.513 -7.473
-5.967 -5.933 -6.067 -5.562 -5.709
-6.015 -5.726 -5.921 -5.651 -5.651
-5.655 -5.662 -5.841 -5.600 -5.614
-5.850 -5.729 -5.920 -5.552 -5.767
-5.758 -5.768 -5.840 -5.599 -5.612
-5.656 -5.690 -5.762 -5.610 -5.673
-5.658 -5.535 -5.719 -5.816 -5.548
-5.753 -5.748 -5.775 -5.650 -5.650
-8.989 -8.691 -9.000 -8.895 -8.748
-11.154 -11.205 -11.945 -11.244 -11.243
-9.721 -9.755 -9.941 -9.551 -9.551
-5.799 -5.716 -6.079 -5.550 -5.709
-9.280 -9.295 -9.616 -9.289 -9.289
-3.662 -3.712 -3.891 -3.694 -3.755
-3.850 -3.822 -3.946 -3.725 -3.725
-6.850 -6.890 -7.162 -7.168 -6.977
-7.198 -7.680 -7.759 -7.502 -7.503
-8.155 -8.123 -7.918 -7.649 -7.629
-3.603 -3.577 -3.825 -3.694 -3.728
-3.385 -3.101 -3.941 -3.724 -3.813
-2.710 -2.735 -3.790 -3.763 -3.697
-3.878 -3.885 -3.927 -3.752 -3.752
-3.777 -3.791 -3.892 -3.700 -3.759
-3.885 -3.886 -3.817 -3.738 -3.779
-3.918 -3.751 -3.964 -3.801 -3.753
-3.950 -3.858 -4.050 -3.732 -3.798
-3.910 -3.923 -3.887 -3.735 -3.828
-3.920 -3.798 -3.916 -3.752 -3.752
-3.987 -3.815 -3.969 -3.727 -3.835
-1.911 -1.927 -1.828 -1.889 -1.888
-22.127 -23.101 -23.333 -22.531 -22.279
-15.357 -15.461 -15.620 -15.626 -15.149
-13.342 -13.597 -13.739 -13.504 -13.368
-15.050 -15.055 -15.168 -15.169 -14.870
-15.328 -15.391 -15.783 -15.259 -15.037
-14.304 -14.310 -15.282 -15.283 -14.935
-15.523 -15.466 -15.630 -15.631 -15.157
-15.249 -15.283 -15.597 -15.597 -15.126
-23.119 -23.080 -23.216 -22.560 -22.249
-14.780 -15.358 -18.872 -18.873 -18.552
-9.866 -9.559 -9.647 -9.575 -9.575
-14.467 -14.460 -14.815 -14.695 -14.695
-15.762 -15.729 -15.968 -15.322 -15.078
-14.304 -14.281 -14.388 -14.393 -14.183
-15.613 -15.510 -15.841 -15.354 -15.077
-15.514 -15.130 -15.890 -15.350 -15.351
-12.872 -12.968 -14.062 -13.355 -13.355
-11.932 -11.953 -12.852 -12.327 -12.327
-13.291 -13.336 -13.477 -13.292 -13.286
-13.244 -13.491 -13.694 -13.507 -13.378
-11.746 -11.831 -11.963 -11.473 -11.472
-11.477 -11.488 -11.682 -11.655 -11.428
-10.900 -11.828 -11.257 -11.262 -11.338
-10.508 -11.075 -11.549 -11.516 -11.516
-11.862 -11.830 -11.953 -11.489 -11.468
-22.945 -23.756 -23.932 -22.957 -23.019
-17.330 -17.596 -18.478 -18.228 -18.228
-17.641 -16.977 -17.419 -17.167 -17.167
-14.996 -14.767 -15.638 -15.025 -15.025
-9.819 -9.797 -9.941 -9.551 -9.552
-9.237 -8.980 -9.820 -9.525 -9.525
-11.698 -11.806 -11.944 -11.105 -11.105
-11.153 -11.148 -11.334 -11.435 -11.298
-11.863 -11.886 -11.963 -11.536 -11.490
-9.800 -9.562 -9.805 -9.567 -9.567
-10.040 -9.690 -9.861 -9.412 -9.412
-9.996 -9.622 -9.804 -9.372 -9.365
-6.850 -6.890 -7.162 -7.168 -6.977
-6.966 -7.043 -7.361 -7.382 -7.299
-5.701 -5.682 -8.256 -7.654 -7.654
-7.630 -7.470 -7.715 -7.503 -7.503
-6.113 -6.149 -8.142 -7.606 -7.560
-7.918 -7.527 -7.734 -7.537 -7.645
-10.634 -11.043 -11.633 -11.503 -11.503
-5.777 -5.310 -5.839 -5.752 -5.655
-5.968 -5.767 -5.922 -5.565 -5.564
-20.229 -19.874 -22.934 -22.655 -22.655
-15.425 -15.418 -15.520 -15.527 -15.119
-22.383 -22.884 -23.302 -22.516 -22.379
-21.015 -21.377 -23.376 -22.693 -22.692
-18.861 -18.900 -19.562 -19.149 -19.148
-18.822 -18.836 -19.109 -18.517 -18.323
-15.710 -15.428 -15.788 -15.535 -15.121
-12.579 -12.684 -13.648 -13.271 -13.271
-10.995 -11.533 -11.736 -11.309 -11.309
-10.893 -10.919 -11.503 -11.513 -11.180
-14.304 -14.173 -14.413 -14.477 -14.337
-3.981 -3.851 -3.887 -3.825 -3.772
-3.603 -3.577 -3.825 -3.694 -3.728
-2.710 -2.735 -3.790 -3.763 -3.697
-11.655 -11.770 -11.607 -11.276 -11.177
-9.825 -9.887 -9.803 -9.530 -9.530
-9.793 -9.805 -9.806 -9.531 -9.531
-15.424 -15.365 -15.594 -15.312 -15.312
-11.863 -11.886 -11.973 -11.502 -11.448
-6.425 -6.478 -6.761 -6.672 -6.588
-9.842 -9.584 -9.634 -9.577 -9.577
-7.813 -7.481 -7.648 -7.654 -7.649
-6.626 -6.414 -7.777 -7.673 -7.486
-7.278 -7.444 -7.889 -7.606 -7.606
-7.329 -7.532 -7.912 -7.627 -7.578
-7.197 -7.156 -7.726 -7.512 -7.474
-7.182 -7.123 -7.371 -7.382 -7.296
-7.306 -7.637 -7.901 -7.728 -7.578
-7.840 -8.167 -7.713 -7.645 -7.622
-7.813 -7.831 -7.734 -7.645 -7.621
-7.197 -7.645 -7.724 -7.512 -7.513
-7.764 -7.676 -7.883 -7.687 -7.535
-7.749 -7.675 -7.950 -7.653 -7.654
-7.852 -7.295 -7.646 -7.647 -7.637
-5.829 -5.660 -5.698 -5.699 -5.607
-5.831 -5.581 -5.664 -5.678 -5.647
-5.883 -5.898 -5.854 -5.662 -5.663
-5.771 -5.735 -5.839 -5.830 -5.644
-5.836 -5.641 -5.768 -5.637 -5.638
-3.855 -3.853 -3.777 -3.717 -3.824
-3.937 -3.944 -3.886 -3.793 -3.748
-3.976 -3.906 -3.794 -3.800 -3.808
-3.883 -3.860 -3.924 -3.750 -3.750
-8.129 -7.575 -7.643 -7.644 -7.614
-3.423 -3.351 -3.845 -3.746 -3.707
-3.937 -3.687 -3.791 -3.715 -3.862
-3.480 -3.610 -3.774 -3.697 -3.832
-7.482 -7.541 -7.746 -7.752 -7.540
-8.075 -7.681 -7.650 -7.650 -7.637
-7.306 -7.831 -7.886 -7.742 -7.604
-7.813 -7.704 -7.707 -7.644 -7.620
-7.715 -7.748 -7.844 -7.696 -7.576
-5.975 -5.973 -5.781 -5.542 -5.727
-5.871 -5.644 -5.846 -5.672 -5.672
-5.432 -5.547 -5.689 -5.598 -5.615
-5.776 -5.846 -5.915 -5.667 -5.667
-6.840 -7.651 -7.780 -7.702 -7.604
-5.723 -5.696 -6.078 -5.561 -5.712
-3.790 -3.917 -3.810 -3.756 -3.759
-22.127 -23.101 -23.333 -22.531 -22.279
-15.357 -15.461 -15.620 -15.626 -15.149
-13.342 -13.597 -13.739 -13.504 -13.368
-17.848 -17.578 -17.758 -17.133 -17.133
-14.597 -15.254 -15.931 -15.515 -15.029
-16.245 -16.233 -15.377 -15.340 -15.340
-13.974 -14.854 -15.095 -15.104 -14.601
-15.517 -15.432 -15.619 -15.620 -15.154
-15.529 -15.570 -15.626 -15.633 -15.178
-23.120 -23.235 -23.327 -22.550 -22.248
-18.959 -19.045 -19.193 -19.190 -19.189
-13.814 -14.818 -15.081 -14.733 -14.648
-9.866 -9.559 -9.647 -9.575 -9.575
-23.101 -22.613 -23.525 -23.091 -23.090
-14.795 -15.019 -19.316 -19.068 -19.068
-14.614 -14.693 -15.281 -15.282 -14.931
-14.048 -14.326 -15.598 -15.598 -15.133
-14.304 -14.314 -15.222 -14.986 -14.882
-13.705 -13.774 -14.349 -14.375 -13.948
-15.002 -14.931 -15.511 -15.512 -15.066
-14.106 -13.681 -13.608 -13.483 -13.356
-13.508 -13.467 -13.647 -13.272 -13.271
-13.253 -13.249 -13.698 -13.495 -13.368
-13.929 -13.890 -13.608 -13.374 -13.374
-10.991 -10.954 -11.589 -11.243 -11.198
-10.651 -10.659 -10.795 -10.631 -10.579
-11.890 -11.947 -12.110 -11.337 -11.337
-11.647 -11.674 -11.813 -11.423 -11.422
-11.750 -11.774 -11.710 -11.399 -11.320
-11.428 -11.296 -11.693 -11.266 -11.266
-11.153 -11.022 -11.333 -11.438 -11.298
-11.153 -11.028 -11.867 -11.179 -11.244
-23.122 -23.148 -23.345 -22.564 -22.320
-16.683 -17.012 -21.042 -20.535 -20.534
-6.850 -6.890 -7.162 -7.168 -6.977
-6.966 -7.043 -7.361 -7.382 -7.299
-5.701 -5.682 -8.256 -7.654 -7.654
-7.482 -7.541 -7.746 -7.752 -7.540
-7.715 -7.748 -7.844 -7.696 -7.576
-11.795 -11.861 -12.043 -11.185 -11.186
-6.113 -6.149 -8.142 -7.606 -7.560
-9.884 -9.485 -9.789 -9.552 -9.552
-7.918 -7.527 -7.734 -7.537 -7.645
-9.827 -9.481 -9.806 -9.530 -9.529
-15.123 -15.443 -15.716 -15.299 -15.299
-18.841 -18.921 -19.524 -19.513 -19.514
-14.304 -14.233 -14.381 -14.384 -14.186
-16.941 -17.475 -17.803 -17.804 -17.636
-13.736 -13.787 -14.290 -14.372 -13.958
-14.176 -13.998 -15.101 -15.379 -15.090
-12.057 -12.057 -12.342 -12.419 -12.360
-5.777 -5.310 -5.839 -5.752 -5.655
-12.813 -12.926 -13.058 -13.160 -12.878
-11.735 -11.799 -11.950 -11.118 -11.117
-11.616 -11.642 -11.815 -11.143 -11.205
-11.612 -11.573 -11.879 -11.455 -11.427
-5.930 -4.961 -23.214 -22.272 -22.272
-16.171 -16.144 -15.358 -15.358 -15.359
-9.862 -9.902 -10.004 -10.005 -9.728
-3.981 -3.851 -3.887 -3.825 -3.772
-11.142 -11.665 -11.788 -11.462 -11.462
-3.603 -3.577 -3.825 -3.694 -3.728
-9.781 -9.466 -9.808 -9.528 -9.528
-3.883 -3.860 -3.924 -3.750 -3.750
-9.513 -9.833 -9.951 -9.400 -9.385
-9.513 -9.729 -9.949 -9.398 -9.375
-9.343 -9.234 -9.688 -9.443 -9.220
-10.106 -9.513 -9.825 -9.385 -9.394
-7.413 -7.572 -7.724 -7.503 -7.503
-7.821 -7.632 -7.762 -7.506 -7.506
-7.873 -7.086 -7.652 -7.653 -7.651
-6.939 -7.544 -7.803 -7.550 -7.498
-7.597 -7.530 -7.818 -7.546 -7.668
-7.867 -7.809 -7.890 -7.659 -7.526
-7.182 -7.279 -7.735 -7.505 -7.504
-7.918 -7.823 -7.649 -7.650 -7.627
-5.850 -5.861 -5.959 -5.697 -5.633
-5.810 -5.826 -6.053 -5.667 -5.667
-5.776 -5.773 -5.840 -5.642 -5.642
-5.655 -5.559 -5.704 -5.815 -5.514
-5.771 -5.633 -5.838 -5.604 -5.620
-5.906 -5.859 -5.919 -5.651 -5.651
-9.512 -9.564 -9.912 -9.382 -9.382
-7.767 -7.739 -7.864 -7.508 -7.477
-6.899 -7.428 -7.483 -7.503 -7.318
-7.103 -7.787 -7.900 -7.645 -7.511
-5.836 -5.702 -5.928 -5.689 -5.638
-8.126 -7.699 -7.889 -7.649 -7.631
-8.075 -8.059 -7.741 -7.643 -7.643
-3.883 -3.872 -3.914 -3.753 -3.753
-7.867 -7.855 -7.928 -7.697 -7.531
-3.751 -3.791 -3.811 -3.747 -3.707
-7.852 -7.811 -7.955 -7.691 -7.591
-3.876 -3.834 -3.857 -3.755 -3.755
-7.141 -7.932 -8.104 -7.401 -7.510
-4.686 -4.423 -5.673 -5.655 -5.663
-3.929 -3.817 -3.813 -3.741 -3.801
-5.655 -5.673 -5.765 -5.611 -5.674
-5.886 -5.876 -5.919 -5.651 -5.650
-5.887 -5.865 -5.857 -5.666 -5.666
-5.888 -5.761 -5.923 -5.665 -5.665
-3.928 -3.867 -3.956 -3.810 -3.751
-3.978 -3.968 -3.964 -3.817 -3.766
-5.772 -5.757 -5.756 -5.623 -5.568
-3.568 -3.794 -3.880 -3.830 -3.777
-3.732 -3.696 -4.040 -3.705 -3.705
-7.789 -7.663 -7.914 -7.627 -7.580
-5.862 -5.633 -5.764 -5.610 -5.672
-3.911 -3.860 -3.976 -3.807 -3.842
-22.127 -23.101 -23.333 -22.531 -22.279
-15.357 -15.461 -15.620 -15.626 -15.149
-13.342 -13.597 -13.739 -13.504 -13.368
-10.991 -10.954 -11.589 -11.243 -11.198
-9.866 -9.559 -9.647 -9.575 -9.575
-9.801 -9.812 -9.807 -9.527 -9.527
18.864 -17.355 -22.392 -22.127 -22.075
-28.394 -20.892 -22.948 -22.432 -22.432
-20.400 -20.043 -20.418 -20.317 -19.828
-19.050 -19.184 -19.972 -19.781 -19.780
-17.502 -17.523 -17.752 -17.221 -17.220
-15.473 -15.434 -15.877 -15.331 -15.286
-13.964 -14.330 -14.691 -14.848 -14.987
-10.207 -10.227 -14.485 -15.343 -15.149
-14.304 -14.258 -15.257 -15.259 -14.886
-15.761 -15.795 -15.967 -15.192 -15.192
-15.016 -15.076 -15.464 -15.346 -15.158
-14.600 -15.130 -15.837 -15.437 -15.054
-14.603 -15.366 -15.897 -15.250 -15.147
-15.613 -15.683 -15.811 -15.161 -15.160
-14.981 -15.052 -15.585 -15.585 -15.128
-15.227 -15.226 -15.550 -15.329 -15.133
-9.811 -9.830 -9.785 -9.530 -9.529
-13.413 -13.375 -13.659 -13.181 -13.182
-13.580 -13.623 -13.738 -13.572 -13.310
-13.524 -13.583 -13.694 -13.509 -13.384
-13.919 -13.874 -13.600 -13.373 -13.373
-4.766 -4.796 -9.276 -9.486 -9.149
-23.531 -23.144 -23.572 -22.924 -22.925
-17.848 -17.985 -18.223 -18.224 -18.388
-6.850 -6.890 -7.162 -7.168 -6.977
-6.966 -7.043 -7.361 -7.382 -7.299
-5.701 -5.682 -8.256 -7.654 -7.654
-7.482 -7.541 -7.746 -7.752 -7.540
-11.242 -11.246 -11.576 -11.424 -11.423
-11.838 -11.423 -11.764 -11.590 -11.179
-11.621 -11.680 -11.795 -11.240 -11.245
-11.794 -11.840 -11.923 -11.454 -11.454
-11.153 -11.243 -11.698 -11.350 -11.245
-9.514 -9.884 -9.944 -9.396 -9.367
-9.841 -9.829 -9.821 -9.527 -9.527
-7.715 -7.748 -7.844 -7.696 -7.576
-6.113 -6.149 -8.142 -7.606 -7.560
-7.918 -7.527 -7.734 -7.537 -7.645
-23.108 -23.170 -23.305 -21.979 -22.081
-17.880 -18.088 -23.021 -22.633 -22.633
-19.005 -19.572 -23.930 -23.329 -22.759
-23.122 -23.138 -23.940 -23.257 -22.779
-5.777 -5.310 -5.839 -5.752 -5.655
-14.504 -15.307 -15.580 -15.273 -15.061
-16.462 -13.009 -15.617 -15.059 -15.058
-15.341 -15.242 -15.562 -15.134 -14.962
-12.887 -12.887 -13.699 -13.506 -13.380
-13.027 -12.320 -13.378 -12.907 -12.907
-13.521 -13.424 -13.678 -13.211 -13.210
-18.845 -18.972 -19.976 -21.470 -21.470
-3.981 -3.851 -3.887 -3.825 -3.772
-3.603 -3.577 -3.825 -3.694 -3.728
-15.990 -15.599 -15.920 -15.351 -15.351
-15.614 -16.056 -15.865 -15.365 -15.365
-15.088 -15.244 -15.472 -15.101 -15.101
-14.973 -14.996 -15.107 -14.846 -14.663
-9.841 -9.845 -9.649 -9.550 -9.549
-7.802 -7.816 -7.899 -7.607 -7.607
-6.424 -6.449 -7.914 -7.644 -7.586
-7.912 -8.011 -7.647 -7.648 -7.638
-7.182 -7.650 -7.773 -7.512 -7.512
-7.306 -7.720 -7.902 -7.674 -7.608
-7.748 -7.737 -7.827 -7.541 -7.477
-7.867 -7.881 -7.927 -7.698 -7.530
-7.786 -7.727 -7.904 -7.623 -7.623
-7.866 -7.872 -7.928 -7.697 -7.534
-7.414 -7.828 -7.910 -7.621 -7.621
-8.151 -7.588 -7.632 -7.633 -7.589
-7.802 -7.780 -7.886 -7.597 -7.596
-7.604 -7.625 -7.855 -7.779 -7.592
-5.887 -5.859 -5.919 -5.637 -5.637
-5.750 -5.752 -5.810 -5.624 -5.612
-5.806 -5.802 -5.970 -5.651 -5.651
-4.333 -4.393 -5.843 -5.604 -5.679
-5.852 -5.816 -5.981 -5.585 -5.585
-5.657 -5.672 -5.780 -5.647 -5.674
-5.777 -5.809 -5.980 -5.588 -5.588
-7.852 -7.869 -7.926 -7.766 -7.554
-5.659 -5.671 -5.719 -5.815 -5.566
-5.238 -5.268 -8.251 -7.655 -7.654
-3.963 -3.745 -3.791 -3.725 -3.814
-7.807 -7.761 -7.902 -7.663 -7.565
-3.687 -3.728 -3.771 -3.772 -3.688
-3.879 -3.852 -3.956 -3.748 -3.794
-4.019 -4.597 -8.253 -7.653 -7.653
-8.156 -8.161 -7.651 -7.652 -7.646
-3.879 -3.879 -3.925 -3.752 -3.752
-8.155 -7.914 -7.747 -7.556 -7.556
-7.182 -7.641 -7.727 -7.512 -7.473
-3.911 -3.899 -3.798 -3.734 -3.839
-3.883 -3.864 -3.924 -3.752 -3.752
-3.819 -3.814 -3.809 -3.757 -3.760
-3.711 -3.847 -3.798 -3.728 -3.821
-5.798 -5.876 -5.498 -5.525 -5.650
-5.888 -5.885 -6.052 -5.600 -5.599
-5.632 -5.567 -5.763 -5.610 -5.672
-3.909 -3.872 -4.005 -3.738 -3.755
-7.317 -7.807 -7.903 -7.698 -7.605
-7.560 -7.566 -7.849 -7.693 -7.539
-5.887 -5.853 -5.922 -5.653 -5.652
-15.357 -15.461 -15.620 -15.626 -15.149
-13.342 -13.597 -13.739 -13.504 -13.368
-10.991 -10.954 -11.589 -11.243 -11.198
-9.866 -9.559 -9.647 -9.575 -9.575
-15.266 -15.320 -15.537 -15.326 -15.131
-19.913 -19.750 -20.426 -20.329 -19.907
-15.378 -15.446 -15.620 -15.331 -15.117
-14.678 -15.563 -15.763 -15.453 -15.197
-15.389 -14.602 -15.562 -15.275 -15.275
-14.617 -14.723 -14.847 -14.850 -14.858
-11.506 -11.841 -15.791 -15.252 -15.194
-15.015 -15.023 -15.320 -14.947 -14.998
-15.523 -15.524 -15.626 -15.627 -15.151
-7.600 -7.606 -7.759 -7.761 -7.556
-10.363 -10.754 -13.672 -13.508 -13.377
-11.358 -11.391 -11.829 -11.292 -11.328
-23.551 -23.694 -23.942 -22.912 -23.012
-18.913 -18.774 -21.000 -20.636 -20.636
-15.764 -15.765 -15.905 -15.343 -15.075
-14.207 -15.610 -15.742 -15.092 -14.957
-15.664 -14.982 -15.790 -15.116 -15.116
-13.521 -13.541 -13.698 -13.506 -13.375
-13.584 -13.553 -13.692 -13.506 -13.382
-10.495 -10.484 -11.501 -11.192 -11.029
-11.864 -11.880 -11.976 -11.463 -11.473
-11.731 -11.803 -11.947 -11.460 -11.462
-11.625 -11.697 -11.816 -11.425 -11.425
-11.949 -11.967 -11.333 -11.334 -11.334
-7.650 -7.611 -7.982 -7.778 -7.617
-9.770 -9.840 -9.806 -9.531 -9.531
-9.512 -9.410 -9.950 -9.385 -9.360
-7.352 -7.638 -7.891 -7.679 -7.589
-7.807 -7.383 -7.654 -7.654 -7.654
-6.850 -6.890 -7.162 -7.168 -6.977
-6.966 -7.043 -7.361 -7.382 -7.299
-5.701 -5.682 -8.256 -7.654 -7.654
-7.482 -7.541 -7.746 -7.752 -7.540
-7.715 -7.748 -7.844 -7.696 -7.576
-6.113 -6.149 -8.142 -7.606 -7.560
-7.918 -7.527 -7.734 -7.537 -7.645
-17.900 -17.978 -18.132 -18.133 -18.132
-17.348 -16.753 -17.461 -17.214 -17.206
-15.260 -15.189 -16.112 -15.360 -15.361
-15.179 -15.324 -15.714 -15.264 -15.216
-14.440 -14.512 -14.630 -15.046 -14.980
-14.601 -15.097 -15.935 -15.407 -15.135
-5.777 -5.310 -5.839 -5.752 -5.655
-18.532 -18.647 -22.782 -22.938 -22.938
-18.383 -18.083 -21.155 -20.735 -20.735
-15.496 -15.953 -15.796 -15.120 -15.120
-15.559 -15.527 -15.767 -15.651 -15.341
-8.169 -7.776 -7.645 -7.650 -7.638
-11.568 -11.581 -11.755 -11.512 -11.512
-10.627 -11.609 -11.649 -11.171 -11.171
-9.051 -9.080 -10.171 -9.552 -9.304
-8.995 -8.975 -9.124 -8.924 -8.924
-7.040 -7.628 -7.734 -7.520 -7.435
-7.792 -7.227 -7.368 -7.369 -7.362
-3.687 -3.728 -3.771 -3.772 -3.688
-3.981 -3.851 -3.887 -3.825 -3.772
-3.603 -3.577 -3.825 -3.694 -3.728
-13.263 -13.177 -13.129 -13.349 -13.349
-11.928 -11.970 -11.539 -11.316 -11.316
-7.586 -7.660 -7.786 -7.271 -7.271
-7.137 -7.723 -7.670 -7.469 -7.500
-7.846 -7.427 -7.664 -7.632 -7.622
-8.142 -7.662 -7.890 -7.650 -7.633
-6.948 -7.621 -7.728 -7.525 -7.469
-6.509 -6.475 -7.912 -7.506 -7.506
-7.867 -7.830 -7.926 -7.696 -7.538
-7.786 -7.708 -7.904 -7.605 -7.603
-7.183 -7.637 -7.725 -7.512 -7.512
-7.306 -7.839 -7.895 -7.674 -7.608
-7.182 -7.659 -7.768 -7.511 -7.511
-8.160 -7.888 -7.647 -7.648 -7.626
-7.794 -7.802 -7.909 -7.712 -7.513
-7.932 -7.541 -7.641 -7.643 -7.603
-5.860 -5.805 -5.845 -5.665 -5.665
-5.708 -5.716 -5.744 -5.651 -5.650
-5.647 -5.661 -5.814 -5.627 -5.617
-5.772 -5.769 -5.839 -5.810 -5.702
-5.887 -5.830 -5.917 -5.667 -5.667
-5.887 -5.887 -5.843 -5.666 -5.666
-5.659 -5.657 -5.765 -5.612 -5.674
-5.658 -5.652 -5.765 -5.587 -5.587
-3.834 -3.712 -3.825 -3.750 -3.739
-3.929 -3.816 -4.050 -3.724 -3.846
-7.317 -7.834 -7.982 -7.637 -7.637
-8.154 -8.158 -7.772 -7.501 -7.502
-3.918 -3.852 -3.862 -3.742 -3.741
-3.886 -3.854 -3.966 -3.737 -3.840
-7.743 -7.762 -7.842 -7.779 -7.595
-7.388 -7.835 -7.887 -7.649 -7.528
-7.763 -7.802 -7.859 -7.698 -7.549
-3.731 -3.927 -3.830 -3.747 -3.753
-3.908 -3.841 -3.890 -3.726 -3.795
-5.843 -5.700 -5.855 -5.669 -5.691
-5.764 -5.719 -5.802 -5.605 -5.573
-5.468 -5.568 -5.780 -5.616 -5.580
-3.851 -3.896 -3.794 -3.800 -3.808
-3.745 -3.763 -3.806 -3.742 -3.694
-3.745 -3.730 -3.852 -3.735 -3.736
-5.062 -5.002 -6.056 -5.626 -5.626
-1.509 -1.314 -1.391 -1.400 -1.400
-5.756 -5.460 -5.822 -5.633 -5.637
-5.657 -5.568 -5.841 -5.585 -5.599
-3.851 -3.816 -3.975 -3.823 -3.766
-3.851 -3.911 -4.002 -3.748 -3.759
-15.357 -15.461 -15.620 -15.626 -15.149
-15.378 -15.446 -15.620 -15.331 -15.117
-13.342 -13.597 -13.739 -13.504 -13.368
-10.991 -10.954 -11.589 -11.243 -11.198
-9.866 -9.559 -9.647 -9.575 -9.575
-20.687 -22.347 -23.157 -22.557 -22.494
-22.473 -22.417 -22.776 -22.701 -22.701
-13.909 -14.671 -19.884 -19.058 -19.122
-16.779 -16.806 -17.929 -17.213 -17.213
-14.874 -14.912 -16.386 -15.276 -15.307
-9.736 -10.047 -15.816 -15.329 -15.329
-15.527 -15.494 -15.630 -15.633 -15.179
-15.712 -15.701 -15.813 -15.245 -15.185
-14.420 -14.402 -14.926 -15.408 -15.003
-15.191 -15.105 -15.318 -15.005 -14.857
-15.850 -15.126 -15.681 -15.352 -15.352
-13.523 -13.509 -13.639 -13.273 -13.273
-11.729 -11.861 -11.942 -11.104 -11.103
-11.683 -11.799 -11.936 -11.462 -11.441
-11.672 -11.701 -11.757 -11.580 -11.380
-11.787 -11.121 -11.319 -11.320 -11.320
-11.283 -11.213 -11.209 -11.210 -11.144
-22.744 -23.437 -23.738 -23.088 -22.826
-17.751 -17.918 -22.829 -22.465 -22.463
-17.039 -17.067 -22.587 -23.100 -22.194
-23.065 -23.059 -23.288 -22.520 -22.388
-2.890 -3.586 -19.137 -18.641 -18.640
-15.774 -16.394 -19.016 -18.535 -18.535
-6.850 -6.890 -7.162 -7.168 -6.977
-6.966 -7.043 -7.361 -7.382 -7.299
-7.715 -7.748 -7.844 -7.696 -7.576
-8.127 -7.813 -7.706 -7.644 -7.619
-6.113 -6.149 -8.142 -7.606 -7.560
-7.918 -7.527 -7.734 -7.537 -7.645
-11.803 -11.799 -11.916 -11.462 -11.462
-11.576 -11.766 -11.927 -11.234 -11.234
-9.065 -9.704 -9.797 -9.366 -9.365
-9.510 -9.463 -9.615 -9.440 -9.429
-9.842 -9.887 -9.802 -9.577 -9.577
-9.686 -9.808 -9.808 -9.532 -9.532
-7.299 -8.258 -9.868 -9.422 -9.406
-7.075 -7.455 -7.919 -7.632 -7.583
-7.414 -7.772 -7.888 -7.614 -7.613
-8.077 -7.835 -7.652 -7.653 -7.645
-7.359 -7.301 -7.857 -7.643 -7.526
-5.772 -5.769 -5.839 -5.810 -5.702
-21.081 -21.163 -23.499 -23.032 -22.683
-19.035 -18.538 -19.548 -19.241 -19.050
-14.781 -15.717 -15.802 -15.102 -15.101
-11.400 -11.644 -15.523 -15.221 -15.221
-15.762 -15.792 -15.904 -15.342 -15.080
-13.474 -12.919 -14.056 -13.353 -13.352
-13.843 -13.225 -13.481 -13.482 -13.359
-11.605 -11.382 -11.737 -11.338 -11.337
-6.933 -7.198 -7.530 -7.588 -7.494
-7.824 -7.793 -7.900 -7.717 -7.509
-3.687 -3.728 -3.771 -3.772 -3.688
-3.918 -3.852 -3.862 -3.742 -3.741
-3.981 -3.851 -3.887 -3.825 -3.772
-3.603 -3.577 -3.825 -3.694 -3.728
-15.099 -15.326 -15.787 -15.256 -15.200
-10.614 -10.573 -10.742 -10.569 -10.467
-7.469 -7.606 -7.717 -7.504 -7.504
-7.063 -7.686 -7.917 -7.507 -7.507
-7.181 -7.019 -7.376 -7.383 -7.383
-8.164 -7.537 -7.639 -7.640 -7.593
-7.714 -7.687 -7.918 -7.597 -7.598
-7.262 -7.589 -7.907 -7.660 -7.565
-5.857 -5.673 -5.994 -5.573 -5.573
-4.406 -4.309 -4.812 -5.761 -5.619
-5.785 -5.642 -5.840 -5.810 -5.694
-5.947 -5.869 -6.031 -5.604 -5.781
-5.714 -5.849 -5.903 -5.605 -5.605
-7.619 -7.576 -7.663 -7.485 -7.509
-7.132 -7.797 -7.857 -7.634 -7.524
-5.867 -5.820 -5.856 -5.654 -5.654
-5.655 -5.662 -5.838 -5.829 -5.640
-5.693 -5.623 -5.700 -5.700 -5.607
-3.948 -3.728 -3.801 -3.725 -3.821
-3.971 -3.949 -3.965 -3.818 -3.762
-5.760 -5.711 -5.845 -5.624 -5.617
-5.555 -5.602 -5.844 -5.622 -5.609
-5.145 -5.094 -5.891 -5.688 -5.616
-5.761 -5.821 -5.943 -5.694 -5.646
-5.752 -5.735 -5.837 -5.616 -5.614
-6.793 -7.706 -7.783 -7.590 -7.498
-3.469 -3.666 -3.974 -3.728 -3.850
-3.765 -3.830 -3.873 -3.757 -3.699
-5.887 -5.879 -5.798 -5.666 -5.665
-3.701 -3.838 -3.754 -3.761 -3.744
-3.774 -3.787 -3.869 -3.713 -3.713
-3.981 -3.871 -3.977 -3.781 -3.804
-3.851 -3.861 -3.815 -3.715 -3.801
-3.902 -3.682 -3.963 -3.794 -3.786
-7.787 -7.767 -7.902 -7.601 -7.601
-3.676 -3.736 -3.888 -3.754 -3.701
-3.910 -3.883 -3.942 -3.714 -3.823
-5.771 -5.734 -5.839 -5.558 -5.557
-5.764 -5.665 -5.825 -5.617 -5.597
-0.900 -0.968 -1.656 -1.794 -1.785
-3.778 -3.774 -3.972 -3.733 -3.841
-3.946 -3.887 -3.974 -3.822 -3.764
-5.875 -5.718 -5.798 -5.634 -5.645
-7.786 -7.742 -7.901 -7.623 -7.623
-15.099 -15.326 -15.787 -15.256 -15.200
-15.357 -15.461 -15.620 -15.626 -15.149
-13.342 -13.597 -13.739 -13.504 -13.368
-10.991 -10.954 -11.589 -11.243 -11.198
-19.149 -19.374 -20.065 -20.066 -20.067
-21.474 -21.797 -22.251 -22.251 -22.342
-20.692 -21.052 -23.632 -22.962 -22.962
-9.866 -9.559 -9.647 -9.575 -9.575
-19.565 -19.741 -22.849 -22.209 -22.521
-19.603 -19.232 -19.527 -18.990 -18.990
-17.620 -17.594 -18.952 -18.977 -18.977
-17.109 -16.729 -17.994 -17.128 -17.129
-14.518 -14.954 -15.888 -15.298 -15.071
-14.842 -15.004 -15.140 -15.141 -14.936
-15.358 -15.363 -15.248 -15.355 -15.355
-14.614 -14.678 -15.788 -15.004 -15.003
-15.786 -15.163 -15.886 -15.348 -15.348
-14.304 -14.278 -15.557 -15.292 -15.089
-14.510 -14.704 -15.621 -15.208 -15.209
-14.064 -13.678 -13.525 -13.479 -13.377
-14.032 -13.942 -13.474 -13.482 -13.361
-19.493 -19.604 -22.655 -22.303 -22.238
-23.122 -23.224 -23.351 -22.582 -22.345
-15.421 -15.410 -15.595 -15.181 -15.181
-15.244 -15.253 -15.420 -14.957 -14.996
-15.586 -15.042 -15.632 -15.349 -15.349
-9.762 -9.697 -9.938 -9.551 -9.551
-13.217 -13.262 -14.059 -13.354 -13.354
-13.889 -13.962 -13.350 -13.351 -13.351
-13.521 -13.529 -13.646 -13.273 -13.272
-13.523 -13.526 -13.694 -13.442 -13.382
-12.601 -12.478 -12.910 -12.512 -12.433
-11.757 -10.932 -11.483 -11.284 -11.283
-11.382 -11.608 -11.765 -11.590 -11.182
-11.263 -11.349 -11.182 -11.182 -11.182
-11.701 -11.703 -11.827 -11.147 -11.218
-9.750 -9.668 -11.951 -11.496 -11.428
-6.850 -6.890 -7.162 -7.168 -6.977
-6.966 -7.043 -7.361 -7.382 -7.299
-7.715 -7.748 -7.844 -7.696 -7.576
-6.113 -6.149 -8.142 -7.606 -7.560
-21.328 -21.622 -22.827 -22.491 -22.491
-17.211 -16.844 -16.918 -17.266 -17.266
-14.992 -15.008 -15.365 -15.366 -14.912
-13.707 -14.746 -15.783 -14.996 -14.996
-13.734 -13.826 -14.352 -14.357 -14.048
-15.764 -15.753 -15.967 -15.292 -15.115
-22.156 -22.241 -23.590 -23.253 -22.722
-16.563 -16.585 -18.913 -18.315 -18.314
-5.772 -5.769 -5.839 -5.810 -5.702
-9.474 -9.519 -9.818 -9.527 -9.527
-12.127 -12.587 -13.360 -12.982 -12.983
-9.854 -9.500 -9.806 -9.578 -9.578
-11.695 -11.664 -11.739 -11.430 -11.406
-9.716 -9.820 -9.702 -9.568 -9.568
-9.811 -9.366 -9.808 -9.577 -9.577
-14.108 -14.164 -15.660 -15.344 -15.071
-13.706 -14.621 -15.907 -15.510 -15.178
-12.595 -12.620 -13.739 -13.505 -13.366
-3.687 -3.728 -3.771 -3.772 -3.688
-3.918 -3.852 -3.862 -3.742 -3.741
-3.981 -3.851 -3.887 -3.825 -3.772
-3.603 -3.577 -3.825 -3.694 -3.728
-0.900 -0.968 -1.656 -1.794 -1.785
-9.068 -9.708 -9.939 -9.550 -9.550
-7.768 -7.753 -7.931 -7.697 -7.532
-8.133 -8.100 -7.769 -7.552 -7.552
-7.349 -7.337 -7.704 -7.301 -7.301
-7.788 -7.697 -7.559 -7.540 -7.465
-7.867 -7.847 -7.930 -7.772 -7.557
-7.705 -7.605 -7.881 -7.626 -7.626
-7.714 -7.672 -7.875 -7.643 -7.539
-7.791 -7.809 -7.904 -7.640 -7.565
-7.772 -7.735 -7.859 -7.788 -7.586
-7.632 -7.695 -7.631 -7.494 -7.400
-7.744 -7.677 -7.906 -7.709 -7.496
-5.721 -5.705 -5.842 -5.599 -5.613
-5.872 -5.816 -5.946 -5.689 -5.650
-5.675 -5.631 -5.797 -5.592 -5.571
-5.655 -5.668 -5.762 -5.572 -5.572
-5.780 -5.647 -5.972 -5.577 -5.577
-5.683 -5.668 -5.848 -5.622 -5.628
-5.769 -5.653 -5.887 -5.609 -5.608
-5.886 -5.834 -5.978 -5.676 -5.676
-9.842 -9.836 -9.808 -9.531 -9.530
-5.788 -5.700 -5.874 -5.585 -5.586
-6.883 -7.031 -7.385 -7.385 -7.385
-7.628 -7.615 -7.767 -7.512 -7.512
-8.165 -7.665 -7.650 -7.650 -7.634
-7.704 -7.676 -7.890 -7.629 -7.628
-3.734 -3.794 -3.759 -3.691 -3.822
-3.913 -3.902 -3.884 -3.802 -3.747
-7.842 -7.801 -7.794 -7.652 -7.558
-7.884 -7.853 -7.971 -7.772 -7.607
-3.865 -3.860 -3.925 -3.749 -3.749
-5.752 -5.779 -5.840 -5.621 -5.620
-3.928 -3.823 -3.817 -3.742 -3.771
-3.928 -3.803 -4.049 -3.723 -3.842
-5.719 -5.693 -5.760 -5.611 -5.677
-3.914 -3.915 -3.955 -3.721 -3.855
-3.947 -3.709 -3.792 -3.714 -3.864
-5.004 -5.032 -5.240 -4.982 -4.984
-5.711 -5.706 -5.965 -5.698 -5.648
-5.265 -5.788 -5.746 -5.561 -5.753
-3.886 -3.854 -3.909 -3.751 -3.750
-3.946 -3.804 -3.779 -3.723 -3.798
-3.729 -3.674 -3.754 -3.724 -3.672
-3.879 -3.815 -3.858 -3.751 -3.751
-3.928 -3.917 -3.812 -3.757 -3.749
-1.581 -1.656 -1.791 -1.797 -1.755
-3.878 -3.771 -3.970 -3.817 -3.757
-3.879 -3.882 -3.927 -3.751 -3.750
-15.357 -15.461 -15.620 -15.626 -15.149
-12.595 -12.620 -13.739 -13.505 -13.366
-11.695 -11.664 -11.739 -11.430 -11.406
-9.866 -9.559 -9.647 -9.575 -9.575
-17.644 -17.290 -17.367 -17.127 -17.126
-14.420 -15.367 -15.560 -15.501 -15.099
-15.296 -15.344 -15.549 -15.327 -15.094
-15.764 -15.895 -15.901 -15.341 -15.080
-14.304 -14.287 -15.569 -15.571 -15.127
-15.518 -15.511 -15.620 -15.621 -15.159
-15.021 -15.020 -15.272 -15.598 -15.130
-15.154 -15.103 -15.390 -15.062 -14.808
-15.479 -15.575 -15.836 -15.125 -15.125
-13.538 -13.556 -13.693 -13.505 -13.384
-11.721 -12.217 -12.600 -12.751 -12.274
-9.892 -10.299 -14.063 -13.355 -13.355
-11.579 -11.564 -11.731 -11.440 -11.312
-11.965 -11.963 -11.539 -11.316 -11.317
-16.879 -17.560 -23.385 -23.142 -23.109
-14.603 -15.317 -15.908 -15.272 -15.165
-13.703 -14.657 -15.735 -15.516 -15.186
-15.559 -15.631 -15.745 -15.229 -14.996
-6.850 -6.890 -7.162 -7.168 -6.977
-13.645 -13.061 -13.474 -13.407 -13.382
-6.966 -7.043 -7.361 -7.382 -7.299
-2.335 -1.835 -14.045 -13.355 -13.355
-7.715 -7.748 -7.844 -7.696 -7.576
-10.732 -11.501 -11.853 -11.549 -11.549
-10.987 -10.917 -12.089 -11.339 -11.339
-9.661 -9.502 -12.057 -11.195 -11.196
-11.625 -11.665 -11.811 -11.476 -11.413
-8.092 -8.123 -7.705 -7.650 -7.629
-9.058 -9.193 -9.395 -9.077 -9.077
-9.637 -9.507 -9.952 -9.399 -9.382
-7.306 -7.630 -7.899 -7.699 -7.596
-7.699 -7.534 -7.762 -7.505 -7.505
-7.561 -7.533 -7.629 -7.459 -7.423
-7.755 -7.768 -7.900 -7.608 -7.608
-7.565 -7.693 -7.780 -7.760 -7.598
-8.173 -7.725 -7.712 -7.645 -7.620
-14.956 -15.016 -16.293 -16.794 -16.535
-5.772 -5.769 -5.839 -5.810 -5.702
-5.721 -5.705 -5.842 -5.599 -5.613
-17.096 -17.131 -17.710 -18.274 -18.333
-15.029 -15.800 -17.537 -17.593 -17.050
-14.065 -14.137 -15.619 -15.324 -15.027
-6.452 -7.556 -7.605 -7.466 -7.466
-8.090 -8.058 -7.883 -7.644 -7.618
-11.760 -11.758 -12.054 -11.192 -11.193
-8.645 -8.892 -12.051 -11.336 -11.336
-11.624 -11.670 -11.761 -11.516 -11.516
-7.798 -7.807 -7.925 -7.718 -7.489
-7.381 -7.850 -7.900 -7.623 -7.534
-13.852 -13.791 -22.813 -22.678 -22.242
-2.969 -4.108 -19.943 -19.232 -19.045
-15.127 -15.107 -15.889 -15.487 -15.153
-3.879 -3.815 -3.858 -3.751 -3.751
-3.687 -3.728 -3.771 -3.772 -3.688
-3.918 -3.852 -3.862 -3.742 -3.741
-3.981 -3.851 -3.887 -3.825 -3.772
-3.603 -3.577 -3.825 -3.694 -3.728
-7.696 -7.726 -7.814 -7.536 -7.475
-0.900 -0.968 -1.656 -1.794 -1.785
-21.985 -23.534 -23.418 -22.892 -22.892
-7.852 -7.878 -7.922 -7.770 -7.558
-7.660 -7.708 -7.899 -7.603 -7.603
-8.154 -8.171 -7.714 -7.645 -7.622
-7.580 -7.562 -7.878 -7.505 -7.505
-7.650 -7.645 -7.872 -7.643 -7.539
-5.763 -5.746 -5.842 -5.622 -5.608
-7.386 -7.781 -7.895 -7.766 -7.588
-8.036 -7.804 -7.642 -7.650 -7.635
-5.899 -5.931 -5.978 -5.691 -5.653
-5.674 -5.678 -5.834 -5.829 -5.643
-5.032 -5.102 -5.256 -5.030 -5.029
-8.152 -8.120 -7.649 -7.649 -7.635
-5.780 -5.770 -5.809 -5.667 -5.667
-5.780 -5.736 -5.928 -5.585 -5.585
-5.814 -5.659 -6.052 -5.605 -5.605
-5.693 -5.704 -5.752 -5.548 -5.547
-5.657 -5.612 -5.700 -5.813 -5.580
-5.752 -5.717 -5.919 -5.618 -5.618
-5.683 -5.736 -5.841 -5.662 -5.608
-5.657 -5.715 -5.838 -5.602 -5.617
-5.886 -5.895 -5.792 -5.661 -5.661
-5.887 -5.627 -5.864 -5.699 -5.695
-5.750 -5.733 -5.839 -5.600 -5.612
-3.866 -3.856 -3.992 -3.729 -3.756
-3.949 -3.694 -3.818 -3.733 -3.796
-3.971 -3.852 -3.777 -3.708 -3.853
-3.804 -3.874 -4.008 -3.719 -3.755
-3.752 -3.740 -3.911 -3.619 -3.592
-3.800 -3.843 -4.003 -3.754 -3.761
-3.911 -3.899 -3.975 -3.710 -3.747
-3.865 -3.850 -3.890 -3.737 -3.759
-7.831 -7.511 -7.993 -7.447 -7.447
-3.907 -3.862 -4.007 -3.738 -3.767
-5.912 -5.758 -5.977 -5.663 -5.662
-5.655 -5.660 -5.764 -5.612 -5.674
-3.877 -3.832 -3.823 -3.723 -3.723
-3.943 -3.868 -3.956 -3.718 -3.718
-3.563 -3.981 -3.779 -3.711 -3.854
-3.911 -3.895 -3.958 -3.731 -3.840
-2.044 -1.818 -1.822 -1.839 -1.835
-2.043 -1.767 -1.823 -1.860 -1.900
-3.874 -3.867 -3.916 -3.752 -3.752
-5.836 -5.496 -5.833 -5.657 -5.657
-3.949 -3.976 -3.828 -3.710 -3.718
-3.909 -3.856 -3.928 -3.750 -3.750
-3.907 -3.887 -3.815 -3.759 -3.750
-15.357 -15.461 -15.620 -15.626 -15.149
-12.595 -12.620 -13.739 -13.505 -13.366
-9.882 -10.027 -15.237 -14.926 -14.810
-15.274 -15.312 -15.512 -15.513 -15.119
-15.524 -15.538 -15.629 -15.630 -15.160
-14.302 -14.298 -15.161 -15.235 -14.877
-14.304 -14.268 -15.581 -15.633 -15.167
-15.201 -15.143 -15.428 -14.954 -14.953
-22.255 -22.382 -22.524 -22.528 -22.242
-15.320 -15.108 -15.815 -15.320 -15.005
-15.142 -15.170 -15.350 -14.901 -14.819
-13.435 -12.944 -12.631 -12.558 -12.557
-13.599 -13.593 -13.728 -13.531 -13.344
-13.920 -13.901 -13.409 -13.357 -13.357
-11.320 -11.316 -11.542 -11.173 -11.173
-11.625 -11.611 -11.714 -11.682 -11.325
-11.731 -11.773 -11.943 -11.470 -11.462
-9.833 -9.508 -9.609 -9.554 -9.554
-9.323 -9.476 -9.369 -9.370 -9.354
-8.832 -8.978 -9.621 -9.444 -9.443
-8.175 -7.820 -7.634 -7.642 -7.610
-17.712 -17.267 -22.956 -22.799 -22.798
-21.924 -22.001 -22.206 -22.044 -22.044
-6.850 -6.890 -7.162 -7.168 -6.977
-15.761 -15.649 -15.969 -15.346 -15.109
-6.966 -7.043 -7.361 -7.382 -7.299
-7.715 -7.748 -7.844 -7.696 -7.576
-10.654 -7.332 -10.325 -9.443 -9.443
-7.597 -7.617 -7.682 -7.494 -7.494
-7.792 -7.779 -7.916 -7.508 -7.508
-7.481 -7.530 -7.680 -7.486 -7.369
-7.639 -7.602 -7.802 -7.582 -7.518
-6.952 -7.082 -7.415 -7.528 -7.316
-5.772 -5.769 -5.839 -5.810 -5.702
-5.721 -5.705 -5.842 -5.599 -5.613
-5.899 -5.931 -5.978 -5.691 -5.653
-17.526 -17.692 -17.875 -18.125 -18.124
-13.704 -13.749 -15.543 -15.225 -15.000
-13.703 -13.732 -14.319 -14.345 -13.918
-15.646 -15.637 -15.806 -15.318 -15.036
-5.267 -5.585 -7.671 -7.780 -7.606
-13.564 -13.617 -13.740 -13.519 -13.357
-7.772 -7.727 -7.769 -7.571 -7.571
-11.078 -11.091 -11.253 -11.280 -11.280
-10.241 -10.257 -11.933 -11.467 -11.459
-11.014 -11.053 -11.813 -11.420 -11.420
-11.716 -11.209 -11.733 -11.354 -11.319
-9.853 -9.725 -9.785 -9.554 -9.554
-8.496 -8.688 -9.362 -9.103 -9.102
-7.607 -7.636 -7.989 -7.539 -7.518
-14.819 -14.877 -23.172 -22.200 -22.200
-15.961 -16.339 -17.489 -16.778 -16.777
-3.879 -3.815 -3.858 -3.751 -3.751
-3.687 -3.728 -3.771 -3.772 -3.688
-3.918 -3.852 -3.862 -3.742 -3.741
-14.742 -14.747 -14.926 -14.926 -14.668
-3.981 -3.851 -3.887 -3.825 -3.772
-3.603 -3.577 -3.825 -3.694 -3.728
-8.705 -8.562 -9.639 -9.368 -9.368
-7.292 -7.390 -7.679 -7.452 -7.451
-0.900 -0.968 -1.656 -1.794 -1.785
-2.043 -1.767 -1.823 -1.860 -1.900
-7.786 -7.842 -7.899 -7.623 -7.623
-7.182 -7.329 -7.745 -7.341 -7.341
-7.159 -7.634 -7.785 -7.488 -7.428
-5.657 -5.646 -5.841 -5.597 -5.617
-7.473 -7.455 -7.629 -7.665 -7.459
-7.602 -7.611 -7.732 -7.502 -7.435
-5.919 -5.900 -5.916 -5.652 -5.652
-5.811 -5.728 -5.976 -5.582 -5.582
-5.632 -5.673 -5.779 -5.595 -5.680
-5.834 -5.873 -5.859 -5.697 -5.692
-5.737 -5.590 -5.716 -5.624 -5.596
-7.839 -8.098 -7.714 -7.645 -7.620
-5.712 -5.731 -5.840 -5.603 -5.620
-5.768 -5.843 -5.920 -5.617 -5.617
-5.760 -5.762 -5.835 -5.598 -5.614
-4.893 -5.039 -5.769 -5.637 -5.637
-5.813 -5.726 -5.982 -5.615 -5.616
-5.091 -5.081 -5.129 -5.790 -5.543
-3.714 -3.739 -3.983 -3.828 -3.670
-3.882 -3.894 -3.927 -3.749 -3.750
-3.915 -3.924 -3.968 -3.806 -3.840
-7.278 -7.720 -7.789 -7.430 -7.448
-3.863 -3.904 -3.771 -3.775 -3.852
-3.881 -3.815 -3.802 -3.688 -3.758
-5.732 -5.741 -5.919 -5.614 -5.614
-5.948 -5.851 -5.871 -5.632 -5.619
-5.807 -5.745 -5.927 -5.660 -5.660
-3.751 -3.772 -3.909 -3.763 -3.737
-3.911 -3.903 -3.970 -3.723 -3.833
-3.851 -3.914 -3.974 -3.822 -3.766
-3.911 -3.882 -3.893 -3.723 -3.784
-3.957 -3.916 -3.991 -3.719 -3.761
-5.135 -5.129 -5.286 -5.287 -5.042
-3.879 -3.840 -3.913 -3.752 -3.752
-3.831 -3.790 -3.931 -3.752 -3.752
-3.885 -3.942 -4.008 -3.740 -3.774
-3.794 -3.810 -3.864 -3.695 -3.695
-7.719 -7.738 -7.853 -7.580 -7.472
-3.988 -3.871 -4.011 -3.756 -3.769
-7.732 -7.674 -7.804 -7.809 -7.584
-3.765 -3.869 -3.886 -3.872 -3.724
-3.745 -3.707 -3.968 -3.824 -3.745
-3.851 -3.850 -3.791 -3.724 -3.852
-5.815 -5.793 -5.974 -5.584 -5.583
-2.044 -1.807 -1.878 -1.912 -1.921
-3.855 -3.906 -3.852 -3.766 -3.688
-15.357 -15.461 -15.620 -15.626 -15.149
-13.599 -13.593 -13.728 -13.531 -13.344
-20.931 -21.155 -23.403 -23.084 -23.083
-19.023 -19.098 -23.417 -23.108 -22.789
-13.447 -13.189 -19.469 -19.432 -19.126
-18.956 -19.260 -19.468 -18.697 -18.696
-17.900 -17.108 -17.787 -17.154 -17.153
-13.970 -14.202 -14.732 -14.535 -14.900
-15.370 -15.347 -15.467 -15.241 -15.091
-14.304 -14.307 -15.595 -15.600 -15.132
-15.524 -15.497 -15.626 -15.627 -15.152
-14.603 -15.172 -15.824 -15.431 -15.042
-15.529 -15.494 -15.631 -15.632 -15.175
-15.381 -15.448 -15.995 -15.333 -15.250
-13.762 -13.808 -13.661 -13.174 -13.109
-13.784 -13.891 -13.480 -13.483 -13.359
-11.209 -11.280 -11.815 -11.424 -11.424
-10.202 -10.340 -11.952 -11.114 -11.114
-11.946 -12.004 -12.102 -11.318 -11.318
-9.920 -9.877 -12.112 -11.221 -11.222
-10.527 -10.374 -10.311 -10.325 -10.325
-10.866 -10.970 -11.415 -11.199 -11.199
-8.708 -9.783 -10.875 -10.480 -10.471
-6.850 -6.890 -7.162 -7.168 -6.977
-6.952 -7.082 -7.415 -7.528 -7.316
-6.966 -7.043 -7.361 -7.382 -7.299
-7.715 -7.748 -7.844 -7.696 -7.576
-14.392 -14.396 -15.068 -14.749 -14.749
-11.743 -11.742 -11.940 -11.468 -11.465
-11.132 -11.153 -11.505 -11.717 -11.331
-10.396 -11.611 -11.658 -11.172 -11.172
-11.731 -11.815 -11.949 -11.473 -11.464
-11.689 -11.772 -11.918 -11.462 -11.455
-7.882 -7.595 -7.767 -7.499 -7.498
-6.013 -6.690 -7.604 -7.479 -7.415
-7.849 -7.519 -7.655 -7.655 -7.655
-6.912 -7.467 -7.880 -7.489 -7.448
-8.193 -7.735 -7.639 -7.640 -7.641
-7.796 -7.765 -7.902 -7.652 -7.550
-7.244 -7.727 -7.914 -7.680 -7.552
-7.475 -7.542 -7.551 -7.534 -7.404
-7.085 -7.284 -7.478 -7.529 -7.256
-7.504 -7.621 -7.860 -7.585 -7.477
-8.116 -7.708 -7.680 -7.648 -7.623
-4.372 -5.949 -7.582 -7.646 -7.455
-6.794 -7.097 -7.164 -7.170 -6.962
-5.772 -5.769 -5.839 -5.810 -5.702
-5.721 -5.705 -5.842 -5.599 -5.613
-15.421 -15.433 -15.579 -15.325 -15.095
-23.372 -23.589 -23.907 -22.858 -22.940
-15.217 -15.373 -23.412 -23.084 -22.558
-11.067 -11.133 -11.404 -11.044 -11.045
-7.928 -7.991 -11.798 -11.425 -11.425
-9.770 -9.800 -9.941 -9.550 -9.549
-7.444 -7.626 -7.972 -7.536 -7.448
-3.882 -3.894 -3.927 -3.749 -3.750
-3.687 -3.728 -3.771 -3.772 -3.688
-3.918 -3.852 -3.862 -3.742 -3.741
-3.981 -3.851 -3.887 -3.825 -3.772
-19.468 -19.760 -19.500 -19.058 -19.058
-0.900 -0.968 -1.656 -1.794 -1.785
-7.360 -7.097 -9.942 -9.552 -9.551
-2.043 -1.767 -1.823 -1.860 -1.900
-2.044 -1.807 -1.878 -1.912 -1.921
-8.160 -7.916 -7.644 -7.644 -7.616
-7.383 -7.830 -7.905 -7.612 -7.612
-7.976 -7.491 -7.768 -7.570 -7.570
-7.842 -7.851 -7.946 -7.628 -7.629
-7.154 -7.661 -7.925 -7.654 -7.654
-7.438 -7.388 -7.652 -7.500 -7.422
-5.657 -5.708 -5.839 -5.601 -5.619
-5.656 -5.662 -5.762 -5.611 -5.672
-5.887 -5.856 -5.920 -5.617 -5.617
-5.660 -5.762 -5.771 -5.648 -5.648
-5.630 -5.762 -5.856 -5.701 -5.692
-3.745 -3.761 -3.824 -3.738 -3.716
-5.254 -5.263 -5.872 -5.676 -5.675
-5.853 -5.618 -5.852 -5.663 -5.663
-3.928 -3.864 -3.792 -3.733 -3.825
-5.841 -5.697 -5.859 -5.648 -5.648
-5.986 -5.892 -5.834 -5.601 -5.601
-5.034 -5.108 -5.310 -5.278 -5.026
-5.865 -5.523 -5.870 -5.675 -5.675
-5.524 -5.478 -5.844 -5.622 -5.631
-5.906 -5.827 -5.840 -5.619 -5.634
-5.615 -5.818 -5.917 -5.650 -5.650
-5.783 -5.511 -5.911 -5.680 -5.629
-3.874 -3.875 -3.930 -3.752 -3.752
-3.885 -3.836 -3.927 -3.752 -3.752
-3.939 -3.905 -3.899 -3.741 -3.754
-3.875 -3.855 -3.909 -3.750 -3.750
-3.978 -3.902 -3.984 -3.772 -3.834
-3.754 -3.745 -3.891 -3.693 -3.758
-3.413 -3.399 -3.885 -3.683 -3.682
-3.911 -3.941 -3.821 -3.725 -3.797
-7.721 -7.748 -7.902 -7.728 -7.570
-3.908 -3.884 -3.924 -3.750 -3.750
-5.811 -5.759 -5.822 -5.674 -5.674
-5.937 -5.770 -5.777 -5.655 -5.655
-5.894 -5.854 -5.854 -5.657 -5.657
-3.890 -3.832 -3.954 -3.730 -3.730
-3.356 -3.586 -3.836 -3.712 -3.747
-1.581 -1.645 -1.839 -1.852 -1.842
-3.851 -3.855 -3.985 -3.828 -3.668
-8.052 -7.250 -7.649 -7.649 -7.635
-3.877 -3.844 -3.927 -3.751 -3.750
-5.162 -5.664 -5.778 -5.576 -5.576
-3.892 -3.897 -3.929 -3.752 -3.752
-5.536 -5.483 -5.871 -5.636 -5.623
-3.994 -3.912 -3.973 -3.817 -3.758
-3.879 -3.850 -3.883 -3.755 -3.755
-2.046 -1.850 -1.829 -1.850 -1.886
-15.357 -15.461 -15.620 -15.626 -15.149
-13.599 -13.593 -13.728 -13.531 -13.344
-6.850 -6.890 -7.162 -7.168 -6.977
-6.952 -7.082 -7.415 -7.528 -7.316
-6.966 -7.043 -7.361 -7.382 -7.299
-7.715 -7.748 -7.844 -7.696 -7.576
-8.193 -7.735 -7.639 -7.640 -7.641
-5.865 -5.852 -5.792 -5.661 -5.661
-20.825 -20.894 -21.180 -21.081 -20.668
-19.491 -19.768 -23.946 -23.368 -22.815
-18.893 -20.046 -21.291 -20.735 -20.735
-16.784 -16.842 -19.231 -19.335 -19.057
-14.605 -14.895 -15.788 -15.507 -15.023
-15.522 -15.491 -15.624 -15.625 -15.151
-15.522 -15.560 -15.630 -15.630 -15.159
-10.235 -10.010 -23.581 -22.307 -22.280
-20.936 -20.928 -21.205 -20.686 -20.686
-5.883 -5.782 -5.669 -5.665 -5.664
-10.883 -11.225 -11.634 -11.256 -11.190
-9.173 -9.173 -9.940 -9.583 -9.583
-9.833 -9.845 -9.818 -9.527 -9.527
-5.772 -5.769 -5.839 -5.810 -5.702
-9.710 -9.749 -9.867 -9.414 -9.413
-9.789 -9.850 -9.808 -9.569 -9.569
-9.732 -9.811 -9.695 -9.575 -9.575
-8.375 -8.425 -9.029 -8.732 -8.732
-9.843 -9.836 -9.803 -9.552 -9.552
-9.843 -9.833 -9.805 -9.583 -9.582
-7.560 -7.601 -7.918 -7.507 -7.507
-7.476 -7.500 -8.074 -7.351 -7.351
-7.182 -7.633 -7.794 -7.491 -7.438
-7.317 -7.673 -7.900 -7.674 -7.608
-7.773 -7.635 -7.641 -7.646 -7.634
-7.414 -7.867 -7.909 -7.620 -7.619
-7.867 -7.811 -7.925 -7.809 -7.574
-8.161 -7.881 -7.648 -7.649 -7.626
-7.953 -7.464 -7.767 -7.570 -7.570
-7.311 -7.788 -7.906 -7.672 -7.606
-7.835 -7.310 -7.648 -7.649 -7.634
-5.760 -5.786 -5.836 -5.609 -5.607
-5.617 -5.735 -5.659 -5.659 -5.659
-5.807 -5.786 -5.888 -5.648 -5.648
-5.721 -5.705 -5.842 -5.599 -5.613
-3.851 -3.855 -3.985 -3.828 -3.668
-3.892 -3.897 -3.929 -3.752 -3.752
-3.981 -3.851 -3.887 -3.825 -3.772
-13.777 -13.904 -14.918 -14.919 -14.729
-15.184 -15.261 -15.498 -15.026 -14.815
-14.040 -13.697 -13.586 -13.409 -13.393
-0.900 -0.968 -1.656 -1.794 -1.785
-2.043 -1.767 -1.823 -1.860 -1.900
-2.044 -1.807 -1.878 -1.912 -1.921
-10.168 -10.226 -10.808 -9.968 -9.969
-8.630 -9.249 -9.881 -9.421 -9.421
-7.279 -7.579 -7.908 -7.575 -7.525
-7.689 -7.716 -7.653 -7.610 -7.514
-7.795 -7.848 -7.913 -7.643 -7.585
-5.727 -5.785 -5.884 -5.592 -5.591
-9.701 -8.873 -9.384 -8.986 -8.986
-7.802 -7.747 -7.916 -7.642 -7.543
-20.031 -20.066 -20.300 -19.903 -19.903
-16.088 -16.198 -15.358 -15.359 -15.358
-5.577 -5.836 -5.917 -5.613 -5.613
-5.845 -5.790 -5.915 -5.614 -5.614
-5.026 -5.098 -5.870 -5.579 -5.579
-5.483 -5.332 -5.960 -5.559 -5.770
-5.657 -5.657 -5.756 -5.611 -5.673
-5.657 -5.684 -5.718 -5.790 -5.617
-5.718 -5.663 -5.805 -5.568 -5.567
-5.695 -5.700 -5.836 -5.837 -5.693
-5.742 -5.713 -5.828 -5.616 -5.603
-5.877 -5.856 -5.917 -5.650 -5.649
-5.920 -5.882 -5.907 -5.614 -5.614
-5.871 -5.864 -5.916 -5.659 -5.659
-3.943 -3.907 -3.818 -3.676 -3.761
-2.731 -3.783 -3.893 -3.702 -3.762
-3.579 -3.742 -3.737 -3.748 -3.767
-3.851 -3.865 -3.946 -3.738 -3.801
-3.885 -3.825 -3.877 -3.749 -3.749
-3.911 -3.858 -3.800 -3.726 -3.830
-3.877 -3.871 -3.858 -3.746 -3.753
-3.909 -3.878 -3.891 -3.723 -3.810
-3.949 -3.752 -3.871 -3.718 -3.747
-3.874 -3.736 -3.806 -3.714 -3.865
-3.582 -3.766 -3.827 -3.721 -3.794
-3.846 -3.717 -3.800 -3.739 -3.774
-3.899 -3.869 -3.977 -3.726 -3.852
-3.801 -3.788 -3.782 -3.740 -3.703
-5.841 -5.782 -5.871 -5.675 -5.674
-1.581 -1.684 -2.067 -1.954 -1.954
-2.041 -1.790 -1.907 -1.842 -1.837
-5.453 -5.737 -5.967 -5.603 -5.603
-4.008 -3.917 -3.784 -3.717 -3.839
-3.923 -3.866 -3.936 -3.817 -3.747
-3.683 -3.638 -3.736 -3.737 -3.732
-3.947 -3.947 -3.892 -3.732 -3.795
-2.044 -1.834 -1.874 -1.914 -1.923
-1.852 -1.744 -1.811 -1.851 -1.832
-15.357 -15.461 -15.620 -15.626 -15.149
-13.599 -13.593 -13.728 -13.531 -13.344
-6.850 -6.890 -7.162 -7.168 -6.977
-6.952 -7.082 -7.415 -7.528 -7.316
-6.966 -7.043 -7.361 -7.382 -7.299
-7.715 -7.748 -7.844 -7.696 -7.576
-13.390 -13.527 -16.496 -16.572 -16.475
-15.795 -15.889 -17.598 -17.008 -17.007
-14.167 -15.689 -15.835 -15.013 -15.012
-15.362 -15.353 -15.526 -15.247 -15.246
-15.521 -15.472 -15.625 -15.630 -15.158
-10.782 -11.016 -11.661 -11.561 -11.173
-11.865 -12.005 -11.336 -11.337 -11.337
-9.169 -9.224 -9.649 -9.475 -9.474
-9.294 -9.380 -9.820 -9.525 -9.525
-8.890 -9.061 -9.291 -9.073 -9.074
-7.815 -7.830 -7.906 -7.528 -7.489
-6.779 -6.758 -7.787 -7.591 -7.497
-8.161 -8.193 -7.771 -7.571 -7.570
-7.436 -7.460 -7.951 -7.655 -7.598
-7.851 -7.790 -7.918 -7.827 -7.568
-7.182 -7.667 -7.723 -7.511 -7.510
-7.436 -7.450 -7.783 -7.547 -7.510
-7.306 -7.626 -7.777 -7.676 -7.606
-8.155 -7.871 -7.710 -7.645 -7.619
-7.414 -7.864 -7.913 -7.680 -7.575
-7.867 -7.867 -7.928 -7.772 -7.558
-7.866 -7.798 -7.929 -7.697 -7.532
-7.791 -7.798 -7.920 -7.775 -7.563
-7.796 -7.785 -7.882 -7.612 -7.499
-7.613 -7.644 -7.654 -7.489 -7.521
-7.497 -7.605 -7.663 -7.469 -7.470
-5.893 -5.896 -5.827 -5.649 -5.649
-5.670 -5.794 -5.833 -5.677 -5.676
-16.821 -17.263 -19.487 -18.672 -18.672
-11.368 -11.007 -12.220 -12.442 -12.363
-5.880 -5.848 -5.921 -5.651 -5.650
-11.471 -11.517 -11.741 -11.353 -11.246
-5.772 -5.769 -5.839 -5.810 -5.702
-5.721 -5.705 -5.842 -5.599 -5.613
-4.205 -5.035 -19.373 -19.157 -19.157
-9.270 -9.268 -11.937 -11.469 -11.462
-8.134 -7.807 -7.709 -7.644 -7.576
-7.182 -7.627 -7.768 -7.513 -7.513
-7.415 -7.813 -7.899 -7.642 -7.567
-7.780 -7.806 -7.893 -7.638 -7.529
-5.833 -5.838 -5.844 -5.624 -5.623
-17.936 -17.830 -18.370 -17.667 -17.666
-15.439 -15.413 -15.864 -15.257 -15.051
-14.050 -14.123 -15.636 -15.196 -15.196
-14.635 -14.701 -15.020 -15.026 -14.868
-7.809 -7.549 -7.892 -7.702 -7.554
-5.617 -5.753 -6.092 -5.572 -5.571
-13.562 -13.649 -13.737 -13.504 -13.368
-9.329 -9.343 -9.944 -9.576 -9.576
-9.210 -9.279 -9.368 -9.119 -9.118
-3.851 -3.855 -3.985 -3.828 -3.668
-3.892 -3.897 -3.929 -3.752 -3.752
-3.981 -3.851 -3.887 -3.825 -3.772
-0.900 -0.968 -1.656 -1.794 -1.785
-2.043 -1.767 -1.823 -1.860 -1.900
-2.041 -1.790 -1.907 -1.842 -1.837
-2.044 -1.807 -1.878 -1.912 -1.921
-5.428 -5.521 -5.869 -5.632 -5.616
-5.805 -5.755 -5.900 -5.650 -5.675
-5.832 -5.520 -5.911 -5.640 -5.640
-5.746 -5.394 -5.859 -5.699 -5.691
-5.779 -5.837 -5.854 -5.673 -5.673
-4.465 -4.464 -5.291 -5.188 -5.188
-5.920 -5.850 -5.977 -5.700 -5.658
-5.657 -5.662 -5.765 -5.587 -5.586
-5.750 -5.662 -5.851 -5.630 -5.618
-5.824 -5.734 -5.790 -5.668 -5.668
-5.674 -5.737 -5.970 -5.650 -5.673
-3.803 -3.763 -3.814 -3.693 -3.693
-3.879 -3.930 -3.891 -3.729 -3.773
-3.891 -3.671 -3.811 -3.758 -3.756
-3.838 -3.765 -3.913 -3.752 -3.752
-3.768 -3.764 -3.844 -3.745 -3.705
-3.786 -3.663 -3.856 -3.764 -3.687
-3.746 -3.771 -3.885 -3.682 -3.682
-3.929 -3.912 -3.952 -3.815 -3.773
-3.615 -3.805 -3.918 -3.752 -3.752
-3.911 -3.853 -3.985 -3.715 -3.745
-3.910 -3.850 -3.947 -3.733 -3.806
-3.886 -3.855 -3.930 -3.750 -3.750
-3.928 -3.898 -3.787 -3.815 -3.781
-5.657 -5.658 -5.691 -5.735 -5.665
-5.657 -5.683 -5.841 -5.551 -5.551
-3.874 -3.817 -3.928 -3.752 -3.751
-5.862 -5.800 -6.054 -5.606 -5.606
-5.750 -5.761 -5.834 -5.625 -5.647
-5.931 -5.689 -5.918 -5.668 -5.668
-3.923 -3.892 -4.005 -3.751 -3.757
-3.968 -3.924 -3.801 -3.732 -3.802
-3.800 -3.772 -3.877 -3.873 -3.730
-3.734 -3.669 -3.941 -3.741 -3.786
-3.970 -3.816 -3.898 -3.715 -3.776
-3.851 -3.799 -3.793 -3.731 -3.836
-3.482 -3.814 -3.948 -3.956 -3.728
-3.882 -3.827 -3.931 -3.750 -3.750
-3.879 -3.881 -3.905 -3.754 -3.753
-3.877 -3.859 -3.927 -3.750 -3.750
-3.921 -3.892 -3.889 -3.734 -3.789
-5.655 -5.670 -5.836 -5.829 -5.652
-1.924 -1.958 -1.852 -1.831 -1.868
-15.521 -15.472 -15.625 -15.630 -15.158
-13.599 -13.593 -13.728 -13.531 -13.344
-20.089 -20.619 -22.873 -22.717 -22.617
-22.669 -22.785 -23.050 -22.625 -22.316
-20.916 -21.222 -21.393 -21.319 -21.292
-15.282 -15.445 -15.595 -15.217 -15.217
-13.205 -13.251 -14.999 -14.735 -14.734
-14.834 -14.839 -15.218 -15.218 -14.819
-15.523 -15.510 -15.626 -15.627 -15.157
-14.302 -14.259 -14.384 -14.385 -14.193
-18.807 -19.020 -19.522 -19.532 -19.533
-6.850 -6.890 -7.162 -7.168 -6.977
-6.952 -7.082 -7.415 -7.528 -7.316
-6.966 -7.043 -7.361 -7.382 -7.299
-13.549 -13.520 -13.737 -13.535 -13.356
-13.489 -13.533 -13.471 -13.479 -13.356
-7.414 -7.769 -7.913 -7.621 -7.621
-10.666 -11.287 -11.612 -11.269 -11.166
-10.682 -11.295 -11.486 -11.246 -11.246
-11.625 -11.616 -11.904 -11.467 -11.448
-11.735 -11.797 -11.958 -11.494 -11.430
-9.817 -9.798 -9.940 -9.399 -9.380
-7.579 -7.613 -7.709 -7.532 -7.393
-7.890 -7.834 -8.011 -7.315 -7.316
-6.228 -6.023 -7.824 -7.747 -7.548
-7.308 -7.518 -7.855 -7.641 -7.536
-7.820 -7.498 -7.649 -7.651 -7.638
-7.611 -7.562 -7.733 -7.501 -7.404
-5.772 -5.769 -5.839 -5.810 -5.702
-19.747 -19.899 -23.252 -23.001 -22.860
-17.207 -17.673 -19.482 -19.122 -19.122
-14.603 -15.060 -15.769 -15.396 -15.165
-15.524 -15.523 -15.626 -15.627 -15.153
-14.761 -14.798 -15.532 -15.009 -15.009
-11.035 -11.059 -11.464 -11.117 -11.116
-15.527 -15.508 -15.631 -15.632 -15.163
-14.602 -15.478 -15.544 -15.579 -15.182
-9.773 -9.845 -9.816 -9.531 -9.531
-9.772 -9.517 -9.802 -9.527 -9.527
-9.070 -9.113 -9.939 -9.549 -9.549
-6.719 -6.646 -8.082 -7.359 -7.359
-5.974 -5.896 -7.704 -7.656 -7.655
-7.786 -7.775 -7.869 -7.654 -7.528
-7.867 -7.802 -7.922 -7.690 -7.531
-7.851 -7.828 -7.921 -7.790 -7.564
-3.851 -3.855 -3.985 -3.828 -3.668
-3.892 -3.897 -3.929 -3.752 -3.752
-3.879 -3.881 -3.905 -3.754 -3.753
-3.734 -3.669 -3.941 -3.741 -3.786
-3.981 -3.851 -3.887 -3.825 -3.772
-13.427 -14.762 -14.923 -14.924 -14.673
-15.396 -15.392 -15.545 -15.551 -15.106
-15.153 -15.192 -15.595 -15.334 -15.134
-0.900 -0.968 -1.656 -1.794 -1.785
-2.043 -1.767 -1.823 -1.860 -1.900
-7.851 -7.811 -7.926 -7.698 -7.531
-2.041 -1.790 -1.907 -1.842 -1.837
-2.044 -1.807 -1.878 -1.912 -1.921
-7.317 -7.660 -7.904 -7.729 -7.582
-7.181 -7.673 -7.750 -7.463 -7.472
-7.306 -7.883 -7.971 -7.771 -7.600
-7.160 -7.164 -7.349 -7.374 -7.285
-7.789 -7.785 -7.879 -7.626 -7.625
-7.377 -7.702 -7.911 -7.702 -7.543
-7.766 -7.553 -7.817 -7.554 -7.660
-5.701 -5.747 -5.717 -5.617 -5.569
-5.679 -5.649 -5.758 -5.548 -5.548
-5.735 -5.952 -6.013 -5.559 -5.753
-7.772 -7.716 -7.642 -7.653 -7.649
-5.833 -5.849 -5.841 -5.659 -5.659
-5.513 -5.622 -5.599 -5.579 -5.724
-5.833 -5.785 -5.908 -5.665 -5.666
-7.803 -7.840 -7.915 -7.656 -7.584
-5.862 -5.846 -5.927 -5.655 -5.654
-5.765 -5.700 -5.919 -5.650 -5.650
-3.986 -3.794 -3.884 -3.825 -3.772
-3.916 -3.932 -3.959 -3.718 -3.834
-3.856 -3.813 -4.051 -3.718 -3.808
-3.896 -3.881 -4.004 -3.740 -3.775
-7.349 -7.524 -7.638 -7.452 -7.410
-7.852 -7.779 -7.867 -7.705 -7.577
-5.396 -5.411 -5.783 -5.621 -5.567
-3.984 -3.683 -3.886 -3.798 -3.747
-3.841 -3.819 -3.918 -3.752 -3.752
-3.880 -3.835 -3.915 -3.752 -3.752
-3.885 -3.825 -3.955 -3.728 -3.728
-3.882 -3.799 -3.856 -3.740 -3.740
-5.782 -5.626 -5.968 -5.629 -5.629
-5.919 -5.826 -5.925 -5.656 -5.655
-5.800 -5.642 -6.080 -5.564 -5.783
-3.851 -3.878 -3.889 -3.719 -3.786
-3.877 -3.834 -3.927 -3.752 -3.752
-3.861 -3.898 -3.895 -3.723 -3.723
-3.886 -3.604 -3.769 -3.692 -3.812
-3.731 -3.706 -3.753 -3.784 -3.698
-3.840 -3.718 -4.010 -3.744 -3.776
-2.025 -1.800 -1.871 -1.914 -1.918
-2.050 -1.830 -1.823 -1.913 -1.917
-5.492 -5.444 -5.973 -5.674 -5.697
-3.888 -3.850 -3.928 -3.752 -3.752
-3.844 -3.843 -3.955 -3.956 -3.733
-3.862 -3.800 -3.713 -3.718 -3.724
-2.044 -1.759 -1.834 -1.835 -1.856
-3.876 -3.772 -3.917 -3.753 -3.752
-15.521 -15.472 -15.625 -15.630 -15.158
-13.599 -13.593 -13.728 -13.531 -13.344
-6.850 -6.890 -7.162 -7.168 -6.977
-6.952 -7.082 -7.415 -7.528 -7.316
-6.966 -7.043 -7.361 -7.382 -7.299
-15.504 -15.350 -15.578 -14.821 -14.823
-15.219 -15.337 -15.612 -15.215 -15.215
-13.981 -14.137 -14.533 -14.535 -14.646
-14.817 -14.917 -15.784 -15.586 -15.210
-13.703 -14.169 -14.346 -14.374 -13.927
-13.704 -13.743 -14.327 -14.356 -13.905
-14.910 -14.907 -15.598 -15.331 -15.098
-13.483 -12.888 -12.937 -12.667 -12.667
-12.878 -11.755 -13.679 -13.165 -13.165
-9.904 -9.971 -10.168 -10.367 -10.366
-11.722 -11.760 -11.960 -11.463 -11.467
-19.011 -18.940 -23.413 -22.944 -22.943
-17.938 -17.988 -20.360 -19.995 -19.995
-14.735 -15.487 -15.875 -15.561 -15.191
-5.231 -5.531 -5.847 -5.629 -5.664
-5.133 -5.188 -5.255 -5.251 -4.994
-11.749 -11.820 -11.921 -11.453 -11.445
-11.557 -11.607 -11.934 -11.443 -11.444
-9.809 -9.743 -9.808 -9.553 -9.553
-9.662 -9.600 -9.800 -9.371 -9.360
-7.382 -7.609 -7.911 -7.692 -7.538
-7.278 -7.735 -7.902 -7.557 -7.562
-7.181 -7.601 -7.721 -7.511 -7.511
-8.090 -7.556 -7.815 -7.554 -7.660
-7.772 -7.753 -7.633 -7.642 -7.615
-7.317 -7.723 -7.901 -7.676 -7.615
-7.172 -7.548 -7.871 -7.643 -7.539
-5.772 -5.769 -5.839 -5.810 -5.702
-20.445 -21.246 -22.471 -21.773 -21.688
-17.203 -17.181 -19.361 -18.670 -18.671
-17.305 -16.643 -16.971 -16.811 -16.605
-13.879 -13.932 -14.560 -14.725 -14.725
-14.306 -14.283 -15.274 -15.280 -14.880
-15.421 -15.442 -15.605 -15.332 -15.109
-15.527 -15.505 -15.631 -15.632 -15.161
-13.548 -13.659 -13.739 -13.575 -13.315
-22.605 -22.644 -23.119 -22.542 -22.455
-23.033 -23.206 -23.347 -23.067 -22.537
-17.604 -17.030 -17.605 -17.056 -17.056
-11.041 -10.942 -11.766 -11.454 -11.454
-9.049 -9.018 -9.443 -9.695 -9.490
-8.358 -8.435 -9.541 -9.438 -9.428
-7.777 -7.753 -7.883 -7.572 -7.509
-8.160 -7.903 -7.714 -7.645 -7.621
-7.789 -7.800 -7.913 -7.600 -7.599
-5.824 -5.779 -5.798 -5.636 -5.622
-3.851 -3.855 -3.985 -3.828 -3.668
-3.892 -3.897 -3.929 -3.752 -3.752
-3.879 -3.881 -3.905 -3.754 -3.753
-3.734 -3.669 -3.941 -3.741 -3.786
-3.731 -3.706 -3.753 -3.784 -3.698
-3.981 -3.851 -3.887 -3.825 -3.772
-15.596 -15.016 -15.685 -15.351 -15.351
-8.490 -8.679 -9.769 -9.529 -9.435
-0.900 -0.968 -1.656 -1.794 -1.785
-2.043 -1.767 -1.823 -1.860 -1.900
-2.041 -1.790 -1.907 -1.842 -1.837
-5.706 -5.629 -5.610 -5.612 -5.572
-4.893 -4.921 -5.398 -5.126 -5.126
-5.492 -5.600 -6.029 -5.580 -5.657
-5.916 -5.660 -5.518 -5.525 -5.714
-5.834 -5.623 -6.056 -5.602 -5.602
-5.878 -5.845 -5.974 -5.585 -5.584
-5.887 -5.851 -5.839 -5.659 -5.659
-3.903 -3.813 -3.885 -3.683 -3.683
-5.694 -5.673 -5.762 -5.611 -5.673
-3.655 -3.687 -3.890 -3.754 -3.703
-5.510 -5.479 -5.611 -5.614 -5.643
-5.719 -5.534 -5.840 -5.836 -5.682
-3.925 -3.947 -4.003 -3.735 -3.764
-5.751 -5.751 -5.832 -5.757 -5.681
-3.816 -3.859 -3.999 -3.722 -3.756
-3.954 -3.824 -3.966 -3.795 -3.793
-3.798 -3.755 -3.826 -3.740 -3.716
-3.885 -3.879 -3.884 -3.747 -3.751
-3.841 -3.840 -3.916 -3.704 -3.704
-3.905 -3.926 -3.889 -3.755 -3.763
-3.882 -3.854 -3.924 -3.753 -3.753
-3.947 -3.928 -3.984 -3.830 -3.789
-3.936 -3.945 -4.010 -3.741 -3.770
-3.907 -3.908 -3.889 -3.731 -3.792
-3.908 -3.930 -3.833 -3.753 -3.777
-3.910 -3.900 -3.817 -3.736 -3.808
-3.928 -3.889 -3.813 -3.741 -3.797
-5.887 -5.811 -5.557 -5.558 -5.711
-3.928 -3.757 -3.934 -3.812 -3.754
-3.911 -3.937 -3.822 -3.728 -3.802
-3.877 -3.815 -3.856 -3.754 -3.727
-3.529 -3.571 -3.891 -3.693 -3.758
-5.920 -5.809 -5.974 -5.587 -5.587
-3.875 -3.851 -3.929 -3.750 -3.750
-3.689 -3.687 -3.885 -3.693 -3.750
-3.879 -3.862 -3.972 -3.820 -3.679
-3.812 -3.724 -3.884 -3.682 -3.681
-3.684 -3.694 -3.997 -3.746 -3.754
-3.832 -3.914 -3.810 -3.716 -3.836
-3.883 -3.903 -3.927 -3.752 -3.752
-3.899 -3.853 -3.832 -3.754 -3.771
-5.839 -5.557 -5.599 -5.662 -5.662
-3.821 -3.850 -3.917 -3.752 -3.752
-1.580 -1.685 -1.808 -1.794 -1.780
-1.942 -1.785 -1.825 -1.898 -1.875
-3.864 -3.801 -3.879 -3.684 -3.683
-1.949 -1.850 -1.816 -1.915 -1.935
-15.521 -15.472 -15.625 -15.630 -15.158
-13.599 -13.593 -13.728 -13.531 -13.344
-23.520 -23.450 -23.953 -23.277 -22.787
-22.775 -22.703 -23.084 -22.548 -22.548
-14.095 -13.978 -19.265 -19.100 -19.013
-13.576 -13.838 -19.866 -19.174 -19.093
-15.576 -16.521 -17.486 -16.836 -16.742
-12.289 -12.537 -17.747 -17.226 -17.226
-14.890 -14.865 -15.452 -15.312 -15.087
-13.739 -13.794 -15.102 -14.947 -14.695
-13.739 -15.013 -15.860 -15.553 -15.058
-15.523 -15.508 -15.626 -15.627 -15.158
-13.738 -15.004 -15.855 -15.442 -15.044
-13.739 -13.785 -14.041 -14.370 -13.966
-14.786 -15.635 -15.807 -15.058 -15.059
-15.479 -15.438 -15.881 -15.402 -15.104
-7.181 -7.661 -7.728 -7.537 -7.451
-12.027 -12.100 -14.061 -13.355 -13.354
-11.026 -10.999 -11.503 -11.223 -11.223
-11.740 -11.723 -12.056 -11.195 -11.196
-9.986 -10.067 -10.174 -10.344 -10.344
-11.813 -11.854 -11.964 -11.473 -11.452
-9.709 -9.735 -11.942 -11.227 -11.227
-11.861 -11.998 -11.315 -11.315 -11.315
-11.550 -11.490 -11.825 -11.366 -11.366
-8.370 -8.227 -9.731 -9.485 -9.506
-8.889 -9.003 -9.820 -9.525 -9.525
-7.657 -7.616 -7.723 -7.506 -7.507
-7.748 -7.785 -7.920 -7.790 -7.569
-7.934 -7.851 -7.754 -7.648 -7.622
-7.812 -7.814 -7.897 -7.650 -7.555
-7.544 -7.634 -7.731 -7.387 -7.387
-7.874 -7.803 -7.987 -7.542 -7.513
-6.975 -7.226 -7.540 -7.641 -7.538
-7.766 -7.231 -7.666 -7.512 -7.511
-7.866 -7.834 -7.929 -7.772 -7.556
-7.786 -7.782 -7.903 -7.603 -7.603
-7.306 -7.585 -7.781 -7.477 -7.418
-22.746 -22.972 -22.854 -22.509 -22.507
-6.850 -6.890 -7.162 -7.168 -6.977
-6.952 -7.082 -7.415 -7.528 -7.316
-6.966 -7.043 -7.361 -7.382 -7.299
-5.772 -5.769 -5.839 -5.810 -5.702
-13.522 -13.504 -13.676 -13.211 -13.210
-13.704 -14.092 -14.334 -14.341 -13.981
-13.739 -13.797 -14.564 -14.565 -14.162
-7.181 -7.344 -7.918 -7.507 -7.507
-11.372 -11.384 -11.513 -11.437 -11.283
-8.635 -9.080 -11.936 -11.186 -11.186
-11.004 -10.976 -11.103 -10.538 -10.538
-9.664 -9.818 -9.937 -9.546 -9.547
-7.867 -7.810 -7.926 -7.709 -7.530
-3.851 -3.855 -3.985 -3.828 -3.668
-3.892 -3.897 -3.929 -3.752 -3.752
-3.879 -3.881 -3.905 -3.754 -3.753
-3.734 -3.669 -3.941 -3.741 -3.786
-3.731 -3.706 -3.753 -3.784 -3.698
-3.981 -3.851 -3.887 -3.825 -3.772
-9.763 -9.783 -9.935 -9.573 -9.573
-0.900 -0.968 -1.656 -1.794 -1.785
-2.043 -1.767 -1.823 -1.860 -1.900
-2.041 -1.790 -1.907 -1.842 -1.837
-7.188 -7.637 -7.733 -7.506 -7.506
-7.262 -7.902 -7.959 -7.780 -7.612
-7.877 -7.830 -7.948 -7.651 -7.651
-5.746 -5.745 -5.839 -5.601 -5.612
-5.817 -5.785 -5.977 -5.585 -5.585
-5.083 -5.227 -5.978 -5.703 -5.643
-5.790 -5.603 -5.664 -5.665 -5.651
-5.719 -5.708 -5.840 -5.617 -5.618
-5.681 -5.749 -6.064 -5.567 -5.789
-5.855 -5.866 -5.972 -5.584 -5.585
-5.771 -5.723 -5.837 -5.548 -5.547
-5.732 -5.676 -5.780 -5.569 -5.569
-5.693 -5.727 -5.766 -5.597 -5.675
-5.655 -5.643 -5.701 -5.744 -5.655
-3.927 -3.902 -3.951 -3.729 -3.729
-3.853 -3.844 -3.791 -3.726 -3.833
-3.926 -3.943 -4.008 -3.739 -3.768
-3.847 -3.899 -3.953 -3.729 -3.729
-3.953 -3.754 -3.766 -3.767 -3.815
-3.924 -3.753 -3.988 -3.715 -3.749
-3.903 -3.874 -3.786 -3.729 -3.848
-3.924 -3.917 -3.971 -3.808 -3.846
-3.909 -3.923 -3.824 -3.707 -3.714
-3.899 -3.859 -3.919 -3.735 -3.734
-3.749 -3.736 -3.914 -3.751 -3.751
-3.877 -3.842 -3.884 -3.723 -3.723
-3.911 -3.941 -3.927 -3.721 -3.807
-3.885 -3.845 -3.929 -3.750 -3.750
-3.798 -3.732 -3.762 -3.776 -3.692
-3.737 -3.871 -3.885 -3.756 -3.756
-3.845 -3.878 -3.918 -3.752 -3.752
-5.730 -5.735 -5.841 -5.583 -5.554
-5.146 -4.989 -5.243 -5.079 -5.080
-3.925 -3.774 -3.818 -3.720 -3.833
-4.027 -3.895 -3.953 -3.954 -3.731
-3.883 -3.897 -3.998 -3.717 -3.751
-2.051 -1.837 -1.825 -1.835 -1.886
-3.909 -3.931 -3.976 -3.807 -3.847
-2.046 -1.812 -1.818 -1.913 -1.917
-3.870 -3.780 -3.877 -3.683 -3.684
-3.885 -3.899 -3.931 -3.752 -3.752
-3.851 -3.920 -3.824 -3.733 -3.800
-3.906 -3.849 -3.983 -3.832 -3.784
-5.887 -5.821 -5.918 -5.667 -5.667
-3.537 -3.704 -3.813 -3.753 -3.767
-2.039 -1.807 -1.888 -1.905 -1.887
-15.521 -15.472 -15.625 -15.630 -15.158
-13.599 -13.593 -13.728 -13.531 -13.344
-6.850 -6.890 -7.162 -7.168 -6.977
-6.952 -7.082 -7.415 -7.528 -7.316
-6.966 -7.043 -7.361 -7.382 -7.299
-17.631 -17.769 -20.784 -20.317 -20.317
-18.901 -19.387 -22.826 -22.458 -22.460
-17.123 -17.366 -19.229 -19.006 -18.860
-14.787 -14.798 -19.170 -18.994 -18.761
-14.837 -14.822 -15.080 -14.734 -14.641
-14.654 -14.810 -14.925 -14.925 -14.671
-15.310 -15.513 -15.386 -15.386 -14.886
-8.619 -9.728 -9.759 -9.101 -9.436
-20.073 -20.745 -23.173 -22.771 -22.770
-16.219 -17.072 -17.597 -17.115 -17.115
-14.523 -15.391 -15.486 -15.017 -14.813
-13.739 -13.799 -15.585 -15.218 -14.985
-14.099 -15.242 -15.555 -15.663 -15.355
-11.701 -11.714 -11.809 -11.420 -11.419
-9.778 -9.129 -9.125 -9.158 -8.966
-9.782 -9.826 -9.808 -9.527 -9.527
-8.447 -8.322 -9.941 -9.547 -9.547
-8.965 -8.903 -9.366 -9.293 -9.135
-7.655 -7.607 -7.676 -7.470 -7.470
-7.785 -8.196 -7.630 -7.636 -7.636
-7.348 -7.416 -7.514 -7.414 -7.341
-7.287 -7.368 -7.712 -7.313 -7.313
-7.786 -7.757 -7.647 -7.648 -7.625
-7.181 -7.310 -7.733 -7.505 -7.505
-7.786 -7.763 -7.870 -7.622 -7.622
-7.789 -7.698 -7.917 -7.571 -7.571
-7.790 -7.767 -7.923 -7.720 -7.496
-7.204 -7.751 -7.892 -7.667 -7.587
-7.693 -7.728 -7.798 -7.799 -7.572
-7.332 -7.422 -7.863 -7.650 -7.565
-5.921 -5.873 -5.551 -5.560 -5.709
-16.740 -16.547 -17.655 -17.656 -17.385
-5.772 -5.769 -5.839 -5.810 -5.702
-20.479 -19.405 -23.141 -22.814 -22.754
-5.879 -5.791 -5.774 -5.661 -5.660
-19.060 -19.267 -20.424 -22.200 -21.993
-14.718 -14.735 -15.341 -14.855 -14.926
-13.704 -13.883 -14.324 -14.344 -13.928
-12.378 -13.067 -13.905 -13.177 -13.119
-12.986 -12.960 -13.253 -12.758 -12.759
-13.548 -13.634 -13.739 -13.502 -13.370
-5.089 -5.134 -5.279 -5.261 -5.032
-11.664 -11.772 -11.907 -11.454 -11.448
-9.369 -9.029 -10.135 -9.231 -9.139
-9.015 -9.739 -9.844 -9.446 -9.408
-7.307 -7.681 -7.904 -7.697 -7.595
-7.413 -7.756 -7.883 -7.616 -7.615
-5.153 -5.047 -5.293 -5.230 -4.979
-5.859 -5.822 -5.966 -5.701 -5.637
-3.851 -3.855 -3.985 -3.828 -3.668
-3.892 -3.897 -3.929 -3.752 -3.752
-3.879 -3.881 -3.905 -3.754 -3.753
-3.734 -3.669 -3.941 -3.741 -3.786
-3.798 -3.732 -3.762 -3.776 -3.692
-3.731 -3.706 -3.753 -3.784 -3.698
-3.981 -3.851 -3.887 -3.825 -3.772
-0.900 -0.968 -1.656 -1.794 -1.785
-2.043 -1.767 -1.823 -1.860 -1.900
-7.501 -7.434 -7.925 -7.721 -7.494
-5.782 -5.751 -5.839 -5.581 -5.546
-5.794 -5.506 -5.865 -5.699 -5.692
-5.822 -5.857 -5.860 -5.666 -5.666
-5.477 -5.514 -5.846 -5.619 -5.623
-5.803 -5.782 -5.917 -5.667 -5.667
-4.466 -4.289 -5.785 -5.658 -5.676
-5.919 -5.890 -5.852 -5.659 -5.660
-5.919 -5.875 -5.916 -5.618 -5.618
-3.705 -3.901 -3.953 -3.954 -3.730
-5.656 -5.658 -5.841 -5.581 -5.552
-3.794 -3.702 -3.690 -3.694 -3.727
-3.746 -3.661 -3.752 -3.802 -3.661
-3.943 -3.737 -3.793 -3.819 -3.768
-3.901 -3.860 -3.956 -3.956 -3.727
-3.635 -3.662 -3.708 -3.708 -3.710
-3.560 -3.809 -4.010 -3.741 -3.770
-3.877 -3.855 -3.914 -3.752 -3.752
-3.877 -3.853 -3.873 -3.756 -3.698
-3.875 -3.822 -3.858 -3.751 -3.751
-5.876 -5.886 -5.972 -5.645 -5.668
-3.844 -3.812 -3.881 -3.682 -3.682
-3.886 -3.855 -3.930 -3.751 -3.751
-3.883 -3.674 -3.764 -3.673 -3.798
-3.876 -3.810 -3.916 -3.752 -3.752
-3.928 -3.888 -3.783 -3.813 -3.750
-3.905 -3.904 -3.833 -3.752 -3.767
-3.843 -3.870 -3.913 -3.686 -3.685
-3.880 -3.839 -3.886 -3.747 -3.760
-5.723 -5.624 -5.835 -5.829 -5.641
-3.908 -3.780 -3.931 -3.751 -3.750
-3.899 -3.830 -3.994 -3.718 -3.744
-5.721 -5.651 -5.761 -5.583 -5.583
-3.718 -3.861 -3.835 -3.755 -3.763
-5.783 -5.506 -5.918 -5.632 -5.631
-2.040 -1.814 -1.817 -1.832 -1.884
-2.050 -1.998 -1.829 -1.841 -1.856
-2.044 -1.809 -1.826 -1.913 -1.918
-3.728 -3.714 -3.766 -3.759 -3.730
-2.050 -1.837 -1.868 -1.927 -1.911
-3.896 -3.906 -3.941 -3.725 -3.725
-3.945 -3.935 -3.964 -3.814 -3.742
-3.882 -3.826 -3.930 -3.752 -3.752
-3.838 -3.867 -3.913 -3.752 -3.752
-1.941 -1.798 -1.849 -1.914 -1.917
-1.718 -1.877 -1.801 -1.911 -1.922
-13.548 -13.634 -13.739 -13.502 -13.370
-6.850 -6.890 -7.162 -7.168 -6.977
-6.952 -7.082 -7.415 -7.528 -7.316
-6.966 -7.043 -7.361 -7.382 -7.299
-7.332 -7.422 -7.863 -7.650 -7.565
-21.967 -22.002 -22.211 -21.064 -21.066
-19.643 -19.835 -19.458 -18.983 -18.984
-20.004 -20.098 -23.255 -22.554 -22.554
-23.229 -23.417 -23.707 -23.009 -22.865
-18.997 -19.227 -19.290 -18.914 -18.913
-15.447 -15.479 -17.193 -16.518 -16.501
-14.865 -15.571 -16.080 -14.848 -14.895
-12.235 -12.054 -14.193 -13.976 -13.976
-13.704 -13.744 -14.350 -14.356 -14.006
-13.738 -13.794 -14.355 -14.373 -13.988
-13.738 -15.355 -15.505 -15.512 -15.060
-13.451 -13.574 -13.699 -13.509 -13.383
-7.524 -8.249 -9.563 -9.562 -9.301
-11.150 -10.543 -11.448 -11.259 -11.132
-11.760 -11.788 -11.495 -11.215 -11.215
-10.083 -10.630 -10.758 -10.417 -10.416
-8.476 -8.830 -9.832 -9.486 -9.435
-8.757 -9.195 -9.398 -9.071 -8.967
-9.808 -9.216 -9.665 -9.001 -9.350
-6.912 -7.734 -7.970 -7.769 -7.603
-7.804 -7.747 -7.895 -7.595 -7.542
-7.307 -7.412 -7.535 -7.543 -7.326
-7.081 -6.915 -7.158 -7.173 -6.943
-7.380 -7.397 -7.513 -7.361 -7.318
-7.851 -7.874 -7.924 -7.776 -7.559
-7.593 -7.572 -7.795 -7.492 -7.441
-7.317 -7.690 -7.901 -7.697 -7.603
-7.177 -7.616 -7.768 -7.513 -7.513
-7.440 -7.424 -7.783 -7.673 -7.604
-7.790 -7.785 -7.869 -7.622 -7.553
-22.022 -23.439 -23.606 -22.437 -22.461
-22.604 -22.547 -23.063 -22.581 -22.335
-17.851 -17.894 -19.095 -19.201 -18.938
-14.403 -13.440 -15.439 -15.343 -15.344
-14.499 -15.249 -15.328 -14.720 -14.627
-13.704 -14.934 -15.568 -15.576 -15.178
-14.291 -14.396 -15.848 -15.060 -15.060
-5.772 -5.769 -5.839 -5.810 -5.702
-5.636 -5.483 -5.865 -5.665 -5.665
-7.547 -8.028 -15.437 -14.767 -14.767
-16.104 -15.229 -15.495 -15.212 -15.034
-10.028 -10.425 -11.952 -11.113 -11.113
-11.005 -10.879 -11.724 -11.261 -11.260
-8.680 -9.220 -9.750 -9.592 -9.363
-9.779 -8.868 -9.345 -9.296 -9.434
-5.861 -5.645 -5.863 -5.663 -5.664
-14.796 -15.401 -15.802 -15.103 -15.103
-3.851 -3.855 -3.985 -3.828 -3.668
-3.892 -3.897 -3.929 -3.752 -3.752
-3.746 -3.661 -3.752 -3.802 -3.661
-3.879 -3.881 -3.905 -3.754 -3.753
-3.734 -3.669 -3.941 -3.741 -3.786
-3.798 -3.732 -3.762 -3.776 -3.692
-3.877 -3.853 -3.873 -3.756 -3.698
-0.900 -0.968 -1.656 -1.794 -1.785
-1.718 -1.877 -1.801 -1.911 -1.922
-11.558 -11.781 -11.885 -11.452 -11.443
-5.462 -5.450 -5.622 -5.599 -5.516
-5.968 -5.573 -5.853 -5.622 -5.621
-5.881 -5.709 -5.907 -5.607 -5.607
-5.609 -5.593 -5.698 -5.699 -5.597
-3.892 -3.858 -3.918 -3.752 -3.752
-3.965 -3.970 -3.972 -3.818 -3.770
-5.732 -5.676 -5.940 -5.663 -5.581
-3.876 -3.780 -3.870 -3.756 -3.697
-5.669 -5.669 -5.793 -5.643 -5.642
-5.577 -5.757 -5.972 -5.647 -5.689
-3.853 -3.878 -3.865 -3.753 -3.753
-5.760 -5.756 -5.925 -5.644 -5.645
-5.655 -5.766 -5.838 -5.600 -5.616
-5.718 -5.646 -5.766 -5.611 -5.671
-3.639 -3.840 -3.887 -3.689 -3.757
-3.983 -3.813 -3.882 -3.799 -3.748
-3.896 -3.823 -3.927 -3.750 -3.750
-3.834 -3.729 -3.875 -3.761 -3.698
-3.925 -3.819 -3.814 -3.728 -3.805
-3.797 -3.793 -3.922 -3.750 -3.750
-3.857 -3.838 -3.915 -3.752 -3.751
-3.940 -3.936 -3.946 -3.731 -3.837
-3.878 -3.895 -3.873 -3.750 -3.755
-3.911 -3.802 -3.895 -3.728 -3.817
-3.877 -3.847 -3.823 -3.756 -3.726
-3.877 -3.842 -3.912 -3.752 -3.752
-3.886 -3.864 -3.857 -3.754 -3.754
-3.893 -3.872 -3.888 -3.833 -3.752
-3.877 -3.823 -3.876 -3.756 -3.696
-3.883 -3.817 -3.851 -3.756 -3.756
-3.816 -3.827 -3.875 -3.833 -3.742
-3.856 -3.828 -3.924 -3.748 -3.749
-3.909 -3.803 -3.973 -3.822 -3.771
-5.869 -5.954 -5.784 -5.560 -5.790
-5.854 -5.870 -5.714 -5.643 -5.636
-5.741 -5.789 -5.966 -5.614 -5.683
-3.945 -3.714 -4.033 -3.750 -3.766
-3.814 -3.783 -4.049 -3.733 -3.847
-1.581 -1.659 -1.843 -1.852 -1.832
-2.035 -1.871 -1.849 -1.914 -1.918
-2.057 -1.798 -1.849 -1.897 -1.894
-2.039 -1.829 -1.856 -1.913 -1.916
-3.907 -3.918 -3.966 -3.814 -3.743
-2.056 -1.860 -1.825 -1.927 -1.936
-2.044 -1.792 -1.833 -1.843 -1.859
-3.635 -3.631 -3.672 -3.692 -3.725
-3.965 -3.856 -3.982 -3.824 -3.664
-2.050 -1.855 -1.824 -1.913 -1.919
-13.548 -13.634 -13.739 -13.502 -13.370
-15.307 -15.341 -15.630 -15.630 -15.178
-15.711 -15.740 -15.884 -15.329 -15.288
-22.243 -22.249 -23.007 -22.853 -22.853
-18.137 -18.240 -22.571 -22.578 -22.190
-20.699 -20.757 -21.312 -21.319 -20.772
-22.604 -22.714 -23.061 -22.622 -22.326
-16.807 -17.064 -17.993 -17.114 -17.042
-14.568 -15.358 -15.854 -15.463 -15.154
-15.896 -15.310 -15.867 -15.362 -15.362
-14.621 -15.316 -15.766 -15.368 -14.969
-12.418 -12.355 -15.886 -15.331 -15.292
-13.704 -14.975 -15.043 -14.967 -14.679
-13.738 -13.815 -14.368 -14.479 -14.033
-13.738 -13.700 -14.336 -14.365 -13.913
-14.067 -14.262 -15.737 -15.142 -14.938
-12.954 -13.082 -14.060 -13.355 -13.354
-11.634 -12.100 -12.756 -12.556 -12.354
-13.563 -13.583 -13.739 -13.518 -13.366
-13.521 -13.509 -13.742 -13.503 -13.380
-7.862 -7.813 -7.947 -7.647 -7.647
-10.798 -11.573 -11.982 -11.128 -11.471
-11.638 -11.669 -11.815 -11.476 -11.457
-9.843 -9.892 -9.819 -9.528 -9.527
-9.787 -9.830 -9.694 -9.548 -9.548
-9.546 -9.551 -9.943 -9.551 -9.552
-9.803 -9.815 -9.818 -9.528 -9.528
-9.744 -9.756 -9.944 -9.550 -9.551
-8.792 -8.915 -8.937 -8.909 -8.909
-7.301 -7.775 -7.907 -7.654 -7.603
-7.831 -7.780 -7.710 -7.727 -7.572
-7.797 -7.679 -7.919 -7.768 -7.551
-7.551 -7.541 -7.726 -7.518 -7.479
-7.828 -7.777 -7.914 -7.650 -7.598
-7.866 -7.540 -7.715 -7.645 -7.619
-7.789 -7.703 -7.899 -7.620 -7.564
-7.316 -7.825 -7.903 -7.696 -7.604
-7.182 -7.395 -7.742 -7.345 -7.345
-7.306 -7.824 -7.909 -7.618 -7.618
-22.846 -23.423 -23.688 -22.987 -22.987
-7.081 -6.915 -7.158 -7.173 -6.943
-7.380 -7.397 -7.513 -7.361 -7.318
-6.966 -7.043 -7.361 -7.382 -7.299
-7.332 -7.422 -7.863 -7.650 -7.565
-5.732 -5.676 -5.940 -5.663 -5.581
-5.772 -5.769 -5.839 -5.810 -5.702
-20.330 -20.316 -21.313 -20.718 -20.718
-13.701 -13.977 -21.663 -21.159 -20.969
-16.280 -16.663 -17.074 -16.623 -16.532
-9.822 -9.842 -9.803 -9.577 -9.576
-8.157 -7.553 -7.651 -7.652 -7.645
-7.288 -7.568 -7.796 -7.610 -7.542
-3.851 -3.855 -3.985 -3.828 -3.668
-3.892 -3.897 -3.929 -3.752 -3.752
-3.746 -3.661 -3.752 -3.802 -3.661
-3.879 -3.881 -3.905 -3.754 -3.753
-3.798 -3.732 -3.762 -3.776 -3.692
-3.877 -3.853 -3.873 -3.756 -3.698
-0.900 -0.968 -1.656 -1.794 -1.785
-11.625 -11.661 -11.815 -11.427 -11.427
-1.718 -1.877 -1.801 -1.911 -1.922
-14.326 -14.410 -15.553 -15.565 -15.124
-14.271 -14.416 -15.622 -15.349 -15.085
-9.938 -9.949 -11.472 -11.262 -11.177
-7.852 -7.818 -7.903 -7.608 -7.598
-7.513 -7.607 -7.880 -7.585 -7.587
-7.393 -7.426 -7.781 -7.589 -7.493
-7.190 -7.655 -7.711 -7.501 -7.501
-7.478 -7.424 -7.551 -7.557 -7.341
-5.829 -5.707 -5.973 -5.586 -5.586
-7.301 -7.219 -7.981 -7.779 -7.607
-5.683 -5.853 -6.052 -5.660 -5.660
-4.704 -4.842 -5.979 -5.587 -5.587
-5.251 -5.878 -5.622 -5.509 -5.614
-5.886 -5.909 -5.907 -5.611 -5.611
-4.894 -5.085 -5.849 -5.663 -5.626
-5.779 -5.804 -5.919 -5.666 -5.667
-5.851 -5.879 -5.857 -5.699 -5.694
-5.985 -5.606 -5.832 -5.549 -5.742
-5.783 -5.761 -6.027 -5.632 -5.631
-5.856 -5.799 -5.977 -5.585 -5.585
-5.814 -5.649 -6.051 -5.667 -5.667
-4.878 -4.909 -5.025 -5.025 -5.025
-5.657 -5.663 -5.716 -5.792 -5.602
-5.742 -5.595 -5.780 -5.555 -5.555
-5.657 -5.663 -5.763 -5.615 -5.677
-5.894 -5.649 -5.585 -5.586 -5.783
-6.033 -5.739 -6.064 -5.570 -5.721
-5.120 -5.082 -5.765 -5.683 -5.625
-3.983 -3.900 -3.812 -3.740 -3.797
-3.914 -3.924 -3.861 -3.738 -3.752
-3.976 -3.889 -3.959 -3.726 -3.847
-3.911 -3.915 -3.887 -3.799 -3.748
-3.390 -3.345 -3.463 -3.463 -3.415
-3.583 -3.743 -3.827 -3.694 -3.727
-3.909 -3.906 -3.997 -3.738 -3.768
-3.872 -3.870 -3.870 -3.681 -3.682
-3.911 -3.860 -3.817 -3.717 -3.840
-3.877 -3.874 -3.926 -3.752 -3.751
-3.965 -3.918 -3.813 -3.731 -3.809
-3.911 -3.854 -3.890 -3.725 -3.760
-3.816 -3.788 -3.825 -3.745 -3.758
-3.885 -3.845 -3.924 -3.751 -3.751
-3.883 -3.819 -3.928 -3.751 -3.750
-3.810 -3.816 -3.863 -3.777 -3.690
-3.905 -3.807 -3.916 -3.752 -3.752
-2.057 -1.808 -1.978 -1.886 -1.897
-1.581 -1.766 -1.801 -1.801 -1.778
