hardness
 (GPa)  
  -1.297
  -1.013
  -0.701
  -0.880
  -1.113
  -0.995
  -1.592
  -1.077
  -0.352
  -0.913
  -1.238
  -0.969
  -0.144
  -1.415
  -1.211
  -1.074
  -1.224
  -1.269
  -1.195
  -0.866
  -0.747
  -0.888
  -1.189
  -1.104
  -1.169
  -1.126
  -0.921
  -0.422
  -0.806
  -1.050
  -0.711
  -0.932
  -1.143
  -1.216
  -0.983
  -1.179
  -1.327
  -1.088
  -1.326
  -0.921
  -1.128
  -1.071
  -0.971
  -1.009
  -1.372
  -1.174
  -0.885
  -1.093
  -1.299
  -1.153
  -1.023
  -0.875
  -0.785
  -1.082
  -1.215
  -0.996
  -1.021
  -0.935
  -0.755
  -0.984
  -1.293
  -0.982
  -0.652
  -0.591
  -0.606
  -1.239
  -0.668
  -0.917
  -1.305
  -1.522
  -1.173
  -0.452
  -0.838
  -1.041
  -1.095
  -0.653
  -0.803
  -1.011
  -1.364
  -1.413
  -1.144
  -0.880
  -0.958
  -0.684
  -0.386
  -1.312
  -1.394
  -1.047
  -1.035
  -1.176
  -1.073
  -1.286
  -1.145
  -1.447
  -1.456
  -0.863
  -0.803
  -1.220
  -1.021
  -0.762
  -1.125
  -0.831
  -1.084
  -1.328
  -1.313
  -1.336
  -0.854
  -0.980
  -1.185
  -0.686
  -0.762
  -1.520
  -0.896
  -0.886
  -1.318
  -1.151
  -0.483
  -1.180
  -0.551
  -1.484
  -0.971
  -1.263
   0.204
  -0.744
  -1.101
  -0.677
  -1.028
  -1.379
  -0.758
  -1.250
  -1.328
  -0.931
  -1.008
  -1.256
  -1.714
  -0.735
  -1.234
  -1.582
  -1.601
  -0.610
  -1.385
  -0.873
  -1.018
  -0.814
  -0.571
  -0.817
  -1.073
  -0.489
  -1.335
  -0.714
  -1.086
  -0.432
  -1.183
  -1.325
  -0.921
  -1.486
  -0.624
  -0.972
  -0.389
  -0.808
  -1.017
  -0.652
  -1.173
  -0.941
  -1.720
  -0.974
  -1.491
  -1.032
  -0.724
  -1.055
  -1.153
  -0.513
  -0.494
  -1.164
  -0.661
  -0.674
  -1.240
  -1.048
  -1.115
  -0.720
  -0.670
  -1.285
  -0.796
  -0.493
  -0.819
  -0.500
  -0.352
  -0.144
  -0.422
  -0.591
  -0.652
  -0.668
   0.204
  -0.386
  -0.653
  -1.872
  -1.845
  -0.822
  -0.923
  -1.194
  -1.391
  -0.889
  -0.615
  -1.054
  -1.250
  -1.555
  -0.432
  -0.934
  -0.681
  -1.080
  -0.935
  -0.610
  -0.900
  -1.000
  -1.427
  -0.995
  -0.780
  -1.001
  -1.067
  -0.808
  -1.401
  -0.839
  -0.611
  -2.317
  -0.389
  -0.755
  -0.513
  -1.635
  -0.584
  -1.351
  -1.705
  -1.097
  -1.222
  -1.377
  -1.335
  -1.033
  -0.861
  -1.547
  -1.600
  -1.185
  -0.934
  -0.623
  -0.494
  -1.152
  -0.500
  -1.116
  -1.578
  -1.133
  -1.219
  -0.742
  -1.085
  -1.293
  -0.994
  -1.251
  -0.673
  -0.806
  -0.630
  -0.840
  -1.225
  -1.043
  -0.867
  -1.202
  -1.145
  -0.494
  -1.006
  -1.008
  -1.049
  -0.760
  -2.808
  -1.492
  -0.707
  -1.159
  -0.954
  -0.625
  -0.662
  -1.510
  -0.689
  -2.489
  -1.227
  -0.961
  -0.791
  -0.474
  -0.759
  -0.839
  -1.643
  -0.089
  -0.203
  -1.221
  -1.040
  -0.907
  -0.570
  -0.844
  -0.352
  -0.144
  -0.422
  -0.591
   0.204
  -0.386
  -0.887
  -0.750
  -1.596
  -1.059
  -0.999
  -1.311
  -1.329
  -0.857
  -0.631
  -1.209
  -0.753
  -1.424
  -0.432
  -0.610
  -1.242
  -0.786
  -0.993
  -1.034
  -0.678
  -0.778
  -0.498
  -0.646
  -0.971
  -1.493
  -0.945
  -0.438
  -0.915
  -0.423
  -0.716
  -1.424
  -0.828
  -0.445
  -1.675
  -0.848
  -1.010
  -0.884
  -0.254
  -0.389
  -0.513
  -0.570
  -1.193
  -1.651
  -1.462
  -0.885
  -1.198
  -0.089
  -1.143
  -1.258
  -0.931
  -0.973
  -1.280
  -0.357
  -0.861
  -1.330
  -0.203
  -0.494
  -1.623
  -1.009
  -0.500
  -0.910
  -0.850
  -0.910
  -0.562
  -1.163
  -1.279
  -0.936
  -0.668
  -0.910
  -0.835
  -0.726
  -1.631
  -1.198
  -1.278
  -1.007
  -1.124
  -1.304
  -0.852
  -0.881
  -1.242
  -0.878
  -0.911
  -0.409
  -0.934
  -1.303
  -1.381
  -1.075
  -0.914
  -0.923
  -1.170
  -1.168
  -1.344
  -0.544
  -0.973
  -0.516
  -1.053
  -0.773
  -0.617
  -0.813
  -1.726
  -0.278
  -1.158
  -0.256
  -1.784
  -1.024
  -0.352
  -0.144
  -0.422
   0.204
  -0.357
  -0.386
  -0.423
  -0.438
  -0.445
  -0.755
  -0.936
  -1.056
  -1.003
  -1.039
  -0.537
  -1.011
  -0.729
  -1.421
  -0.958
  -0.254
  -1.247
  -1.034
  -1.124
  -1.520
  -0.880
  -0.887
  -1.417
  -0.795
  -1.155
  -1.002
  -0.936
  -0.206
  -0.816
  -0.936
  -0.488
  -0.241
  -1.019
  -0.629
  -0.930
  -1.309
  -1.250
  -0.824
  -0.931
  -0.753
  -1.084
  -1.206
  -1.082
  -0.814
  -0.160
  -0.965
  -1.179
  -0.896
  -0.803
  -0.879
  -0.089
  -0.539
  -0.409
  -0.532
  -0.720
  -0.203
  -0.494
  -1.372
  -1.083
  -0.500
  -1.244
  -0.970
  -0.473
  -0.848
  -1.292
  -0.745
  -0.951
  -0.437
  -1.055
  -0.957
  -2.042
  -0.831
  -0.590
  -0.601
  -0.793
  -1.057
  -0.548
  -0.802
  -0.546
  -0.783
  -0.939
  -0.053
  -0.383
  -0.775
  -1.167
  -1.031
  -0.932
  -0.488
  -1.379
  -1.354
  -0.888
  -0.664
  -0.351
  -0.904
  -1.318
  -0.541
  -0.735
  -0.748
  -0.349
  -0.525
  -0.434
  -1.032
  -0.869
  -1.826
  -0.352
  -0.144
  -0.422
   0.204
  -0.206
  -0.386
  -0.423
  -0.254
  -1.163
  -1.254
  -0.820
  -1.241
  -0.855
  -1.000
  -0.691
  -1.214
  -0.611
  -0.913
  -0.903
  -1.569
  -1.325
  -0.637
  -0.692
  -1.043
  -1.361
  -1.368
  -0.906
  -1.049
  -1.136
  -1.187
  -1.285
  -1.213
  -1.592
  -0.917
  -1.156
  -1.871
  -1.553
  -0.921
  -0.885
  -1.122
  -1.450
  -0.997
  -0.766
  -0.053
  -0.089
  -0.349
  -0.409
  -0.434
  -0.452
  -1.210
  -0.618
  -0.989
  -0.971
  -0.629
  -1.262
  -0.912
  -1.184
  -0.918
  -1.065
  -0.203
  -0.351
  -1.477
  -0.433
  -1.156
  -1.444
  -0.919
  -0.826
  -0.915
  -1.208
  -1.032
  -1.410
  -1.220
  -0.733
  -1.145
  -1.120
  -0.986
  -0.250
  -0.786
  -1.135
  -0.628
  -0.829
  -1.144
  -0.301
  -2.393
  -0.681
  -0.897
  -1.172
  -0.756
  -0.580
  -0.326
  -0.654
  -0.972
  -0.953
  -0.702
  -0.378
  -0.926
  -1.115
  -0.144
  -0.572
  -0.792
  -0.512
  -1.222
  -1.069
  -0.837
  -0.762
  -1.130
  -0.188
  -0.849
  -0.352
   0.204
  -0.206
  -1.562
  -1.368
  -1.507
  -1.272
  -1.094
  -0.980
  -0.788
  -0.890
  -0.366
  -0.732
  -0.848
  -0.896
  -0.342
  -1.095
  -0.876
  -0.968
  -1.499
  -0.301
  -1.188
  -1.605
  -1.216
  -1.318
  -0.985
  -1.302
  -0.699
  -0.295
  -0.869
  -0.816
  -0.328
  -0.881
  -1.322
  -1.280
  -0.853
  -0.768
  -0.734
  -0.937
  -0.053
  -0.089
  -0.326
  -0.349
  -0.409
  -0.434
  -0.203
  -0.250
  -1.416
  -1.144
  -1.284
  -1.526
  -0.806
  -0.630
  -0.957
  -1.455
  -0.930
  -0.823
  -1.322
  -1.202
  -1.059
  -0.144
  -0.188
  -0.378
  -1.043
  -1.027
  -1.257
  -1.175
  -0.822
  -1.219
  -0.599
  -0.301
  -1.225
  -0.883
  -0.884
  -1.407
  -1.161
  -0.947
  -0.346
  -0.983
  -1.626
  -0.928
  -0.614
  -1.174
  -0.677
  -0.470
  -0.887
  -0.957
  -1.102
  -0.483
  -0.964
  -0.809
  -1.097
  -0.843
  -2.462
  -0.442
  -1.232
  -0.483
  -0.445
  -0.513
  -0.665
  -0.673
  -1.067
  -0.597
  -0.369
  -0.564
  -0.454
  -0.485
  -1.097
  -0.796
  -0.289
  -0.352
   0.204
  -0.206
  -0.328
  -1.116
  -0.622
  -1.552
  -0.856
  -0.895
  -0.755
  -1.017
  -0.905
  -1.023
  -1.471
  -0.783
  -1.177
  -1.015
  -1.379
  -1.262
  -0.986
  -1.186
  -1.377
  -0.910
  -1.126
  -1.082
  -1.317
  -0.802
  -0.505
  -0.856
  -1.147
  -0.997
  -0.816
  -0.393
  -0.708
  -1.205
  -1.397
  -0.301
  -0.053
  -0.089
  -0.301
  -0.326
  -0.349
  -0.644
  -0.867
  -1.661
  -1.317
  -1.112
  -0.765
  -1.277
  -1.046
  -0.203
  -0.250
  -1.118
  -0.801
  -0.992
  -1.061
  -1.344
  -1.184
  -1.394
  -0.144
  -0.188
  -0.369
  -1.351
  -1.152
  -1.089
  -0.627
  -1.305
  -0.721
  -1.621
  -0.833
  -1.270
  -1.083
  -1.248
  -0.591
  -0.867
  -1.335
  -0.756
  -0.951
  -1.045
  -0.579
  -1.038
  -1.092
  -0.920
  -0.640
  -0.258
  -1.033
  -0.672
  -0.493
  -0.992
  -0.565
  -1.269
  -1.452
  -1.148
  -0.814
  -1.187
  -0.805
  -1.367
   0.228
  -1.052
  -0.915
  -0.145
  -0.653
  -0.367
  -0.487
  -0.642
  -1.113
  -0.405
  -1.152
  -0.969
  -0.379
  -0.851
  -0.765
  -0.352
  -0.206
  -0.328
  -0.851
  -1.086
  -0.863
  -0.659
  -0.585
  -1.204
  -1.234
  -0.301
  -1.237
  -1.228
  -0.702
  -0.416
  -1.099
  -0.834
  -1.216
  -1.024
  -0.799
  -0.884
  -0.903
  -0.883
  -2.037
  -0.760
  -0.445
  -1.179
  -1.077
  -1.058
  -0.931
  -0.864
  -0.935
  -1.214
  -0.734
  -0.856
  -1.090
  -1.395
   0.228
  -0.053
  -0.089
  -0.301
  -0.326
  -0.349
  -1.469
  -0.203
  -0.250
  -1.412
  -0.818
  -0.884
  -1.611
  -1.174
  -1.040
  -1.168
  -0.499
  -0.956
  -0.609
  -1.595
  -0.144
  -0.145
  -0.367
  -0.839
  -0.590
  -1.565
  -1.101
  -1.032
  -2.524
  -0.623
  -0.730
  -1.170
  -0.627
  -0.658
  -1.118
  -0.720
  -0.804
  -0.355
  -0.383
  -0.773
  -0.752
  -0.506
  -1.129
  -0.707
  -0.874
  -0.815
  -0.795
  -0.768
  -0.849
  -0.431
  -0.401
  -0.220
  -0.872
  -0.667
  -0.778
  -0.743
  -0.185
  -0.392
  -0.278
  -0.476
  -0.247
  -1.508
  -1.015
  -0.961
  -1.308
  -0.638
  -0.475
  -0.792
  -0.352
  -0.206
  -0.328
  -1.483
  -0.482
  -1.413
  -0.918
  -0.869
  -1.273
  -1.220
  -1.267
  -0.562
  -0.301
  -1.254
  -1.441
  -1.031
  -1.087
  -0.675
  -0.122
  -0.403
  -1.387
  -0.549
  -0.510
  -1.399
  -0.149
  -0.841
  -1.275
  -1.348
  -0.738
  -0.735
  -1.080
  -1.142
  -1.044
  -1.059
   0.228
  -0.053
  -0.089
  -0.185
  -0.247
  -1.712
  -0.326
  -0.748
  -0.349
  -1.133
  -0.750
  -2.109
  -0.487
  -1.050
  -0.267
  -0.823
  -2.153
  -0.203
  -0.764
  -0.997
  -0.805
  -0.366
  -0.860
  -1.583
  -1.041
  -0.144
  -0.848
  -0.145
  -0.853
  -0.220
  -1.390
  -0.596
  -0.658
  -1.117
  -1.071
  -0.641
  -1.441
  -0.747
  -0.920
  -1.315
  -0.406
  -0.944
  -0.792
  -1.303
  -0.417
  -0.671
  -0.615
  -1.310
  -0.708
  -0.412
  -0.964
  -0.447
  -0.592
  -1.690
  -0.341
  -0.492
  -1.368
  -0.986
  -0.734
  -0.682
  -1.261
  -0.758
  -0.776
  -0.718
  -1.380
  -0.806
  -1.326
  -0.691
  -0.917
  -0.862
  -0.551
  -0.620
  -0.877
  -0.724
  -0.854
  -0.352
  -0.206
  -0.328
  -0.149
  -0.301
  -1.256
  -0.868
  -1.593
  -1.091
  -0.855
  -1.084
  -1.854
  -1.339
  -0.679
  -1.060
  -1.493
  -1.202
  -1.143
  -1.201
  -0.920
  -1.517
  -1.010
  -1.460
  -0.616
  -0.938
  -0.677
  -1.538
  -0.993
  -1.326
  -0.634
   0.228
  -0.053
  -0.089
  -0.185
  -1.399
  -0.918
  -1.057
  -1.307
  -0.753
  -0.870
  -0.750
  -0.247
  -0.326
  -0.349
  -0.673
  -1.296
  -1.146
  -1.105
  -0.203
  -0.953
  -1.332
  -1.150
  -0.538
  -0.935
  -0.483
  -1.211
  -0.144
  -0.145
  -1.135
  -1.281
  -1.023
  -0.915
  -1.012
  -0.886
  -0.969
  -1.778
  -0.576
  -0.851
  -0.398
  -1.213
  -0.830
  -1.182
  -0.977
  -0.466
  -0.849
  -0.812
  -0.962
  -0.493
  -0.661
  -0.248
  -0.731
  -0.792
  -0.554
  -0.763
  -1.013
  -0.544
  -0.689
  -0.914
  -0.094
  -0.734
  -0.300
  -1.400
  -0.779
  -0.462
  -0.517
  -0.633
  -0.512
  -0.677
  -0.268
  -1.324
  -1.604
  -0.726
  -0.746
  -0.822
  -0.641
  -1.246
  -0.206
  -0.328
  -0.149
  -0.301
  -0.514
  -1.269
  -0.398
  -1.312
  -1.338
  -1.071
  -0.758
  -2.028
  -0.722
  -0.684
  -0.486
  -0.998
  -0.536
  -0.849
  -1.697
  -0.374
  -1.015
  -0.708
  -0.811
  -0.955
  -0.747
  -1.092
  -0.462
  -1.650
  -0.707
  -1.297
  -0.563
  -0.536
  -0.735
   0.228
  -0.053
  -0.089
  -0.185
  -0.247
  -0.326
  -0.349
  -1.147
  -1.193
  -1.172
  -0.996
  -1.012
  -1.039
  -0.203
  -1.237
  -0.845
  -0.435
  -1.311
  -1.001
  -1.736
  -0.724
  -0.618
  -1.388
  -0.900
  -0.455
  -0.094
  -0.144
  -0.145
  -1.535
  -1.230
  -0.814
  -1.706
  -1.038
  -0.968
  -1.070
  -0.946
  -1.677
  -0.772
  -1.061
  -0.871
  -0.719
  -0.840
  -0.490
  -0.570
  -0.726
  -0.782
  -1.059
  -0.033
  -1.486
  -0.909
  -0.698
  -0.638
  -0.861
  -1.224
  -1.541
  -0.761
  -0.122
  -0.721
  -0.501
  -1.125
  -0.930
  -0.776
  -0.642
  -0.797
  -0.560
  -0.546
  -0.564
  -0.727
  -0.416
  -1.067
  -2.775
  -0.526
  -0.816
  -0.382
  -0.951
  -0.206
  -0.398
  -0.328
  -0.149
  -0.301
  -1.075
  -1.198
  -1.327
  -1.073
  -1.025
  -1.427
  -0.858
  -0.787
  -0.886
  -0.607
  -1.413
  -0.356
  -0.729
  -1.115
  -0.745
  -1.222
  -1.334
  -1.345
  -1.057
  -1.390
  -1.029
  -1.073
  -1.183
   0.228
  -0.053
  -0.247
  -0.846
  -0.326
  -0.349
  -1.284
  -0.978
  -0.896
  -0.993
  -0.850
  -0.662
  -0.849
  -0.671
  -0.944
  -1.447
  -0.875
  -0.033
  -1.173
  -1.542
  -0.591
  -0.782
  -1.180
  -0.793
  -1.078
  -1.136
  -1.028
  -1.062
  -0.094
  -0.122
  -0.144
  -0.145
  -0.178
  -0.762
  -0.751
  -0.563
  -0.712
  -0.284
  -1.090
  -0.721
  -0.676
  -0.840
  -0.279
  -0.890
  -1.300
  -1.049
  -0.721
  -0.646
  -0.648
  -0.819
  -0.759
  -0.381
  -0.801
  -0.763
  -0.770
  -0.955
  -0.921
  -1.694
  -1.073
  -0.455
  -1.576
  -0.817
  -1.066
  -0.354
  -0.732
  -0.748
  -0.833
  -0.277
  -0.661
  -0.734
  -0.859
  -0.017
  -0.614
  -0.561
  -0.811
  -0.876
  -0.178
  -0.206
  -0.328
  -0.149
  -1.821
  -1.410
  -2.143
  -0.301
  -1.381
  -1.391
  -0.877
  -1.116
  -0.802
  -0.946
  -1.362
  -1.206
  -0.863
  -0.773
  -0.840
  -1.071
  -1.109
  -1.064
  -1.158
  -0.884
  -0.372
  -1.361
  -0.971
  -1.104
  -0.894
  -0.856
  -0.893
  -1.069
  -0.984
  -1.401
  -1.145
  -0.868
  -1.372
   0.228
  -0.053
  -0.247
  -0.326
  -1.966
  -0.934
  -1.141
  -0.757
  -0.577
  -1.547
  -0.974
  -1.112
  -0.033
  -0.907
  -0.635
  -0.514
  -0.297
  -0.523
  -0.816
  -1.700
  -0.587
  -0.286
  -0.094
  -0.122
  -0.144
  -0.145
  -0.017
  -1.076
  -1.365
  -0.328
  -0.807
  -0.865
  -0.166
  -0.905
  -1.168
  -0.656
  -0.434
  -0.715
  -0.596
  -0.270
  -0.322
  -1.419
  -0.406
  -1.073
  -0.720
  -1.089
  -0.771
  -0.973
  -0.704
  -0.981
  -0.793
  -1.743
  -0.485
  -0.485
  -1.035
  -1.120
  -0.751
  -0.253
  -0.710
  -1.211
  -0.595
  -1.294
  -0.854
  -1.401
  -1.145
  -0.397
  -1.499
  -0.227
  -0.818
  -0.352
  -0.081
  -0.443
   0.108
  -0.527
  -0.518
  -0.206
  -0.286
  -0.297
  -0.301
  -1.079
  -0.741
  -1.312
  -1.105
  -1.054
  -0.892
  -0.594
  -1.226
  -0.747
  -0.653
  -0.732
  -1.392
  -0.694
  -0.751
  -0.956
  -1.273
  -0.895
  -1.044
   0.228
  -1.696
  -0.053
  -1.113
  -0.247
  -1.696
  -1.167
  -1.072
  -0.945
  -0.994
  -0.998
  -1.262
  -1.030
  -0.803
  -0.791
  -0.708
  -0.946
  -0.528
  -1.131
  -0.033
  -0.270
  -0.794
  -0.872
  -1.272
  -1.053
  -0.512
  -1.765
  -1.579
  -1.801
  -0.442
  -1.173
  -0.869
  -1.391
  -0.963
  -0.081
  -0.094
  -0.122
  -0.144
  -0.145
  -0.379
  -0.017
  -1.097
  -0.585
  -0.570
  -0.358
  -0.726
  -1.015
  -0.826
  -1.163
  -0.496
  -0.272
  -1.298
  -1.048
  -0.449
  -0.741
  -0.330
  -0.971
  -0.469
  -0.921
  -1.108
  -0.733
  -0.541
  -0.759
  -0.778
  -0.722
  -0.827
  -0.383
  -1.167
  -0.663
  -0.562
  -0.551
  -0.541
  -0.401
  -1.391
  -0.863
  -0.731
  -0.734
  -0.930
  -0.681
  -0.877
  -0.592
  -0.590
  -0.106
  -0.230
  -1.036
  -0.643
  -0.513
  -0.353
  -0.206
  -0.286
  -0.863
  -1.084
  -0.786
  -0.986
  -0.758
  -0.981
  -1.459
  -1.553
  -1.360
  -0.958
  -0.161
  -1.389
  -0.920
  -1.391
  -0.799
  -1.073
  -0.764
  -0.607
  -0.785
  -0.711
  -0.962
   0.228
  -1.453
  -0.053
  -0.247
  -0.504
  -1.371
  -0.907
  -0.636
  -0.940
   0.013
  -0.033
  -0.270
  -0.272
  -1.118
  -1.284
  -0.289
  -0.930
  -0.588
  -0.875
  -1.203
  -1.066
  -1.119
  -1.142
  -0.978
  -1.196
  -0.964
  -0.555
  -1.058
  -1.143
  -0.081
  -0.094
  -0.122
  -1.006
  -0.144
  -0.145
  -0.962
  -1.011
  -0.017
  -0.106
  -0.844
  -1.979
  -1.209
  -0.725
  -1.104
  -0.652
  -0.704
  -0.344
  -0.658
  -0.426
  -0.653
  -0.571
  -0.669
  -1.075
  -0.712
  -1.204
  -0.500
  -0.489
  -0.554
  -0.081
  -0.811
  -0.928
  -0.326
  -0.545
  -1.189
  -0.444
  -0.500
  -0.772
  -0.656
  -0.799
  -0.822
  -0.335
  -1.237
  -0.223
  -0.458
  -0.573
  -0.956
  -0.772
  -0.768
  -0.461
  -0.503
  -0.469
  -0.735
  -1.346
  -0.187
  -0.484
  -0.206
  -0.161
  -2.111
  -0.632
  -0.832
  -1.248
  -1.343
  -1.344
  -1.173
  -0.695
  -0.615
  -1.218
  -0.454
  -1.674
  -1.040
  -1.490
  -1.240
  -0.780
  -1.001
  -1.528
  -1.413
  -1.286
  -1.341
   0.228
   0.013
  -0.053
  -0.247
  -0.780
  -1.042
  -1.056
  -0.629
  -0.561
  -0.567
  -0.452
  -0.762
  -1.188
  -0.687
  -0.369
  -0.882
  -0.402
  -0.813
  -0.306
  -0.850
  -0.810
  -0.916
   0.212
  -0.033
  -0.270
  -1.111
  -1.429
  -1.169
  -0.901
  -0.668
  -0.870
  -0.597
  -0.081
  -0.094
  -0.122
  -0.144
  -1.152
  -0.017
  -1.120
  -0.106
  -0.187
  -0.432
  -0.778
  -0.552
  -0.852
  -0.792
  -0.829
  -1.063
  -0.662
  -0.701
  -1.458
  -0.599
  -0.803
  -1.132
  -0.678
  -0.656
  -0.695
  -0.804
  -1.377
  -0.717
  -0.744
  -0.983
  -0.898
  -0.639
  -0.878
  -0.337
  -0.621
  -0.228
  -1.393
  -0.699
  -0.134
  -0.570
  -0.251
  -0.233
  -0.833
  -1.210
  -0.646
  -0.907
  -0.745
  -0.403
  -0.001
  -1.038
  -0.733
  -0.581
  -0.061
  -0.335
  -0.672
  -0.469
  -0.492
  -0.206
  -0.161
   0.228
   0.013
  -0.053
  -0.247
  -0.369
  -1.085
  -1.399
  -0.922
  -1.176
  -1.081
  -0.949
  -0.618
  -0.610
  -1.431
  -0.995
  -0.384
  -1.147
  -0.976
  -0.531
  -0.033
  -1.272
  -0.389
  -0.340
  -0.881
  -1.168
  -1.033
  -1.245
  -0.875
  -0.610
  -1.064
  -1.153
  -0.887
  -0.235
  -0.914
  -0.915
  -1.420
  -0.934
  -0.446
  -0.814
  -1.129
  -0.270
  -0.001
  -0.061
  -0.144
  -1.208
  -1.103
  -1.003
  -0.017
  -0.106
  -0.187
  -2.163
  -0.791
  -0.953
  -0.864
  -0.729
  -0.613
  -0.740
  -0.553
  -1.190
  -1.156
  -1.542
  -1.038
  -0.904
  -1.061
  -0.708
  -0.781
  -1.045
  -0.855
  -0.744
  -1.338
  -0.824
  -0.979
  -0.573
  -0.348
  -0.682
  -0.584
  -0.331
  -1.138
  -0.612
  -0.708
  -0.693
  -0.580
  -0.561
  -0.907
  -0.455
  -0.638
  -0.431
  -0.612
  -0.185
  -1.182
  -1.024
  -0.751
  -0.314
  -0.612
  -0.412
  -0.480
  -0.206
  -0.161
   0.228
   0.013
  -0.053
  -0.247
  -0.731
  -1.055
  -0.949
  -1.173
  -0.169
  -1.162
  -1.161
  -0.724
  -0.989
  -1.094
  -0.982
  -1.691
  -0.730
  -1.587
  -0.921
  -0.846
  -1.361
  -0.590
  -0.558
  -1.031
  -0.757
  -1.180
  -0.475
  -0.645
  -0.787
  -1.096
  -0.761
  -0.826
  -1.464
  -1.723
  -0.696
  -1.248
  -0.033
  -0.270
  -0.964
  -0.918
  -0.457
  -0.962
  -1.174
  -0.918
  -0.601
  -1.035
  -0.930
  -1.131
  -1.289
  -0.668
  -0.554
  -0.917
  -0.797
  -0.842
  -0.001
  -0.061
  -0.144
  -0.017
  -0.106
  -0.185
  -0.187
  -0.739
  -0.861
  -0.713
  -0.661
  -0.632
  -1.531
  -0.756
  -1.089
  -0.295
  -1.339
  -0.680
  -0.705
  -0.950
  -0.514
  -0.378
  -0.803
  -0.223
  -1.101
  -0.245
  -0.752
  -0.505
  -0.503
  -0.668
  -0.785
  -0.951
  -0.426
  -0.764
  -0.833
  -1.060
  -1.187
  -1.056
  -0.648
  -0.473
  -0.118
  -0.682
  -0.649
  -0.973
  -0.665
  -0.110
  -0.158
  -1.351
  -1.000
  -0.524
  -0.169
  -0.161
  -2.082
  -0.232
  -1.942
  -0.843
  -1.245
  -0.709
  -1.003
  -0.302
  -1.774
   0.228
   0.013
  -0.053
  -0.777
  -0.866
  -0.947
  -0.707
  -0.963
  -0.594
  -0.920
  -0.689
  -0.717
  -1.071
  -0.932
  -0.998
  -1.082
  -0.697
  -0.033
  -1.511
  -1.234
  -1.355
  -0.814
  -1.419
  -0.665
  -0.476
  -0.670
  -0.843
  -0.628
  -1.191
  -0.747
  -1.229
  -0.824
  -0.457
  -0.904
  -0.001
  -0.061
  -0.110
  -0.118
  -0.144
  -1.853
  -1.298
  -1.006
  -0.017
  -0.106
  -1.304
  -0.185
  -0.187
  -1.168
  -0.782
  -0.739
  -0.685
  -0.814
  -1.051
  -0.610
  -1.136
  -0.746
  -0.262
  -1.349
  -0.643
  -0.653
  -1.113
  -1.018
  -0.786
  -1.109
  -0.437
  -1.055
  -0.441
  -0.631
  -0.638
  -1.064
  -0.356
  -0.354
  -0.361
  -1.102
  -0.195
  -1.004
  -0.693
  -0.627
  -0.489
  -0.390
  -0.501
  -0.225
  -1.312
  -0.142
  -1.133
  -0.451
  -0.192
  -0.601
  -0.064
  -1.294
  -0.940
  -1.206
  -0.601
  -0.169
  -0.161
   0.228
   0.013
  -0.053
  -1.333
  -0.959
  -1.649
  -1.528
   0.225
   0.221
  -0.539
  -0.667
  -0.861
  -0.476
  -0.628
  -1.554
  -0.776
  -0.873
  -0.765
  -0.998
  -1.313
  -1.299
  -1.204
  -1.132
  -0.760
  -1.210
  -0.813
  -0.116
  -0.658
  -1.031
  -0.745
  -0.033
  -0.995
  -1.485
  -0.941
  -0.700
  -1.264
  -0.750
  -0.783
  -0.801
  -1.153
  -1.041
  -1.321
  -0.964
  -0.753
  -0.584
  -0.860
  -0.584
  -1.080
  -1.037
  -0.001
  -0.061
  -0.110
  -0.118
  -0.142
  -0.144
  -1.334
  -0.492
  -0.017
  -0.106
  -0.185
  -0.541
  -1.218
  -0.500
  -0.987
  -1.115
  -1.215
  -0.746
  -0.330
  -0.611
  -0.604
  -0.547
  -1.340
  -0.822
  -0.443
  -0.709
  -1.179
  -0.587
  -1.183
  -0.656
  -0.825
  -0.310
  -0.537
  -0.803
  -1.041
  -0.629
  -0.218
  -0.975
  -0.985
  -0.643
  -0.577
  -0.734
  -0.783
  -0.694
  -0.536
  -0.679
  -0.535
  -0.580
  -1.112
  -0.806
  -0.446
  -0.849
  -0.692
  -0.480
  -0.235
  -0.403
  -0.303
  -0.467
  -0.169
  -0.161
  -1.456
  -1.507
  -1.030
  -0.632
  -0.889
  -0.560
  -0.688
  -1.103
  -0.444
  -1.062
  -1.274
  -0.381
  -1.596
  -1.248
  -0.792
  -0.820
  -0.883
  -1.639
  -1.457
  -0.570
  -0.949
  -1.610
  -1.771
  -1.236
  -0.733
  -1.035
  -0.889
  -0.364
  -0.778
  -1.061
  -0.806
  -1.536
  -1.021
  -0.171
  -0.775
  -1.208
  -0.820
   0.228
   0.013
  -0.053
  -0.033
  -0.871
  -0.186
  -0.630
  -0.991
  -0.906
  -0.579
  -1.139
  -0.981
  -1.011
  -0.001
  -0.061
  -0.110
  -0.118
  -0.142
  -0.144
  -0.819
  -0.017
  -0.106
  -0.185
  -0.079
  -1.086
  -1.154
  -0.661
  -0.987
  -1.035
  -1.025
  -0.547
  -1.076
  -0.930
  -0.821
  -0.325
  -0.638
  -0.539
  -0.331
  -0.645
  -0.532
  -0.555
  -0.355
  -0.511
  -0.458
  -0.923
  -0.439
  -0.493
  -0.515
  -0.569
  -0.541
  -0.258
  -0.122
  -0.213
  -1.058
  -0.549
  -0.968
  -0.345
  -1.010
  -0.747
  -0.604
  -1.222
  -0.471
  -0.295
  -0.362
  -0.497
  -1.018
  -1.153
  -1.056
  -0.454
  -0.169
  -0.161
   0.228
   0.013
  -0.053
  -1.173
  -1.187
  -1.399
  -1.274
  -1.540
  -1.237
  -1.009
  -1.398
  -0.988
  -0.964
  -1.506
  -1.403
  -1.767
  -1.108
  -2.108
  -0.653
  -0.916
  -1.286
  -0.950
  -1.221
  -0.189
  -1.335
  -1.108
  -0.570
  -0.875
  -0.821
  -0.519
  -0.244
  -0.392
  -0.094
  -0.766
  -1.464
  -0.033
  -1.553
  -0.582
  -1.089
  -0.863
   0.228
  -1.431
  -0.759
  -0.108
  -1.322
  -0.837
  -0.969
  -0.604
  -0.828
  -0.651
  -1.140
  -0.484
  -0.001
  -0.061
  -0.110
  -0.118
  -0.122
  -0.142
  -0.144
  -0.017
  -0.106
  -0.599
  -0.437
  -0.390
  -0.736
  -0.774
  -1.261
  -1.083
  -0.445
  -0.710
  -1.402
  -0.458
  -0.166
  -0.079
  -0.638
  -1.794
  -0.549
  -0.810
  -0.382
  -0.140
  -0.827
  -0.835
  -0.452
  -0.411
  -0.763
  -0.467
  -0.535
  -0.506
  -0.700
  -0.550
  -1.115
  -0.413
  -0.859
  -0.931
  -0.536
  -0.490
  -0.453
  -0.575
  -0.438
  -0.241
  -0.577
  -1.257
  -0.427
  -0.375
  -0.475
  -0.430
  -0.066
  -0.108
   0.228
   0.013
  -0.053
  -0.094
  -1.405
  -0.955
  -1.076
  -0.820
  -0.957
  -0.774
  -1.111
  -1.159
  -0.287
  -0.584
  -0.993
  -0.607
  -1.831
  -0.973
  -1.384
  -1.497
  -1.061
  -0.771
  -1.292
  -0.387
  -0.922
  -0.371
   0.234
   0.074
  -0.082
  -1.230
  -1.658
  -0.876
  -1.131
  -0.845
  -0.691
  -0.810
  -0.654
  -0.913
  -1.053
  -1.118
  -0.800
  -0.033
  -0.603
  -1.108
  -0.732
  -0.671
  -1.032
  -0.820
  -0.815
  -0.919
  -1.216
  -0.001
  -0.061
  -0.079
  -0.110
  -0.118
  -0.122
  -0.140
  -0.017
  -0.066
  -0.750
  -0.664
  -0.776
  -0.919
  -1.189
  -0.451
  -0.363
   0.048
  -0.273
  -0.747
  -0.288
  -0.695
  -1.056
  -0.512
  -0.566
  -0.808
  -0.568
  -0.198
  -0.505
  -0.634
  -0.227
  -0.643
  -0.676
  -0.957
  -0.249
  -0.610
  -0.357
  -0.578
  -0.513
  -1.148
  -1.250
  -0.555
  -1.012
  -0.711
  -0.589
  -1.005
  -0.446
  -0.880
  -1.071
  -0.499
  -0.430
  -0.591
  -0.204
  -0.489
  -0.300
  -0.199
  -0.145
  -0.487
  -0.453
  -0.108
  -0.453
  -1.072
  -1.434
  -1.240
  -1.594
  -0.918
  -1.415
  -1.117
  -1.049
  -1.291
  -0.730
  -1.198
  -1.470
  -0.263
  -1.054
  -0.792
  -0.737
  -0.821
  -0.651
  -1.026
  -1.464
  -0.772
  -0.855
  -1.240
  -0.997
  -0.605
  -0.820
  -1.755
  -1.077
  -1.095
  -0.516
  -1.535
  -0.522
  -0.361
  -0.764
  -0.863
  -1.666
  -0.690
  -1.305
   0.234
   0.074
  -0.053
  -0.094
   0.048
  -0.033
  -1.335
  -0.879
  -1.797
  -0.901
  -1.301
  -0.980
  -0.001
  -0.061
  -0.079
  -0.110
  -0.122
  -0.140
  -0.017
  -0.984
  -0.066
  -0.524
  -1.240
  -1.281
  -0.959
  -0.690
  -1.576
  -0.516
  -0.195
  -1.086
  -0.057
  -0.660
  -0.848
  -1.549
  -0.999
  -0.631
  -1.338
  -0.519
  -0.927
  -0.817
  -1.065
  -1.037
  -0.723
  -0.298
  -0.543
  -1.227
  -0.552
  -0.836
  -0.701
  -0.888
  -1.009
  -0.884
  -0.436
  -1.270
   0.270
  -0.430
  -0.640
  -0.507
  -1.041
  -0.526
  -0.874
  -0.453
  -0.489
  -0.227
  -0.250
  -0.477
  -0.019
  -0.183
