6.305
6.441
6.200
6.209
5.588
6.486
6.467
6.508
6.450
5.306
6.415
5.702
6.331
6.054
6.527
5.656
5.970
6.631
5.640
5.495
5.574
6.811
6.996
6.261
6.554
6.460
6.491
6.385
4.791
6.345
5.833
6.861
5.459
6.469
6.406
5.780
6.243
5.725
6.223
6.390
4.904
5.973
5.221
5.158
5.882
4.851
6.074
5.409
5.168
4.289
6.690
6.392
6.618
5.458
6.185
6.578
6.375
6.366
6.238
5.718
6.626
6.667
6.084
4.350
6.197
6.920
5.181
6.483
5.770
6.412
6.742
6.781
5.085
6.711
5.634
5.919
6.097
5.859
6.498
6.357
6.224
5.853
6.329
5.897
5.872
5.247
6.420
6.442
5.133
6.386
6.371
5.282
5.526
5.523
6.458
6.308
4.940
6.620
5.641
5.239
5.447
6.731
7.045
4.752
3.063
6.660
6.644
4.856
7.336
6.231
6.794
5.609
6.600
5.824
6.890
5.711
7.018
6.430
5.902
6.717
6.799
5.884
5.223
7.094
6.667
6.150
6.477
7.090
6.337
5.653
5.955
5.490
5.606
6.895
5.355
6.770
7.123
6.382
6.795
6.289
7.003
6.391
6.616
7.499
6.267
5.891
6.281
4.484
5.740
3.820
5.601
6.107
5.642
6.212
6.002
6.774
6.645
7.179
7.044
7.362
7.358
7.056
6.143
6.782
5.967
6.343
7.109
5.600
5.956
6.285
6.659
6.642
5.438
6.992
6.991
6.233
7.292
5.737
7.206
6.716
7.176
6.292
7.298
7.718
7.387
6.732
6.294
5.553
5.609
7.176
7.003
4.940
6.717
6.890
5.902
6.430
5.711
6.107
6.486
6.746
6.636
6.268
6.863
6.682
6.059
6.219
6.732
6.957
6.607
6.919
6.308
6.417
5.586
6.401
5.874
6.322
5.727
5.264
6.245
7.358
6.295
6.780
6.069
6.498
5.600
7.109
6.659
5.600
6.246
6.143
6.127
7.496
5.940
6.533
6.596
6.668
6.499
6.933
6.421
6.402
6.525
4.944
6.016
6.626
6.132
5.816
5.407
5.409
6.005
6.206
5.881
7.718
6.732
6.479
7.017
5.609
7.107
5.896
6.368
5.626
6.616
6.067
6.648
6.429
6.857
6.326
6.259
5.963
6.152
6.108
3.632
7.076
5.150
6.245
6.467
7.367
7.175
6.718
7.017
5.990
6.742
5.967
6.266
7.148
5.602
6.994
7.144
7.483
7.475
6.634
2.181
6.983
6.957
6.438
6.276
6.930
3.466
6.968
7.397
2.830
7.117
6.746
7.003
6.919
6.717
7.017
4.200
6.964
5.307
6.027
6.261
5.855
5.872
6.682
6.149
6.228
5.513
5.920
7.493
7.282
7.484
5.936
6.109
7.488
6.257
5.934
5.913
6.204
6.020
6.975
6.580
6.813
6.120
6.388
6.435
6.016
5.750
7.358
7.109
7.175
6.408
5.966
6.209
6.173
6.727
6.878
7.367
7.148
6.994
6.137
5.665
5.592
6.273
6.302
6.078
5.706
5.636
7.475
6.732
6.438
7.117
6.594
6.124
6.640
4.873
4.860
6.215
5.464
7.253
6.952
6.524
6.309
6.338
6.325
6.964
7.532
6.688
6.882
6.992
6.282
7.078
6.050
7.434
7.337
6.598
6.207
2.417
6.797
6.057
6.282
7.171
7.222
6.246
6.331
7.177
6.350
5.504
3.600
5.785
7.012
6.999
5.610
6.987
6.925
7.003
6.919
6.717
7.282
6.653
6.144
7.220
6.765
6.478
6.600
6.800
6.859
6.312
6.875
7.430
7.358
7.109
6.797
6.592
5.342
6.382
6.150
7.518
6.262
3.880
6.462
7.205
5.089
6.174
6.511
5.515
6.783
6.582
6.235
6.066
6.784
6.455
6.847
6.616
6.131
6.018
6.268
7.028
6.462
6.186
6.961
5.258
6.099
7.367
5.426
7.138
6.320
6.855
7.148
6.994
7.078
7.253
6.028
6.117
7.475
6.732
6.438
7.117
4.724
5.851
6.043
7.174
5.655
7.175
6.019
6.855
6.376
6.887
5.801
6.963
7.297
6.248
5.895
7.386
5.958
6.945
5.016
5.815
6.992
6.958
7.076
7.471
6.249
7.363
7.186
6.171
7.374
6.933
6.958
6.272
7.004
5.916
7.143
5.614
7.249
7.221
6.951
6.675
7.231
6.717
5.720
5.619
6.591
7.113
7.003
6.800
6.919
7.282
6.287
5.900
6.363
6.938
7.505
5.864
6.875
6.749
6.017
6.439
6.315
6.503
6.255
6.418
6.087
7.228
5.966
5.834
6.814
6.721
6.354
7.358
6.847
6.297
6.506
6.492
5.836
5.524
6.275
6.176
6.327
6.780
6.844
5.941
6.533
5.222
6.668
6.791
7.002
7.367
6.958
7.148
6.994
6.596
5.724
6.371
6.102
6.839
5.269
7.000
6.239
7.416
6.248
6.082
7.475
7.186
6.732
6.591
7.374
6.412
6.354
7.224
7.372
6.917
6.332
6.960
5.652
5.702
5.610
7.458
6.637
7.084
7.131
5.667
7.374
6.674
7.153
6.271
6.820
7.457
6.066
6.854
6.947
7.216
6.890
7.035
6.789
7.185
6.968
6.796
7.420
7.267
7.043
6.254
5.549
7.307
7.115
6.042
6.886
5.396
5.659
7.187
7.257
5.525
6.699
6.243
2.446
7.003
6.800
6.919
7.282
7.358
6.847
6.076
6.407
7.383
6.943
6.969
6.733
6.440
6.987
6.396
7.077
7.155
4.892
6.254
7.574
6.219
6.565
5.813
6.647
6.890
6.255
6.361
6.252
6.049
6.325
6.023
5.971
6.802
5.955
7.108
6.872
5.403
6.888
5.714
5.147
6.828
6.933
6.455
6.856
7.367
6.890
6.947
6.958
7.148
6.830
1.238
5.550
6.829
7.475
7.186
6.732
6.591
1.489
6.387
6.759
5.441
6.527
7.273
4.561
6.895
6.534
6.905
6.991
6.935
6.890
7.237
6.889
6.962
6.677
6.932
7.436
6.845
7.149
7.172
6.886
5.640
5.688
5.602
3.071
7.079
7.088
2.490
7.106
7.174
7.285
6.717
7.169
7.169
7.097
7.037
6.332
7.002
7.052
5.798
7.684
7.003
6.800
6.919
7.282
7.358
6.187
6.518
6.188
6.863
5.904
5.935
6.886
7.298
6.640
6.887
6.630
6.858
6.386
6.000
6.677
6.761
6.079
6.230
6.396
7.350
5.995
6.036
6.583
6.545
6.589
7.372
6.589
7.015
7.018
5.843
6.609
6.832
6.341
6.890
6.308
6.091
6.063
5.832
5.779
7.367
6.889
6.947
7.273
6.293
6.823
5.707
6.831
6.150
5.722
6.091
7.475
7.186
7.106
6.732
6.591
7.684
5.845
4.075
6.163
6.787
5.976
6.890
7.462
6.907
7.314
6.993
6.892
6.895
6.876
7.065
7.576
7.042
7.060
7.235
6.389
7.420
7.235
6.973
7.496
5.719
5.386
6.840
5.685
7.141
7.178
7.026
7.393
5.601
6.209
7.262
6.804
7.245
7.200
6.590
6.997
7.574
6.495
6.262
7.173
7.288
7.703
7.003
6.800
7.282
7.358
7.350
5.983
5.458
6.329
6.286
6.718
7.465
5.493
6.294
7.356
6.357
4.166
6.717
6.407
6.002
6.153
6.004
6.611
6.018
6.151
5.644
5.769
6.861
6.215
5.670
6.293
6.352
6.107
6.220
6.688
7.205
6.081
6.564
6.949
6.796
7.296
5.326
6.689
7.597
6.020
5.431
7.113
7.367
6.895
6.947
6.473
6.198
5.372
7.475
6.497
7.186
6.129
7.106
5.963
7.496
7.026
5.742
7.703
7.684
5.578
6.909
7.247
7.170
6.996
7.001
6.991
6.946
7.460
7.047
5.477
6.962
7.132
7.565
6.980
6.893
7.014
7.280
7.171
6.900
7.143
7.100
6.930
7.120
7.010
5.670
6.904
7.451
7.354
7.269
7.313
7.123
7.104
7.065
7.097
6.354
7.309
6.730
7.263
6.956
6.024
7.159
7.569
7.074
7.353
7.003
7.282
7.358
7.350
6.141
6.002
6.056
6.363
6.133
6.786
6.606
6.920
6.415
6.362
6.508
6.871
4.865
5.674
7.148
6.316
7.105
7.156
5.911
6.668
6.049
6.967
6.788
5.820
6.993
6.008
7.063
6.889
6.812
6.357
6.525
5.980
5.915
5.995
6.112
6.171
5.446
6.344
6.890
6.889
7.156
7.367
6.895
7.228
4.875
6.947
6.565
5.776
6.761
7.475
6.009
6.234
7.186
5.997
7.106
4.371
7.496
7.026
7.703
7.684
7.353
7.449
5.640
6.973
7.171
6.054
7.219
6.318
7.530
6.192
7.123
7.584
6.940
5.781
7.330
7.011
6.894
7.356
7.096
7.314
6.942
6.885
6.830
7.224
7.243
6.889
7.039
7.378
6.944
7.155
7.246
7.091
7.341
7.315
6.838
6.974
6.986
7.349
7.000
7.179
6.442
6.981
6.113
6.619
7.358
7.218
6.982
7.558
7.701
7.003
7.282
7.358
7.350
6.192
6.068
6.163
6.433
6.271
6.523
6.819
5.446
6.326
5.577
6.018
7.000
5.879
6.858
3.001
7.189
7.211
6.692
6.740
5.385
6.595
6.099
6.202
5.766
5.888
7.367
6.895
6.947
6.786
6.741
6.955
5.895
6.836
5.545
7.192
6.945
6.890
7.022
7.181
7.106
7.291
7.115
5.624
7.475
7.186
7.106
7.496
5.792
6.984
5.615
7.351
6.945
6.992
6.874
7.703
7.684
7.353
6.643
6.982
5.224
5.257
6.674
7.469
6.991
7.304
7.143
7.026
7.399
6.156
7.045
7.304
6.346
7.196
6.286
7.090
6.761
5.696
5.436
3.442
6.963
7.254
7.175
7.156
6.181
5.649
5.617
5.670
7.209
7.210
7.324
6.732
7.307
7.224
7.292
7.172
6.248
7.027
2.434
7.701
7.310
7.003
7.282
7.358
5.196
6.043
6.196
6.823
6.260
6.500
5.819
6.075
6.116
5.485
7.228
6.947
6.850
6.890
6.781
6.558
6.951
7.394
5.488
7.475
7.135
7.511
7.470
7.219
7.072
7.448
7.392
7.126
7.093
6.186
7.367
6.895
2.637
6.894
7.404
7.494
1.707
6.907
5.474
6.091
6.385
6.836
7.475
7.186
7.156
7.106
7.496
5.732
6.905
5.732
6.616
7.703
5.772
7.310
6.837
7.684
7.196
6.620
7.353
5.848
7.464
7.334
7.220
6.968
6.817
7.319
7.267
7.468
5.636
5.700
6.395
5.477
7.255
7.254
6.522
7.240
6.738
7.117
7.109
7.159
7.039
6.963
7.335
7.331
7.114
7.090
7.165
7.489
7.696
2.441
7.129
7.693
7.597
7.240
7.012
7.111
7.708
7.707
7.003
7.282
7.358
7.367
6.895
7.020
7.381
6.135
6.245
6.742
7.355
6.699
6.789
6.768
5.849
7.280
6.925
7.112
6.958
7.031
6.885
6.989
6.992
6.898
6.999
6.680
7.457
6.884
6.285
6.851
6.866
5.994
6.323
4.785
6.959
7.510
5.376
7.383
6.037
6.422
6.181
6.041
6.780
6.100
7.319
6.844
7.255
5.590
7.475
7.240
7.186
7.156
6.084
6.014
7.707
7.310
7.684
5.896
7.196
5.838
6.101
6.655
6.724
5.124
5.482
6.515
7.694
7.692
7.544
7.140
5.450
6.955
7.592
6.393
7.718
7.064
6.200
5.692
6.704
7.075
6.475
7.396
5.836
6.827
7.241
6.838
6.976
7.219
7.187
6.745
7.271
6.748
7.035
7.179
6.539
7.403
7.200
7.198
6.995
7.038
7.293
7.034
7.700
7.687
7.707
7.003
7.282
7.358
7.367
7.211
3.039
6.060
7.220
6.737
5.398
6.185
5.868
6.657
6.491
6.555
6.669
7.353
5.983
7.320
6.648
7.065
7.236
6.163
6.990
5.981
6.708
7.199
6.208
6.479
7.020
7.206
6.953
7.311
7.175
7.437
7.203
7.128
7.069
6.897
5.717
6.245
5.367
6.953
6.997
6.943
7.319
7.141
7.255
7.475
7.238
6.955
7.240
6.418
7.241
5.839
7.718
7.687
7.544
7.310
7.200
6.117
5.899
6.677
6.149
5.868
7.185
6.087
5.520
5.447
7.040
6.695
6.761
5.472
5.613
7.095
5.488
6.779
7.339
7.229
5.432
7.347
7.093
7.204
7.230
7.217
7.236
7.029
7.045
7.333
7.155
7.417
7.152
7.269
7.764
7.120
7.708
6.899
7.387
7.292
7.678
7.754
7.489
7.579
5.422
7.003
7.282
7.358
7.367
5.611
6.611
6.310
5.933
5.791
7.281
6.758
6.797
7.052
6.953
6.195
6.863
6.049
6.390
5.731
6.313
6.569
6.797
6.877
7.104
6.054
5.820
6.822
6.957
6.260
7.088
6.942
6.227
7.369
6.086
6.990
7.263
7.013
7.470
6.806
6.684
7.282
7.211
7.337
7.203
6.952
7.256
7.461
6.681
6.947
6.853
5.636
7.319
7.255
6.955
7.240
7.241
3.986
7.764
7.718
5.458
7.687
7.387
7.544
7.310
5.696
6.289
7.058
5.803
6.679
7.237
6.769
7.189
7.305
5.399
7.186
6.210
7.029
6.742
6.834
7.169
6.724
7.152
7.587
7.108
6.114
7.100
7.116
6.759
7.749
7.713
7.753
7.736
7.695
7.577
7.701
7.759
7.708
7.230
7.306
7.704
7.688
7.304
7.707
7.435
7.720
7.699
7.755
7.003
7.282
7.367
6.693
6.517
6.916
6.123
6.981
7.294
6.055
6.611
6.742
6.182
6.634
7.063
6.198
6.935
6.539
7.105
5.758
5.536
6.322
6.185
6.956
6.281
5.568
5.921
5.553
7.160
7.516
7.346
7.254
7.077
6.975
7.564
6.100
7.319
7.305
7.255
6.955
6.342
6.956
6.928
6.946
5.578
6.320
6.279
6.090
6.008
6.344
5.595
6.350
6.170
7.764
7.718
5.494
7.688
7.435
7.687
7.387
7.544
7.310
4.852
4.416
6.498
7.167
7.356
5.665
7.319
7.705
7.229
7.364
7.560
5.983
6.218
6.733
6.507
6.194
5.916
6.999
5.826
6.757
6.113
5.440
7.273
7.701
7.419
7.548
6.983
6.774
7.063
7.636
7.136
7.140
7.714
7.708
7.752
7.214
7.703
7.502
7.719
7.508
7.257
7.342
7.563
7.578
7.318
7.355
6.551
6.278
6.625
6.878
7.477
6.429
5.488
6.217
6.992
7.159
6.217
6.388
7.340
7.422
7.039
6.780
6.701
6.436
6.295
6.359
7.044
6.974
6.913
6.888
7.319
6.731
6.333
7.305
5.669
6.966
5.570
7.225
6.563
5.617
6.864
6.283
6.281
7.028
6.532
6.192
5.651
7.255
5.793
6.955
6.393
6.470
6.148
6.778
7.368
5.224
6.230
6.121
5.181
5.630
6.784
7.764
7.718
7.688
7.563
5.473
7.190
7.435
7.687
7.508
7.387
7.544
7.310
7.223
7.140
5.704
5.790
6.585
6.393
7.004
7.184
7.160
7.192
7.255
7.246
7.408
7.191
7.274
7.171
2.933
7.709
7.693
7.708
7.691
7.581
7.697
7.531
7.376
7.518
7.632
7.697
7.757
7.688
7.755
7.054
7.696
7.744
7.705
7.207
7.209
7.699
7.767
7.344
7.651
7.578
7.475
7.080
7.488
7.740
7.334
6.152
5.873
6.259
6.919
6.709
7.305
6.030
6.814
5.612
6.776
6.640
6.649
6.835
6.229
6.945
5.941
6.179
5.275
5.462
6.955
7.126
7.130
6.989
7.191
5.652
6.885
5.474
5.867
6.915
7.154
5.650
5.455
7.419
6.286
5.457
6.161
5.694
6.217
5.620
6.287
6.897
7.319
7.305
7.255
7.490
6.969
7.209
6.439
5.405
6.326
6.666
6.211
5.978
7.767
7.764
7.688
7.563
7.435
7.687
7.376
7.518
7.508
7.387
7.246
7.544
7.302
7.209
6.274
7.144
6.605
6.214
7.268
5.443
6.997
6.918
7.697
6.094
7.124
7.086
7.392
7.226
7.398
7.394
7.567
7.491
7.425
7.801
7.700
7.755
7.706
7.707
7.670
7.305
7.700
7.757
7.701
7.711
7.701
7.578
7.708
7.493
7.696
7.173
7.194
6.781
7.492
7.757
7.683
7.690
7.709
7.704
7.348
6.340
6.352
6.323
6.813
5.145
6.454
5.298
5.283
6.903
6.130
6.636
6.240
6.984
6.270
6.822
6.972
6.976
7.272
7.533
7.270
6.826
7.319
7.490
7.305
7.255
7.103
7.218
6.887
5.548
7.377
5.497
6.151
6.850
6.600
7.338
7.260
6.346
5.988
6.304
5.453
6.604
7.081
7.053
5.658
7.235
5.675
6.828
7.047
5.395
6.346
6.781
4.856
7.359
7.801
7.767
7.688
7.563
7.435
7.687
7.376
7.518
7.508
7.387
7.246
6.014
7.630
7.310
6.652
6.284
7.753
7.398
6.014
7.092
5.617
5.114
7.143
7.142
7.396
6.727
7.192
7.405
7.714
7.014
7.707
7.751
7.179
7.705
7.583
7.706
7.752
7.345
7.583
7.703
7.542
7.706
7.759
7.113
7.578
7.113
7.076
7.003
7.195
7.222
7.706
7.219
7.541
7.745
6.892
7.031
6.663
6.817
5.655
5.798
5.086
7.376
6.787
6.855
7.517
6.341
6.952
7.357
7.256
7.081
7.094
5.501
7.319
7.490
7.305
7.255
7.188
6.747
5.487
5.754
6.749
6.387
6.292
5.472
5.994
5.368
7.569
7.084
5.472
7.187
5.675
7.143
7.220
7.088
7.215
6.420
6.875
7.175
7.071
7.413
5.070
7.257
6.255
6.432
7.801
7.767
7.688
7.563
7.435
7.687
7.376
7.541
5.077
7.518
7.508
7.387
6.726
7.046
7.388
7.583
7.581
7.706
7.376
7.707
7.677
7.750
7.701
7.215
7.166
7.178
7.258
7.713
7.305
7.694
7.693
7.188
7.698
7.329
7.701
7.703
7.562
7.707
7.409
7.554
7.701
6.876
7.697
7.721
7.577
7.487
7.695
7.308
6.963
7.753
7.165
7.195
7.686
7.165
7.082
7.733
7.329
7.706
7.707
7.389
6.487
7.155
6.046
6.828
5.368
5.776
6.341
7.093
5.669
5.667
5.930
6.448
6.989
6.679
6.580
6.343
7.501
7.564
7.496
7.434
7.297
6.322
6.321
5.502
7.409
5.774
6.269
6.479
6.570
7.218
6.730
5.673
6.726
5.803
5.667
5.409
6.056
5.627
6.990
6.179
7.388
7.319
7.490
7.305
7.255
6.428
6.414
6.305
6.369
6.066
6.930
6.815
5.460
7.801
7.767
5.744
7.688
7.563
7.435
7.687
7.376
7.409
7.541
7.518
7.170
6.250
7.365
5.412
7.152
7.128
7.188
7.176
5.681
7.060
7.178
7.695
7.226
5.617
5.720
6.283
7.357
7.307
7.597
7.705
7.737
7.534
7.711
7.700
7.692
7.167
7.585
7.195
7.320
7.705
7.584
7.703
7.697
7.715
7.334
7.560
7.756
7.358
7.703
7.753
7.079
7.171
7.562
7.184
7.707
7.701
5.780
7.376
6.165
6.281
6.141
6.969
6.887
7.116
6.770
7.239
6.606
5.938
6.987
6.967
5.410
5.480
5.472
6.589
5.530
5.513
6.386
7.185
5.451
5.501
5.614
6.275
7.388
7.319
7.490
7.305
7.255
6.383
6.769
5.653
7.074
6.233
6.275
6.219
5.700
5.669
7.154
7.396
7.215
6.068
5.887
6.691
6.879
5.392
5.973
5.005
5.516
6.946
4.792
7.801
7.767
7.597
6.288
6.120
7.688
7.435
7.687
7.376
7.409
7.541
7.518
6.040
7.371
6.989
7.160
7.099
7.276
7.095
6.958
5.840
7.720
7.251
7.708
6.894
7.699
6.975
7.705
7.712
7.349
7.195
7.737
7.709
7.312
7.202
7.104
7.602
7.705
7.178
7.583
7.582
7.760
6.994
7.708
7.746
7.700
7.346
7.755
7.734
7.710
7.744
7.694
7.147
7.581
7.713
7.302
7.556
7.706
7.749
7.388
7.319
7.490
7.305
7.255
7.226
6.310
6.943
6.302
6.596
6.917
6.024
5.714
6.181
6.856
6.971
6.346
6.953
7.022
6.754
7.167
7.305
5.536
5.628
5.693
5.485
6.267
5.653
6.763
5.683
5.432
6.614
7.104
6.155
5.716
6.243
6.996
7.042
6.841
5.262
6.180
6.145
5.861
5.902
4.766
7.563
5.525
7.481
6.013
6.747
3.940
5.025
5.743
5.583
7.801
7.767
7.597
7.688
7.435
7.687
7.376
7.409
7.541
7.518
7.168
7.774
7.417
7.301
7.576
7.593
7.716
7.274
7.737
7.170
7.700
6.969
7.750
7.231
7.710
7.695
7.690
7.244
7.508
7.437
7.337
7.688
7.695
7.754
7.697
7.704
7.706
6.842
7.709
7.147
7.702
7.577
7.719
7.584
7.575
7.577
7.486
7.309
7.579
2.659
7.181
7.686
7.580
7.738
7.718
7.700
7.707
7.685
7.146
6.678
6.888
6.973
6.371
6.022
6.857
6.408
6.220
6.936
6.791
6.886
6.893
4.983
6.928
7.151
7.256
7.002
6.615
5.489
5.643
5.617
6.846
6.861
5.895
7.460
5.408
5.650
6.051
6.224
6.380
6.489
6.713
5.642
7.123
7.211
7.016
6.162
5.778
6.176
7.162
7.388
7.319
7.490
7.305
4.385
6.034
5.964
5.818
6.114
6.858
5.401
5.785
7.801
7.767
5.931
7.597
7.688
7.437
7.687
7.376
7.409
7.541
7.518
7.274
7.004
5.124
5.647
5.609
5.435
6.057
6.212
7.185
5.446
7.757
7.730
7.749
7.579
7.447
7.072
7.076
6.963
7.559
6.119
6.873
7.562
7.560
7.709
7.708
7.175
7.706
7.763
7.690
7.559
7.700
7.708
7.717
7.706
7.196
7.458
7.487
7.708
7.773
7.689
7.696
7.583
7.742
7.215
7.741
7.732
7.692
5.622
6.551
6.128
6.711
6.376
6.396
6.244
6.582
7.138
7.407
6.109
7.450
7.282
5.109
6.282
6.240
6.998
6.772
5.472
6.140
5.516
6.178
6.596
6.499
6.389
6.225
5.414
5.128
5.887
6.086
7.388
7.319
7.490
7.305
5.523
6.355
5.753
6.129
5.104
7.143
5.525
7.182
6.194
5.447
7.326
5.598
7.180
5.590
5.879
6.201
5.809
6.651
6.137
5.664
5.771
7.801
7.028
7.613
7.173
7.051
7.131
7.223
7.189
7.392
6.039
7.767
7.304
2.657
7.219
7.582
7.559
7.706
6.977
7.169
7.597
7.690
7.437
7.698
7.687
7.706
7.521
7.054
7.724
7.695
7.376
7.604
7.707
7.409
7.707
7.541
7.518
7.274
7.692
7.092
7.703
7.580
7.693
7.713
7.717
7.706
7.688
7.733
7.583
7.749
7.720
7.421
7.585
7.695
7.217
7.751
7.709
7.311
7.700
5.008
7.744
