hardness
 (GPa)  
   4.153
   4.448
   4.524
   5.087
   3.995
   5.674
   5.257
   5.379
   3.950
   4.102
   4.944
   4.188
   4.498
   2.786
   3.402
   1.738
   5.527
   4.742
   3.342
   3.250
   3.703
   4.967
   5.478
   4.886
   5.039
   4.736
   4.636
   4.363
   2.611
   4.136
   4.095
   5.769
   4.124
   4.885
   4.739
   2.871
   4.762
   3.793
   3.607
   4.162
   1.826
   3.632
   1.737
   3.496
   4.497
   3.047
   3.770
   4.209
   2.856
  -1.331
   6.525
   4.784
   5.315
   2.190
   3.517
   4.042
   4.167
   4.127
   4.477
   4.356
   5.659
   4.367
   4.719
   1.450
   4.378
   5.385
   4.311
   5.453
   3.577
   5.436
   5.631
   6.359
   4.371
   6.765
   5.176
   4.350
   3.025
   5.161
   4.078
   4.831
   4.480
   3.276
   4.483
   3.947
   3.321
   3.407
   3.580
   4.947
   3.047
   4.006
   3.445
   1.738
   0.774
   3.286
   4.867
   4.459
   4.503
   3.582
   2.727
   3.488
   4.653
   5.964
   5.234
   2.505
   0.082
   5.788
   4.994
  -0.398
   6.400
   5.177
   5.562
   5.167
   5.084
   4.493
   6.423
   4.494
   3.240
   5.175
   6.065
   7.327
   5.706
   5.111
   0.912
   5.146
   6.778
   3.918
   6.130
   6.721
   6.118
   3.959
   3.957
   4.791
   3.621
   5.428
   1.451
   6.299
   6.694
   5.277
   4.917
   4.611
   7.976
   4.631
   5.615
   6.867
   4.380
   4.450
   4.232
   2.687
   3.980
   1.942
   4.944
   4.471
   4.400
   5.857
   3.039
   5.466
   5.941
   6.322
   5.402
   5.477
   7.908
   7.286
   5.321
   5.928
   4.104
   4.586
   7.125
   5.712
   5.946
   5.515
   6.773
   5.923
   2.568
   7.054
   5.197
   3.930
   6.513
   6.197
   7.036
   4.983
   7.760
   6.576
   6.916
   7.705
   6.411
   7.656
   4.905
   4.574
   4.486
   7.379
   7.976
   4.503
   7.327
   6.423
   6.065
   5.175
   4.494
   4.471
   3.899
   6.929
   5.090
   3.757
   5.777
   5.185
   5.260
   4.857
   5.541
   5.644
   5.154
   7.656
   4.624
   6.310
   5.745
   5.294
   4.329
   4.958
   4.112
   3.460
   4.811
   7.908
   5.600
   4.453
   5.940
   4.718
   3.925
   7.125
   6.773
   5.712
   4.858
   5.321
   5.134
   6.959
   4.991
   5.670
   6.416
   6.001
   5.327
   4.344
   5.338
   4.678
   5.517
   3.362
   3.823
   5.051
   3.368
   4.345
   2.699
   3.186
   2.971
   5.054
   4.589
   7.705
   7.656
   5.520
   6.873
   3.223
   5.589
   1.358
   6.800
   1.474
   3.319
   6.277
   5.948
   6.363
   6.442
   5.293
   5.043
   3.824
   5.468
   4.169
  -1.560
   5.793
   4.945
   2.451
   5.638
   7.965
   6.849
   5.897
   4.877
   4.045
   6.364
   5.333
   3.157
   7.370
   4.746
   7.343
   7.761
   6.394
   8.060
   6.073
   0.212
   4.119
   6.866
   7.320
   2.512
   6.393
  -3.336
   6.571
   6.618
  -2.512
   7.068
   6.929
   7.976
   7.656
   7.327
   6.873
   3.291
   5.084
   3.619
   3.133
   2.283
   5.810
   3.860
   5.591
   4.486
   6.105
   1.415
   5.850
   6.276
   7.941
   7.204
   5.696
   3.390
   6.342
   5.629
   5.881
   5.021
   5.321
   5.488
   6.747
   4.723
   4.764
   4.774
   5.281
   4.428
   5.071
   4.730
   7.908
   7.125
   6.849
   4.150
   4.386
   5.812
   4.084
   4.631
   5.839
   7.965
   7.370
   7.343
   5.491
   5.747
   3.488
   6.936
   5.016
   6.298
   4.268
   4.037
   8.060
   7.656
   7.320
   7.068
   5.466
   4.578
   5.460
   1.476
   1.203
   5.166
   5.510
   7.250
   5.712
   6.161
   5.610
   5.619
   6.243
   6.898
   6.590
   5.225
   6.397
   7.283
   5.400
   7.250
   6.284
   7.521
   6.900
   6.674
   6.833
   0.094
   7.009
   5.373
   4.660
   6.640
   7.145
   6.045
   6.777
   6.298
   6.802
   2.966
  -1.905
   5.161
   6.963
   6.185
   5.455
   6.909
   6.858
   7.976
   7.656
   7.327
   7.941
   5.957
   4.554
   4.091
   6.149
   5.916
   6.194
   7.691
   5.366
   4.377
   5.877
   4.798
   7.908
   7.125
   7.019
   6.597
   2.838
   3.847
   4.482
   6.125
   4.080
  -0.278
   4.146
   3.777
   0.481
   5.191
   5.386
   4.052
   6.377
   5.845
   5.388
   5.810
   6.390
   6.394
   7.383
   6.207
   4.344
   0.938
   5.079
   6.910
   3.976
   5.911
   6.975
   3.868
   5.916
   7.965
   3.656
   4.829
   4.723
   6.540
   7.370
   7.343
   7.250
   7.250
   1.687
   4.197
   8.060
   7.656
   7.320
   7.068
   1.046
   2.863
   6.240
   7.061
   4.242
   7.114
   6.238
   5.566
   6.839
   7.194
   3.616
   7.115
   7.039
   5.888
   4.356
   5.629
   4.871
   7.150
   3.399
   4.857
   5.664
   6.759
   5.889
   7.385
   5.615
   7.077
   7.812
   5.836
   7.337
   7.109
   7.627
   6.097
   6.473
  -0.702
   6.915
   4.442
   7.663
   6.442
   6.596
   6.049
   6.232
   7.255
   5.519
   4.153
   7.400
   6.543
   7.976
   7.691
   7.656
   7.941
   3.712
   4.525
   3.181
   6.086
   7.223
   4.786
   5.266
   5.313
   3.463
   4.788
   5.243
   5.794
   5.338
   6.181
   1.688
   6.093
   5.563
   4.904
   4.901
   4.849
   5.627
   7.908
   7.383
   4.825
   5.864
   6.505
   4.487
   5.324
   7.090
   5.963
   5.326
   5.921
   1.115
   3.444
   4.675
   1.044
   5.698
   5.585
   4.809
   7.965
   7.627
   7.370
   7.343
   4.830
  -2.713
   6.085
   5.296
   6.460
   1.798
   6.238
   4.837
   6.425
   3.984
   4.034
   8.060
   7.812
   7.656
   7.400
   7.337
   5.391
   5.605
   7.097
   7.742
   6.019
   5.216
   6.426
   3.555
   5.614
   4.251
   4.924
   6.891
   5.995
   7.283
   5.385
   6.853
   4.764
   7.113
   4.678
   6.461
   7.608
   6.300
   7.039
   7.719
   6.570
   7.846
   5.096
   5.279
   7.079
   7.521
   5.883
   7.615
   6.942
   6.994
   4.976
   4.586
   6.636
   7.111
   4.441
   6.377
   2.931
   5.588
   7.775
   7.137
  -1.596
   4.425
   6.318
   0.515
   7.976
   7.691
   7.656
   7.941
   7.908
   7.383
   4.811
   5.714
   5.509
   7.040
   7.114
   4.413
   6.053
   6.330
   5.596
   3.289
   7.202
   0.567
   4.264
   7.262
   5.063
   5.791
   5.136
   5.700
   5.179
   6.715
   6.123
   4.715
   5.755
   5.375
   6.243
   2.968
   5.078
   5.954
   6.051
   7.167
  -1.796
   6.974
   6.164
   1.005
   7.295
   4.901
   5.950
   6.400
   7.965
   7.846
   7.719
   7.627
   7.370
   4.896
  -3.322
   5.273
   4.678
   8.060
   7.812
   7.656
   7.400
  -3.333
   4.213
   2.594
   3.439
   5.553
   7.586
  -0.770
   7.193
   6.317
   4.527
   5.696
   7.050
   7.199
   6.683
   7.849
   6.594
   4.951
   6.110
   7.496
   6.607
   7.356
   7.388
   7.207
   3.065
   5.674
   4.494
  -3.364
   7.211
   6.885
   0.195
   7.788
   6.359
   7.255
   7.562
   7.661
   7.386
   6.787
   4.353
   6.450
   4.701
   7.099
   1.495
   8.002
   7.976
   7.691
   7.656
   7.941
   7.908
   5.670
   5.539
   1.755
   6.453
   4.709
   2.511
   6.794
   6.369
   3.660
   5.284
   3.462
   7.591
   4.991
   2.880
   5.395
   5.200
   4.987
   6.540
   7.010
   7.737
   6.528
   6.222
   6.116
   4.769
   6.119
   6.275
   6.199
   6.696
   7.288
   3.489
   5.379
   5.283
   5.082
   5.875
   6.091
   4.763
   4.904
   4.388
   5.237
   7.965
   7.849
   7.719
   7.586
   4.218
   5.748
   1.922
   4.482
   3.795
   3.706
   2.097
   8.060
   7.812
   7.788
   7.656
   7.400
   8.002
   4.232
   2.185
   5.000
   5.272
   5.344
   7.207
   6.457
   6.710
   6.359
   6.426
   7.854
   7.860
   7.188
   7.608
   6.650
   5.451
   7.654
   6.797
   5.543
   7.404
   7.788
   6.899
   7.768
   3.434
   3.779
   6.185
   5.104
   7.102
   7.368
   7.701
   7.884
   3.654
   1.913
   7.747
   3.920
   7.720
   6.798
   5.267
   3.941
   7.574
   6.022
   4.908
   7.388
   6.385
   8.432
   7.976
   7.691
   7.941
   7.908
   7.737
   5.358
   4.608
   3.915
   4.425
   5.866
   6.281
   5.489
   4.312
   6.962
   3.690
  -1.279
   5.974
   6.050
   5.185
   4.476
   2.987
   5.402
   6.044
   5.978
   3.213
   5.670
   5.746
   4.435
   2.658
   5.635
   6.211
   5.538
   3.229
   4.395
   5.870
   6.299
   4.674
   5.411
   5.306
   6.939
   2.990
   6.315
   7.903
   4.111
   1.982
   4.870
   7.965
   7.860
   7.719
   6.073
   5.069
   3.260
   8.060
   3.617
   7.812
   5.874
   7.788
   4.570
   7.768
   7.701
   3.029
   8.432
   8.002
   3.205
   6.379
   7.687
   7.556
   5.661
   7.429
   6.392
   6.969
   7.487
   7.797
   4.161
   5.542
   6.107
   7.648
   7.664
   7.216
   7.008
   7.817
   6.528
   6.255
   7.727
   7.708
   4.613
   5.711
   5.494
   4.140
   5.423
   6.980
   5.793
   7.220
   7.155
   6.206
   7.703
   5.823
   7.153
   5.778
   7.544
   7.131
   7.260
   6.966
   2.521
   7.370
   7.590
   7.070
   7.760
   7.976
   7.941
   7.908
   7.737
   4.728
   3.352
   4.560
   6.275
   5.652
   6.297
   4.385
   4.878
   4.893
   5.369
   5.427
   4.130
   0.211
   5.804
   7.076
   5.438
   6.592
   6.878
   4.937
   5.069
   6.268
   6.285
   5.207
   6.100
   4.414
   5.190
   7.406
   5.303
   6.502
   3.101
   6.598
   4.838
   3.503
   5.415
   4.252
   5.847
   4.356
   4.938
   6.440
   7.228
   5.608
   7.965
   7.860
   6.573
   2.478
   7.719
   4.214
   4.977
   3.638
   8.060
   3.686
   5.158
   7.812
   3.813
   7.788
   2.103
   7.768
   7.701
   8.432
   8.002
   7.760
   7.719
   0.201
   7.650
   6.479
   5.079
   6.883
   4.812
   7.366
   6.343
   7.826
   6.969
   7.004
   2.262
   6.763
   7.286
   7.224
   7.335
   6.464
   6.808
   6.248
   7.835
   6.832
   6.829
   7.849
   7.212
   7.048
   7.826
   5.780
   6.068
   7.313
   6.165
   6.125
   6.414
   5.591
   4.676
   7.629
   7.218
   4.818
   5.949
   7.207
   5.092
   5.527
   6.869
   6.874
   7.085
   7.716
   7.559
   8.428
   7.976
   7.941
   7.908
   7.737
   5.490
   5.219
   4.311
   6.516
   4.543
   6.458
   6.279
   4.701
   6.358
   4.637
   3.572
   6.849
   3.601
   4.928
  -2.772
   6.088
   7.294
   6.560
   5.982
   1.254
   5.221
   4.969
   6.443
   4.476
   5.656
   7.965
   7.860
   7.719
   5.877
   7.270
   4.584
   5.544
   6.501
   5.929
   6.371
   6.536
   6.376
   6.876
   6.800
   7.339
   7.256
   7.096
   2.119
   8.060
   7.812
   7.788
   7.768
   3.785
   7.451
   3.775
   7.838
   7.088
   7.401
   4.754
   8.432
   8.002
   7.760
   6.963
   7.716
   1.525
   2.475
   4.437
   6.859
   6.437
   7.221
   5.933
   7.587
   7.882
   5.333
   7.702
   5.831
   5.166
   7.804
   5.466
   7.535
   4.397
   4.520
   4.061
  -0.402
   6.538
   7.324
   7.103
   7.802
   4.061
   4.191
   4.388
   4.627
   7.530
   6.743
   6.433
   7.070
   7.294
   6.219
   6.819
   6.265
   6.507
   5.085
   0.500
   8.428
   8.021
   7.976
   7.941
   7.908
   4.484
   3.799
   4.296
   7.616
   4.077
   4.524
   2.111
   4.293
   6.318
   3.386
   6.199
   6.392
   6.264
   7.198
   5.828
   5.348
   6.789
   7.401
   3.293
   6.837
   5.561
   7.736
   6.925
   7.341
   6.460
   6.745
   7.112
   6.344
   6.890
   5.897
   7.965
   7.860
  -1.105
   7.198
   7.716
   7.384
  -3.076
   4.498
   4.396
   0.645
   3.724
   6.247
   8.060
   7.812
   7.802
   7.788
   7.768
   3.194
   6.183
   3.484
   3.192
   8.432
   4.439
   8.021
   0.979
   8.002
   7.804
   5.436
   7.760
   3.753
   7.655
   7.206
   6.800
   6.564
   6.870
   8.298
   6.563
   7.277
   4.437
   4.326
   6.792
   4.451
   8.096
   6.664
   1.949
   7.928
   7.679
   5.439
   7.566
   7.805
   5.517
   5.232
   5.879
   7.370
   5.955
   6.776
   7.567
   7.425
   8.417
   0.545
   5.268
   8.412
   7.691
   7.298
   4.380
   7.188
   8.398
   8.440
   7.976
   7.941
   7.908
   7.965
   7.860
   7.614
   4.619
   5.671
   5.955
   5.269
   7.861
   6.422
   6.574
   6.688
   4.992
   7.816
   7.573
   7.631
   6.960
   6.808
   7.199
   6.591
   5.647
   7.223
   7.312
   5.771
   7.298
   7.836
   4.301
   6.290
   6.224
   4.006
   4.485
  -1.215
   7.316
   6.713
  -2.264
   7.775
  -1.591
   7.054
   4.153
   3.387
   5.134
   4.824
   8.298
   6.640
   8.096
   3.076
   8.060
   7.928
   7.812
   7.802
   5.138
   2.795
   8.440
   8.021
   8.002
   4.845
   7.804
   4.262
   4.395
   6.491
   6.181
  -1.794
   4.832
   4.598
   8.410
   8.407
   8.035
   7.537
   4.456
   8.018
   7.869
   2.976
   8.462
   5.826
   5.787
   4.669
   6.397
   7.815
   5.028
   7.134
   0.531
   4.561
   7.894
   7.728
   6.320
   6.730
   7.195
   7.699
   6.926
   7.170
   2.703
   5.987
   6.210
   6.556
   7.877
   7.621
   7.626
   6.504
   7.827
   7.350
   8.427
   8.361
   8.439
   7.976
   7.941
   7.908
   7.965
   7.434
  -3.358
   5.775
   6.766
   2.320
   4.010
   3.876
   4.432
   4.282
   2.564
   4.945
   4.890
   7.476
   4.566
   6.504
   6.487
   6.678
   6.788
   2.465
   6.426
   3.896
   6.631
   5.007
   5.464
   5.602
   7.743
   6.482
   5.602
   7.291
   6.895
   7.075
   7.408
   7.816
   6.576
   7.864
   0.078
   4.844
  -0.470
   6.943
   7.259
   6.660
   8.298
   7.276
   8.096
   8.060
   6.862
   8.018
   7.928
   5.242
   7.894
   3.339
   8.462
   8.361
   8.035
   8.021
   7.877
   3.643
   3.882
   5.227
   3.707
   1.877
   7.386
   4.179
   5.199
   4.964
   5.113
   6.889
   4.908
   3.467
   3.708
   6.956
   5.188
   5.174
   7.716
   6.047
   4.162
   7.540
   7.128
   7.148
   7.866
   7.683
   5.759
   5.541
   5.817
   7.053
   7.233
   7.377
   6.896
   7.142
   8.505
   6.294
   8.442
   7.438
   8.067
   7.901
   7.990
   8.474
   7.785
   7.842
   4.340
   7.976
   7.941
   7.908
   7.965
   3.101
   5.689
   5.098
   4.494
   6.073
   4.773
   6.389
   7.405
   5.584
   3.994
   5.118
   4.752
   6.245
   5.651
   5.114
   4.521
   6.204
   5.541
   5.857
   7.169
   5.669
   5.636
   5.604
   7.720
   5.613
   6.967
   6.883
   5.901
   6.113
   4.905
   7.034
   7.679
   7.511
   7.375
   4.868
   5.345
   7.980
   7.016
   6.870
   6.953
   7.603
   6.599
   7.960
   6.182
   6.999
   4.355
   3.309
   8.298
   8.096
   8.018
   7.928
   7.894
   2.749
   8.505
   8.462
   3.778
   8.361
   8.067
   8.035
   8.021
   4.636
   5.128
   6.428
   4.313
   6.723
   5.684
   4.741
   7.801
   8.109
   4.080
   7.785
   5.796
   5.975
   6.954
   6.547
   7.317
   7.644
   5.677
   7.407
   6.771
   0.151
   5.483
   6.840
   6.162
   8.467
   8.454
   8.477
   8.455
   8.413
   7.849
   8.429
   8.480
   8.439
   6.826
   8.008
   8.432
   8.405
   8.012
   8.439
   8.365
   8.087
   8.425
   8.481
   7.976
   7.980
   7.965
   5.147
   6.714
   5.776
   5.999
   2.573
   5.766
   6.299
   6.306
   6.210
   6.495
   4.836
   7.624
   5.795
   7.065
   6.979
   6.145
   4.856
   5.579
   5.144
   4.963
   7.360
   4.170
   4.462
   3.481
  -1.912
   7.685
   7.917
   7.775
   7.280
   6.301
   7.688
   7.074
   3.766
   8.298
   8.109
   8.096
   8.018
   4.567
   7.019
   6.591
   6.740
  -0.851
   6.244
   5.448
   2.670
   4.534
   5.023
   3.365
   4.030
   3.223
   8.505
   8.462
   3.410
   8.405
   8.365
   8.361
   8.067
   8.035
   8.021
   2.909
   2.470
   6.273
   7.389
   7.260
   5.671
   6.719
   8.435
   7.104
   6.651
   7.568
   5.036
   4.529
   6.802
   7.346
   5.650
   4.210
   4.943
   4.074
   7.114
   4.183
   3.110
   7.533
   8.429
   7.914
   8.350
   7.658
   3.069
   7.736
   8.205
   7.293
   8.011
   8.418
   8.442
   8.475
   7.890
   8.433
   7.040
   8.431
   8.076
   6.857
   7.967
   8.379
   7.843
   7.319
   6.629
   4.159
   5.057
   4.123
   4.812
   7.030
   6.138
   5.623
   6.505
   5.260
   6.967
   5.617
   6.151
   7.236
   6.799
   6.332
   6.111
   6.509
   5.480
   5.555
   6.459
   6.438
   5.263
   5.557
   7.195
   8.298
   6.038
   6.296
   8.109
   4.534
   6.762
   2.872
   7.327
   6.397
   5.010
   7.209
   3.094
   6.402
   4.030
   5.419
   3.388
   4.040
   8.096
   4.863
   8.018
   5.475
   6.324
   5.938
   7.294
   7.768
   3.978
   4.742
   4.048
   3.213
   1.229
   7.416
   8.505
   8.462
   8.405
   8.379
   1.522
   7.792
   8.365
   8.361
   8.076
   8.067
   8.035
   8.021
   7.103
   8.011
   4.735
   4.731
   4.629
   4.290
   5.815
   7.783
   7.488
   6.858
   7.455
   8.051
   7.181
   7.779
   7.298
   7.830
   1.339
   8.446
   8.412
   8.441
   8.408
   7.592
   8.419
   8.011
   8.305
   8.165
   8.201
   8.416
   8.480
   8.403
   8.481
   7.002
   8.417
   8.450
   8.435
   7.840
   7.850
   8.425
   8.556
   7.297
   7.616
   7.842
   7.874
   7.391
   7.904
   8.446
   6.740
   6.974
   3.086
   5.308
   6.908
   4.778
   7.221
   1.631
   5.726
   3.811
   6.410
   6.250
   5.298
   6.523
   4.346
   7.005
   1.746
   4.372
   3.524
   3.605
   7.621
   7.611
   5.249
   7.599
   7.739
  -0.722
   7.191
   5.110
   5.713
   4.637
   6.779
   4.733
   4.746
   7.085
   3.130
   5.040
   5.433
   4.846
   6.692
   5.547
   4.595
   3.959
   8.298
   8.109
   8.096
   8.169
   6.723
   6.784
   5.585
   2.738
   5.498
   4.004
   4.277
   4.044
   8.556
   8.505
   8.405
   8.379
   8.365
   8.361
   8.305
   8.165
   8.076
   8.067
   8.051
   8.035
   5.335
   7.649
   6.595
   7.724
   7.430
   5.649
   7.562
   5.092
   7.653
   3.810
   8.421
   5.982
   6.711
   5.667
   6.997
   7.710
   7.266
   7.423
   5.156
   7.898
   7.925
   8.579
   8.386
   8.482
   8.437
   8.439
   8.365
   7.864
   8.428
   8.490
   8.426
   8.413
   8.382
   7.382
   8.440
   7.886
   8.420
   7.388
   7.803
   6.284
   7.889
   8.489
   8.350
   8.406
   8.412
   8.434
   8.056
   4.259
   6.085
   4.350
   6.277
   0.970
   5.310
   4.179
   3.591
   7.150
   4.975
   5.665
   4.314
   3.962
   3.415
   6.997
   5.231
   7.025
   7.761
   6.896
   7.298
   5.707
   8.298
   8.169
   8.109
   8.096
   6.676
   7.377
   6.376
  -1.810
   7.181
   4.518
   5.809
   4.177
   6.794
   6.972
   7.548
   6.670
   5.118
   3.495
  -1.621
   3.841
   7.355
   5.051
   3.023
   6.296
   4.735
   4.321
   5.044
   4.201
   5.648
   4.382
   0.913
   7.029
   8.579
   8.556
   8.405
   8.379
   8.365
   8.361
   8.305
   8.165
   8.076
   8.067
   8.051
   3.480
   7.500
   7.963
   6.311
   2.556
   8.474
   6.786
   5.071
   4.124
   3.196
   3.817
   7.218
   7.377
   7.626
   7.336
   7.787
   7.444
   8.431
   6.940
   8.439
   8.468
   7.394
   8.435
   7.854
   8.437
   8.476
   6.692
   7.496
   8.431
   8.059
   8.437
   8.482
   7.665
   7.839
   7.641
   7.923
   7.889
   7.799
   7.121
   8.438
   7.090
   8.214
   8.509
   7.841
   6.826
   4.267
   6.250
   6.065
   5.629
   3.717
   6.698
   5.255
   4.573
   7.135
   4.790
   6.854
   7.014
   7.008
   6.641
   5.942
   4.960
   8.298
   8.169
   8.109
   8.096
   6.697
   6.407
   2.903
   3.686
   5.245
   6.694
   4.880
   1.859
   5.256
   3.963
   6.795
   6.917
   3.634
   6.743
   4.274
   7.399
   7.372
   7.183
   6.700
   4.740
   5.398
   7.367
   7.727
   6.745
   2.628
   7.930
   4.018
   5.491
   8.579
   8.556
   8.405
   8.379
   8.365
   8.361
   8.305
   8.214
   3.287
   8.165
   8.076
   8.067
   6.972
   5.091
   8.432
   7.857
   7.848
   8.437
   7.352
   8.438
   8.377
   8.466
   8.429
   7.046
   7.662
   7.387
   7.789
   8.413
   8.007
   8.416
   8.413
   7.384
   8.424
   8.043
   8.430
   8.434
   8.379
   8.440
   8.262
   8.367
   8.383
   7.463
   8.422
   8.426
   7.841
   7.782
   8.415
   8.051
   6.791
   8.477
   7.003
   7.802
   8.394
   7.020
   7.626
   5.667
   8.061
   8.438
   8.439
   6.049
   5.504
   7.958
   4.113
   4.160
   2.639
   4.243
   2.464
   2.138
   4.015
   5.267
   5.510
   4.463
   7.304
   5.604
   5.707
   2.791
   7.790
   6.272
   7.189
   7.958
   6.317
   6.512
   6.501
   5.181
   6.257
   5.124
   6.318
   6.270
   6.410
   6.366
   6.771
   5.027
   6.437
   3.317
   4.292
   2.982
   5.347
   4.178
   6.763
   5.589
   8.432
   8.298
   8.169
   8.109
   8.096
   5.116
   5.131
   4.154
   4.782
   2.840
   5.775
   5.866
   4.967
   8.579
   8.556
   5.694
   8.405
   8.379
   8.365
   8.361
   8.305
   8.262
   8.214
   8.165
   7.385
   6.515
   7.301
   2.840
   6.872
   7.141
   6.307
   7.290
   3.241
   6.942
   5.146
   8.416
   6.756
   3.747
   4.494
   5.398
   7.775
   8.016
   8.447
   8.435
   8.472
   7.840
   8.446
   8.427
   8.411
   6.317
   7.857
   7.799
   8.035
   8.397
   7.859
   8.433
   8.421
   8.427
   6.143
   7.566
   8.485
   6.904
   8.431
   8.475
   7.578
   7.388
   7.572
   7.389
   8.440
   8.428
   4.174
   7.199
   3.620
   2.789
   5.402
   7.113
   7.208
   7.626
   6.474
   5.887
   4.993
  -2.120
   6.647
   6.834
   5.315
   1.359
   2.978
   6.017
   3.037
   3.645
   5.129
   7.568
   1.814
   4.571
   0.394
   3.934
   8.432
   8.298
   8.169
   8.109
   8.096
   6.848
   6.593
   4.432
   7.165
   6.510
   5.026
   6.700
   3.922
   5.222
   6.663
   6.831
   6.768
   4.898
   5.096
   5.070
   5.007
   3.525
   3.923
   3.282
   5.041
   6.068
   3.847
   8.579
   8.556
   8.447
   4.577
   4.988
   8.405
   8.365
   8.361
   8.305
   8.262
   8.214
   8.165
   5.119
   6.819
   7.646
   7.341
   7.803
   7.546
   6.503
   4.661
   4.954
   8.430
   6.850
   8.442
   7.763
   8.425
   7.833
   8.435
   8.449
   5.320
   7.783
   8.445
   8.440
   8.019
   7.815
   6.609
   7.602
   8.436
   7.386
   7.849
   7.861
   8.493
   6.421
   8.442
   8.454
   8.424
   8.061
   8.484
   8.500
   8.445
   8.464
   8.415
   7.706
   7.846
   8.452
   7.970
   8.371
   8.438
   8.468
   8.432
   8.298
   8.169
   8.109
   8.096
   6.535
   4.409
   2.887
   4.521
   5.859
   6.510
   1.574
   3.839
   6.343
   4.831
   6.221
   4.601
   7.711
   6.810
   6.840
   6.414
   6.985
   3.158
   3.088
   5.059
   3.601
   4.901
   3.128
   6.888
   4.601
   4.170
   6.626
   7.056
   6.315
   2.947
   6.419
   6.789
   6.125
   5.527
   2.614
   2.181
   3.731
   4.819
   5.539
   4.405
   7.567
   3.546
   7.897
   3.086
   4.978
   1.021
   4.539
   3.843
   3.016
   8.579
   8.556
   8.447
   8.405
   8.365
   8.361
   8.305
   8.262
   8.214
   8.165
   7.385
   8.515
   7.503
   7.852
   7.831
   7.703
   8.460
   8.107
   8.444
   7.387
   8.424
   7.818
   8.466
   8.017
   8.445
   8.418
   8.356
   6.863
   6.885
   8.369
   6.601
   8.403
   8.417
   8.471
   8.418
   8.434
   8.438
   7.626
   8.443
   7.710
   8.429
   8.414
   8.437
   7.833
   7.839
   7.836
   7.790
   7.971
   7.846
  -0.898
   7.381
   8.402
   7.566
   8.442
   7.821
   8.426
   8.439
   8.039
   7.314
   6.234
   7.847
   4.321
   5.556
   5.176
   7.008
   5.518
   5.994
   7.000
   6.559
   7.216
   7.855
  -2.638
   6.899
   7.179
   8.052
   6.886
   7.429
   4.251
   4.997
   4.496
   7.038
   3.630
   5.234
   7.105
   4.058
   5.813
   5.972
   5.989
   6.657
   6.744
   7.105
   4.775
   5.323
   6.259
   7.706
   6.229
   3.916
   3.301
   7.333
   8.432
   8.298
   8.169
   8.109
   2.285
   5.984
   5.367
   4.401
   5.965
   4.410
   4.480
   4.295
   8.579
   8.556
   3.598
   8.447
   8.405
   8.369
   8.361
   8.305
   8.262
   8.214
   8.165
   8.107
   5.549
   3.852
   4.470
   4.336
   4.392
   4.353
   5.849
   7.360
   4.562
   8.487
   8.440
   8.464
   7.844
   7.859
   5.568
   5.970
   5.961
   7.308
   6.424
   7.705
   7.569
   7.569
   8.442
   8.442
   7.386
   8.438
   8.495
   8.407
   7.563
   8.425
   8.410
   7.815
   8.437
   7.791
   7.664
   7.426
   8.441
   7.588
   8.406
   8.419
   7.861
   8.453
   7.119
   8.450
   5.662
   8.411
   5.628
   6.633
   4.195
   6.763
   5.454
   4.073
   3.701
   6.218
   5.773
   7.779
   5.876
   6.752
   7.696
   5.195
   3.923
   6.493
   6.879
   4.013
   5.038
   4.116
   3.352
   5.866
   1.759
   5.470
   3.503
   4.804
   2.627
   1.692
   3.250
   2.978
   8.432
   8.298
   8.169
   8.109
   3.032
   6.406
   5.183
   5.342
   5.153
   6.570
   4.382
   7.837
   3.667
   2.945
   7.439
   0.947
   7.390
   3.276
   3.561
   3.963
   5.235
   4.813
   3.905
   4.558
   4.765
   8.579
   5.059
   8.146
   7.662
   5.724
   7.206
   7.023
   6.559
   7.059
   5.017
   8.556
   8.026
   0.490
   7.081
   7.849
   8.376
   8.438
   7.834
   7.386
   8.447
   8.407
   8.369
   8.421
   8.361
   8.438
   8.076
   6.989
   8.447
   8.415
   8.305
   7.326
   8.408
   8.262
   8.439
   8.214
   8.165
   8.107
   8.410
   7.832
   8.431
   7.852
   8.414
   8.409
   8.461
   8.437
   8.399
   8.465
   7.484
   8.470
   8.425
   7.267
   7.861
   8.416
   7.848
   8.468
   8.446
   8.022
   8.425
   3.823
   8.461
