10.962
9.344
9.342
8.684
9.306
10.607
10.129
10.094
9.405
9.867
8.942
9.789
9.585
9.809
10.014
8.369
9.461
9.544
9.184
9.156
10.082
9.754
9.560
6.721
8.658
9.197
8.497
9.599
7.214
6.005
8.780
9.747
9.578
9.197
7.330
9.752
9.264
10.278
5.741
8.343
9.362
9.823
10.015
9.923
10.038
9.591
9.225
10.043
9.307
9.526
8.700
9.768
7.448
9.508
9.382
10.271
6.487
8.868
10.133
9.926
9.835
9.586
9.400
9.881
10.130
9.574
8.707
8.718
9.273
9.390
10.344
9.699
9.962
10.185
7.916
7.226
8.943
9.718
9.759
9.424
9.101
9.227
9.695
8.984
9.979
9.582
9.471
10.202
9.110
9.544
9.762
10.026
9.488
9.857
8.142
9.580
9.652
8.141
9.545
9.480
8.709
9.671
8.419
9.083
8.496
9.020
10.222
9.679
10.168
9.015
10.366
9.981
10.043
6.538
10.417
7.294
9.397
8.958
10.085
9.044
9.383
9.913
9.472
9.989
10.931
8.489
9.176
7.535
8.990
9.119
9.936
8.460
9.892
8.927
9.178
5.718
8.121
8.821
8.241
9.980
8.229
11.002
10.084
9.845
10.002
9.667
10.491
10.118
10.290
10.860
10.297
9.698
10.719
8.829
8.163
10.722
7.232
8.422
9.432
10.081
9.364
8.670
10.270
7.172
9.002
8.980
9.511
11.051
9.456
10.067
10.353
9.898
8.200
10.848
7.926
9.540
11.103
10.825
8.817
9.072
9.481
9.877
10.826
10.476
11.110
9.920
7.427
9.476
9.793
10.130
9.083
10.043
9.397
11.002
9.150
9.004
9.588
9.638
9.297
8.866
9.851
9.743
9.934
8.198
9.611
9.242
6.472
7.838
7.528
7.386
8.634
10.719
10.297
8.376
9.537
9.417
9.975
9.210
9.517
9.967
9.738
9.614
11.080
9.725
10.476
9.389
11.037
7.170
9.662
9.743
10.036
9.761
9.858
9.445
10.541
9.908
9.364
9.289
11.051
8.210
10.848
9.898
7.080
11.103
10.825
9.318
9.752
10.826
9.793
3.794
8.762
8.801
9.471
9.211
8.951
9.045
10.295
8.808
10.174
10.154
10.094
11.066
8.524
9.975
9.039
5.417
9.448
9.960
9.282
9.748
9.687
10.421
9.213
9.021
10.443
8.311
10.432
10.555
10.462
11.124
10.726
11.132
9.576
8.511
7.887
10.799
11.096
3.607
10.294
7.942
10.833
10.920
9.043
10.712
10.707
10.851
10.256
10.043
9.397
10.719
10.297
10.295
9.798
9.216
10.882
10.712
8.512
9.766
9.476
9.443
9.473
10.308
9.326
10.411
9.603
9.387
9.225
9.885
10.746
8.211
10.927
8.844
8.875
9.769
10.312
7.475
6.898
10.269
10.777
10.717
9.531
10.382
11.051
10.307
10.851
10.848
10.702
11.096
9.898
9.397
10.462
8.989
9.612
9.779
9.708
10.165
9.300
10.826
10.256
9.538
10.419
9.210
9.214
9.793
8.177
9.436
9.358
9.503
9.291
5.510
10.821
8.093
10.553
8.886
10.122
9.473
5.554
10.106
9.121
10.284
9.222
3.451
9.251
9.342
11.012
10.834
10.333
10.719
10.953
10.578
11.194
10.348
10.804
9.066
3.437
9.713
10.072
10.590
2.131
10.695
10.962
10.590
11.104
9.476
10.225
10.450
9.158
10.795
5.837
10.709
8.700
10.882
10.719
10.712
10.346
9.993
9.109
9.612
10.186
9.654
9.331
9.970
9.643
10.303
9.459
9.777
10.564
10.746
10.445
9.199
10.390
10.705
9.666
9.765
8.861
8.853
10.866
8.799
10.636
8.475
10.911
9.372
8.713
10.069
9.736
10.170
11.194
11.051
10.851
10.450
10.553
3.107
9.630
9.261
10.795
10.348
8.569
10.206
9.452
10.332
10.826
10.256
8.531
9.760
10.284
10.719
9.088
10.709
9.086
9.806
9.503
9.637
10.135
8.575
9.748
10.808
10.477
10.465
10.001
11.150
9.681
10.652
10.250
10.330
11.045
10.421
10.293
10.367
9.270
10.905
10.134
9.564
9.971
8.863
10.868
11.049
11.005
10.076
10.254
10.744
9.610
10.772
10.432
11.023
10.471
10.174
9.859
2.497
10.220
10.309
10.170
10.539
9.303
3.744
10.882
10.719
10.332
10.402
9.447
10.283
10.307
10.119
10.255
7.973
9.973
11.194
10.652
11.051
10.170
10.419
10.312
10.216
11.221
9.373
8.875
10.567
8.083
8.224
10.366
10.851
10.000
10.772
10.450
10.515
9.781
10.749
9.160
9.208
4.159
10.383
9.877
10.514
10.559
10.118
10.826
8.884
10.256
10.284
10.719
8.478
5.288
10.408
10.191
10.256
9.128
9.340
8.571
9.886
9.403
9.196
6.721
9.840
10.709
11.236
9.846
10.515
10.168
9.394
10.996
10.429
10.064
10.198
10.228
9.478
10.056
9.192
10.439
10.231
10.202
2.138
9.043
11.099
10.439
10.803
10.403
11.083
11.033
9.042
10.635
8.673
10.913
10.214
8.785
10.196
10.419
10.179
11.041
8.832
10.852
10.713
10.423
10.963
10.296
10.661
10.956
8.797
11.159
10.882
10.719
9.732
11.194
8.488
9.838
9.780
10.859
5.600
10.652
11.051
10.683
8.432
9.130
9.807
10.966
10.695
9.755
10.775
9.740
9.454
10.721
10.755
10.490
8.315
11.035
9.976
9.225
9.758
10.581
10.955
8.988
9.494
9.427
10.099
10.090
8.924
9.334
10.826
11.083
10.179
10.544
10.436
9.640
11.151
9.874
10.843
11.149
10.866
10.256
10.661
10.284
10.113
10.914
9.450
9.903
9.894
8.603
10.852
10.956
8.706
10.196
11.159
10.749
10.725
10.180
9.455
10.816
9.136
9.371
9.181
8.890
10.143
10.015
10.213
10.996
10.849
10.673
10.722
10.282
10.373
9.130
10.794
10.731
10.215
7.615
10.894
5.331
9.617
9.474
10.140
10.846
10.175
10.299
10.424
10.547
10.119
10.765
10.640
10.218
10.202
10.670
11.118
8.875
10.235
10.989
10.335
10.727
11.075
10.882
10.719
10.955
11.194
10.652
10.863
10.178
10.806
9.690
10.684
10.260
10.650
10.619
9.148
9.267
10.112
7.812
8.972
10.355
8.552
9.485
10.773
8.829
10.505
9.885
11.202
10.399
10.176
10.176
10.308
9.467
10.249
10.468
7.451
10.718
10.175
10.421
9.753
9.636
10.667
10.354
10.826
11.083
9.889
10.495
10.736
10.107
10.604
9.472
9.877
10.180
10.256
10.661
8.591
8.606
7.709
9.682
11.075
10.852
10.956
10.196
11.159
10.406
11.035
10.227
10.180
10.588
10.300
11.018
10.907
9.456
10.502
10.228
9.855
10.223
10.274
10.727
10.235
11.062
11.008
10.220
10.327
10.217
10.231
10.823
10.222
10.265
10.984
10.904
8.852
10.927
10.820
11.106
10.427
11.071
10.507
11.085
10.359
10.715
10.972
10.987
10.721
9.363
10.785
10.833
10.155
10.882
10.955
11.194
10.652
10.980
10.887
9.249
9.020
9.971
10.130
10.941
11.145
9.900
9.331
9.121
7.273
9.717
8.780
8.557
8.482
10.456
10.833
10.440
10.458
10.179
10.646
10.511
10.161
8.590
10.416
10.940
10.282
10.826
10.180
10.256
10.785
10.661
11.005
11.087
11.026
8.970
9.943
10.011
8.400
9.760
10.185
10.337
10.854
10.433
10.684
10.180
5.942
9.072
10.468
7.205
11.071
8.306
9.463
10.215
11.075
10.852
10.507
10.956
10.196
10.233
9.138
11.066
10.897
10.243
10.229
10.593
10.826
10.781
10.247
11.060
10.879
10.879
10.868
9.147
10.909
10.970
8.470
8.737
10.610
10.848
8.112
10.654
11.084
8.419
10.883
10.626
10.869
10.178
10.690
8.795
11.000
9.987
10.568
9.475
10.916
11.242
10.995
11.020
10.837
10.925
10.282
10.882
10.955
11.194
10.652
9.785
10.429
9.688
8.840
9.950
9.371
9.137
10.763
10.997
8.409
11.136
10.393
9.768
10.325
10.184
10.085
9.326
10.237
10.875
10.107
9.234
9.313
10.195
10.744
9.116
9.482
8.990
9.140
10.368
10.826
10.180
10.256
4.599
11.041
7.878
8.716
10.163
9.665
10.260
10.423
10.023
10.037
9.490
10.088
11.242
11.071
9.901
11.020
11.075
10.626
10.282
10.852
10.196
10.807
10.164
10.292
9.551
6.893
9.966
10.222
8.681
9.905
10.826
10.244
10.903
10.183
10.856
6.828
10.313
11.016
9.146
9.523
9.461
10.929
10.985
10.961
10.954
10.218
11.043
8.789
11.036
10.734
10.233
10.923
8.484
11.006
10.769
10.248
10.695
10.476
10.690
10.976
8.783
11.014
10.979
10.229
9.577
10.194
10.882
10.955
11.194
10.652
9.325
9.971
10.679
9.743
9.707
8.453
10.855
10.383
9.446
9.391
10.768
2.233
10.909
11.131
10.927
11.149
10.483
10.506
9.585
9.827
9.685
8.500
10.237
10.419
10.282
8.412
9.647
4.086
10.869
10.826
10.180
10.527
9.177
10.856
10.321
8.730
9.337
8.780
9.342
8.281
10.424
10.464
10.231
9.745
10.757
11.242
8.082
11.071
11.020
11.075
10.923
11.014
10.626
10.282
10.196
9.559
8.399
10.494
10.178
10.536
10.518
10.787
10.943
11.090
10.769
10.176
9.492
10.942
9.765
10.849
10.544
6.614
10.979
10.923
10.916
10.925
10.980
11.052
11.241
8.922
8.127
11.019
9.801
11.059
10.869
10.820
10.697
10.399
10.841
11.062
11.021
9.037
10.959
10.979
10.583
11.007
10.619
11.003
10.779
10.557
10.996
10.882
10.955
11.194
10.908
8.907
11.147
11.144
11.142
11.161
10.826
10.697
10.399
10.777
11.123
10.614
10.220
5.391
10.698
10.925
10.387
10.866
11.081
10.244
9.891
9.143
10.587
10.898
9.368
9.176
11.208
8.429
10.274
9.214
11.086
10.454
8.372
10.740
9.492
8.510
10.090
10.225
9.097
10.398
10.258
11.083
10.485
9.839
9.198
9.363
10.293
11.251
10.406
9.984
9.364
11.059
11.242
11.071
11.020
11.075
10.923
11.014
11.241
10.626
10.959
10.282
10.137
11.066
10.956
9.988
8.721
10.959
10.920
9.713
10.971
9.466
10.953
11.103
8.445
11.039
10.964
10.943
8.475
10.936
10.649
11.065
10.924
9.878
10.668
10.954
10.712
10.766
10.939
10.590
10.481
10.860
10.149
10.911
9.087
11.030
8.118
11.250
11.090
11.025
10.981
10.232
10.472
10.805
8.519
9.728
10.458
8.879
10.955
11.194
11.142
10.826
10.932
10.116
9.874
10.823
10.951
10.946
9.669
11.146
10.626
10.370
11.140
10.448
10.870
10.820
10.767
10.262
9.195
9.938
9.268
10.428
11.102
10.437
10.248
11.011
10.962
10.999
10.972
9.152
9.778
10.090
10.872
9.248
10.902
10.174
10.293
8.909
9.767
10.237
11.066
10.304
9.831
8.302
10.013
7.910
11.059
11.242
8.175
11.071
8.856
11.020
11.075
10.923
11.014
11.241
10.626
10.959
10.282
11.109
8.929
8.631
10.728
8.403
11.106
10.182
10.951
8.574
11.102
11.073
10.954
10.554
11.047
11.030
10.733
10.956
11.063
10.614
10.929
9.935
11.275
10.603
10.974
10.995
11.128
11.021
10.637
10.224
10.816
9.180
10.140
9.694
11.002
5.714
10.170
10.991
11.085
11.136
11.052
11.098
9.875
10.194
9.083
10.125
11.057
10.130
10.955
11.194
10.826
10.962
9.810
9.542
10.348
10.395
8.928
10.172
10.040
10.557
10.221
10.254
9.128
10.231
10.328
10.867
10.364
10.748
10.453
10.795
11.078
10.960
10.501
11.228
8.465
10.957
9.824
10.091
10.459
9.117
9.562
9.357
9.818
10.791
10.069
10.582
10.299
10.182
10.548
10.222
10.225
10.505
10.867
10.632
8.556
8.571
9.346
10.949
11.063
11.275
9.022
11.128
11.059
11.071
10.962
10.923
10.728
11.109
11.011
10.991
10.626
10.959
10.986
8.840
11.081
10.976
10.962
10.984
8.726
10.643
10.914
8.426
10.636
10.444
11.003
10.974
10.899
8.491
10.628
11.202
10.693
11.055
11.008
11.061
11.039
10.599
10.806
11.008
10.920
11.020
10.993
11.065
11.002
10.902
10.982
10.898
10.233
11.007
10.994
10.981
11.062
10.973
10.872
9.517
9.050
10.674
11.059
10.955
11.194
10.826
9.520
9.426
9.564
10.955
10.988
10.822
10.867
9.113
10.323
9.089
10.818
10.396
10.190
10.900
10.773
9.002
10.310
9.394
10.144
10.843
10.935
10.653
10.947
10.240
11.011
9.504
10.617
10.792
10.754
9.327
10.828
8.601
8.895
9.117
9.264
9.743
9.293
11.062
10.338
10.958
10.765
8.490
9.496
10.071
10.081
9.020
11.275
11.128
11.059
11.071
10.962
10.957
10.923
10.728
11.109
11.011
10.991
10.626
9.403
11.144
11.085
10.943
10.204
10.829
11.072
11.058
10.466
10.341
8.649
11.015
10.970
11.088
11.023
10.981
11.033
11.041
10.339
10.725
10.804
11.015
10.609
10.707
10.987
10.878
11.017
4.842
11.277
8.458
10.906
10.938
11.179
8.743
10.526
11.347
10.892
10.924
11.071
10.712
10.649
9.466
4.975
3.999
10.338
10.955
11.194
10.935
10.656
10.551
9.197
10.225
10.844
9.133
10.585
10.942
10.936
9.784
8.273
9.821
10.204
10.648
10.791
8.464
8.818
11.109
10.478
10.988
10.411
9.425
9.143
11.157
10.776
10.170
9.427
10.945
10.998
11.223
11.033
11.022
10.867
10.976
11.275
11.128
11.059
11.071
10.962
10.957
10.923
10.728
11.109
11.011
10.991
8.441
10.204
9.148
10.774
10.596
10.710
10.670
9.261
11.347
9.974
8.595
8.099
10.829
11.040
11.009
10.971
10.841
11.057
10.707
10.520
10.985
10.607
10.708
10.685
10.975
10.466
11.100
10.941
10.938
10.888
10.979
11.019
10.955
10.571
11.128
10.845
10.715
9.352
10.475
11.272
11.008
11.333
10.768
10.573
10.634
10.993
11.057
10.975
10.722
10.216
10.961
11.352
11.345
11.341
10.955
11.194
10.935
9.648
10.442
11.097
9.779
9.857
8.513
10.826
10.337
10.553
8.113
10.784
10.978
10.913
9.128
10.199
9.481
11.195
10.841
10.127
10.193
10.173
10.825
11.063
10.820
10.475
10.145
10.872
10.968
8.418
10.918
11.075
10.968
11.060
10.968
11.030
9.710
9.399
4.558
8.505
10.221
10.809
10.720
11.275
11.128
11.059
9.824
11.071
10.962
10.957
10.923
10.728
11.109
11.011
10.985
10.140
9.616
9.472
8.258
11.049
9.527
11.352
10.099
10.964
7.954
10.822
11.155
11.224
11.188
11.135
10.504
10.736
10.959
11.031
10.916
11.262
10.996
10.973
10.970
10.751
10.977
10.985
11.048
4.774
11.009
9.061
10.921
8.247
10.967
11.017
10.652
10.969
11.053
9.119
10.960
11.113
10.642
10.127
10.990
11.024
11.304
10.967
11.297
10.979
10.828
8.813
11.329
11.350
10.978
10.833
10.955
11.194
10.935
9.393
8.095
9.802
9.171
10.376
10.763
9.072
10.453
10.779
11.084
10.167
10.962
10.991
4.510
10.936
10.258
10.217
8.577
10.963
10.744
9.705
9.506
9.064
10.956
8.132
8.582
11.103
8.646
10.178
9.600
11.079
10.934
11.089
11.013
9.526
8.070
8.519
9.105
9.632
9.678
10.345
10.896
10.817
8.360
10.178
11.275
11.128
11.059
11.071
9.218
10.921
10.962
11.188
9.059
10.957
9.580
10.923
10.728
11.352
11.304
9.027
10.986
10.829
10.726
10.593
10.521
11.003
8.814
10.916
10.974
11.106
10.924
11.062
10.922
10.956
11.017
10.110
10.955
10.975
10.989
9.890
10.985
11.250
10.918
10.538
10.859
10.838
10.628
11.093
11.046
10.986
10.662
10.968
10.984
10.585
11.047
10.985
10.939
11.002
11.048
10.968
8.933
10.616
10.982
11.303
11.333
10.955
10.935
8.730
9.057
10.241
10.813
10.922
10.334
9.083
8.579
10.143
10.830
10.344
10.416
10.964
10.964
10.214
9.157
10.146
9.831
9.373
10.905
9.984
11.016
10.770
9.574
9.869
10.528
8.829
9.927
9.748
10.361
9.309
10.350
10.653
9.472
9.696
10.895
9.321
11.137
8.386
7.886
10.951
10.046
9.093
11.275
11.128
11.059
11.071
10.921
10.962
9.303
11.188
9.196
8.208
10.957
10.923
10.728
10.916
9.135
11.352
11.304
8.629
8.164
9.463
10.956
10.976
10.968
11.024
10.627
10.966
10.499
10.488
10.950
10.703
9.590
11.046
11.013
9.852
11.044
10.600
11.023
10.975
11.024
11.098
10.975
10.935
10.456
10.991
9.068
10.947
10.637
11.024
10.798
10.955
11.266
10.981
11.009
11.326
11.077
11.083
10.580
11.012
10.897
10.982
5.269
11.287
10.955
10.935
11.145
10.451
9.158
10.980
10.877
10.239
10.546
9.768
8.386
10.947
10.957
8.440
9.381
10.783
10.996
8.479
10.965
10.854
10.665
11.008
10.479
10.716
8.835
6.345
9.419
6.052
6.458
10.510
10.984
10.268
8.568
11.147
9.988
9.490
10.282
10.964
10.224
11.092
8.742
9.534
11.275
11.128
11.059
11.071
10.921
10.962
9.474
9.118
10.522
11.188
10.957
11.023
10.923
10.728
10.329
11.352
11.326
7.946
9.084
10.364
8.073
9.822
10.772
10.686
8.435
10.929
11.134
10.533
11.043
10.942
11.241
11.024
11.059
10.966
10.459
10.926
9.475
11.065
9.632
11.022
10.542
11.031
10.867
10.917
11.350
10.610
8.881
10.813
10.865
11.349
11.326
9.353
10.972
10.820
10.702
11.071
10.138
11.041
10.955
10.935
9.460
10.324
8.368
10.827
10.176
10.435
10.184
9.491
10.174
10.447
9.021
9.561
8.767
7.483
10.820
9.041
9.384
8.597
11.028
10.989
11.082
9.928
11.047
10.463
8.304
10.981
9.190
10.960
10.943
10.948
11.046
8.845
10.935
9.979
10.406
8.954
11.034
10.979
10.948
9.581
8.551
10.459
9.126
10.423
11.275
11.128
11.059
11.071
10.921
10.962
9.806
11.188
10.957
10.929
11.023
10.923
6.372
9.562
11.352
11.326
10.787
11.128
9.888
10.942
10.949
9.272
8.904
5.494
10.962
11.132
11.026
10.956
10.411
11.012
10.992
11.019
10.993
11.051
11.017
10.932
10.874
11.131
11.081
11.050
10.961
10.735
10.965
9.417
11.062
10.991
10.886
10.131
11.016
11.070
10.927
9.073
9.857
10.986
10.979
10.978
11.033
9.752
11.301
11.329
10.967
11.304
11.222
10.955
10.935
10.937
10.423
7.615
7.593
10.406
10.195
9.427
10.195
10.863
10.419
9.040
9.305
10.197
10.774
10.814
9.317
8.847
11.004
10.937
11.009
8.509
10.478
10.094
11.007
9.245
10.866
9.690
11.101
9.466
10.132
9.113
9.307
9.166
9.534
9.428
9.157
9.511
11.275
11.128
10.009
10.664
11.059
9.296
10.921
11.001
10.474
11.071
10.921
10.962
11.188
10.957
10.929
11.023
10.923
8.617
9.267
10.743
8.411
10.617
9.649
11.352
11.326
9.122
10.930
11.106
11.019
10.707
11.049
10.528
10.968
10.798
10.827
11.016
10.946
11.070
11.061
10.942
11.046
11.009
10.946
10.944
9.173
8.482
10.433
11.155
11.036
10.963
11.331
11.329
11.290
11.299
11.338
11.274
10.997
10.721
9.206
10.987
10.968
10.976
11.349
10.283
10.977
11.301
10.936
10.955
9.929
9.506
8.437
10.236
9.458
8.391
9.119
9.489
9.079
10.227
9.558
10.000
9.360
10.534
10.866
10.928
9.363
9.104
8.483
10.863
10.840
11.082
11.008
10.666
11.061
10.924
11.006
8.790
10.933
9.176
9.773
10.691
9.332
7.579
9.277
9.511
9.236
8.247
5.934
11.057
10.772
9.500
10.988
11.275
11.101
11.128
11.059
10.921
10.962
11.188
10.957
10.929
11.023
10.923
10.474
9.996
10.065
9.366
8.086
10.475
11.118
11.352
11.326
10.948
10.971
10.920
10.672
10.956
10.978
10.492
11.043
10.491
10.970
10.860
11.092
11.025
10.841
10.884
10.880
11.026
11.242
8.761
9.495
9.089
11.060
10.608
9.878
9.293
10.963
10.660
10.980
10.601
10.987
11.332
10.514
10.955
10.941
9.529
10.958
11.020
10.958
11.003
10.979
10.995
11.333
11.292
10.955
10.772
10.145
11.002
10.212
10.151
10.993
9.506
10.246
9.202
9.923
8.902
10.408
10.853
8.902
10.964
9.625
10.331
10.837
9.740
11.045
10.939
10.902
9.422
10.398
8.288
10.963
10.945
10.692
10.614
10.166
9.592
10.819
8.383
8.588
10.773
8.288
8.210
10.541
10.205
8.756
8.846
11.275
11.101
11.128
9.127
11.059
10.921
10.962
11.188
10.957
10.929
11.023
10.923
10.509
10.994
9.332
11.352
9.837
11.326
8.594
8.371
8.742
10.927
11.092
11.031
9.378
10.946
10.537
10.717
10.515
10.623
10.975
10.974
11.085
11.055
10.809
11.043
11.068
10.874
10.935
11.220
10.937
10.062
10.747
10.976
9.551
11.008
10.566
10.907
10.980
11.284
11.086
10.448
10.937
10.413
9.056
10.720
10.211
11.345
11.316
11.028
11.025
11.039
11.280
11.303
11.348
11.327
10.955
9.396
9.955
10.012
9.477
9.957
10.798
10.340
10.120
10.442
10.659
10.914
10.903
8.902
10.756
11.020
11.228
9.142
10.844
10.268
11.053
11.008
10.918
9.749
10.507
10.005
9.148
10.931
11.275
11.101
11.128
8.500
10.994
11.014
10.977
9.305
10.787
10.970
10.720
9.460
11.059
10.921
10.962
11.188
10.957
10.929
11.023
10.923
10.769
11.002
10.950
10.992
8.432
8.697
10.937
5.191
10.898
10.177
9.383
11.352
11.326
7.259
9.181
9.999
10.348
11.001
10.977
10.987
11.016
10.979
11.125
10.927
10.983
10.959
9.098
10.996
11.280
10.977
10.497
11.004
11.021
11.124
11.041
10.907
10.900
8.541
10.756
11.328
10.959
10.984
11.087
10.989
11.335
11.338
10.976
11.344
11.035
11.329
10.978
11.349
11.027
10.975
11.292
10.971
10.980
10.981
11.299
11.349
10.945
