-44.414 -44.537 -47.447 -45.986 -44.487
-32.829 -34.384 -45.951 -45.113 -45.112
-51.197 -42.800 -44.618 -44.676 -44.677
-36.813 -37.640 -45.746 -44.735 -44.735
-42.775 -41.178 -46.081 -46.086 -46.085
-45.280 -44.820 -45.441 -45.449 -45.448
-44.017 -44.633 -45.483 -45.479 -45.477
-43.943 -43.256 -44.636 -44.627 -44.626
-22.760 -25.488 -48.620 -47.069 -44.347
-50.056 -44.866 -46.630 -45.749 -45.747
-32.384 -33.506 -47.377 -44.595 -44.347
-35.713 -35.906 -46.425 -45.343 -45.343
-45.989 -45.266 -47.573 -45.664 -44.903
-41.098 -44.114 -44.951 -45.449 -45.448
-37.337 -39.817 -45.385 -45.391 -45.390
-32.460 -34.322 -40.450 -40.496 -40.495
-39.303 -39.402 -40.727 -40.732 -40.730
-0.449 -38.366 -41.390 -41.490 -41.491
-38.975 -39.017 -41.005 -41.018 -41.019
-38.114 -39.291 -41.424 -41.574 -41.574
-39.077 -39.847 -41.939 -41.989 -41.988
-37.985 -38.969 -41.698 -41.760 -41.757
-38.880 -41.126 -43.317 -41.636 -41.577
-17.029 -16.034 -35.132 -35.129 -35.130
-33.028 -32.735 -40.467 -40.491 -40.490
-39.879 -40.391 -42.375 -42.443 -40.673
-24.713 -22.057 -41.035 -41.160 -41.160
-35.589 -35.248 -41.464 -41.481 -41.481
-5.641 -5.599 -42.106 -42.748 -42.483
-5.624 -6.623 -37.774 -39.758 -39.761
-32.235 -31.935 -40.693 -40.721 -40.722
-39.294 -43.269 -45.310 -45.322 -45.322
-43.831 -44.065 -45.205 -44.626 -44.626
-39.771 -23.691 -45.038 -45.103 -44.283
-12.012 -6.213 -44.433 -44.442 -44.441
-47.512 -42.201 -45.191 -45.165 -45.165
-14.329 -15.006 -44.790 -44.822 -44.822
-44.116 -45.069 -46.959 -45.498 -45.496
-17.302 -14.653 -39.709 -39.295 -38.212
-35.085 -36.068 -40.431 -40.865 -40.323
-39.440 -38.979 -41.049 -41.056 -41.055
-39.339 -37.863 -40.326 -40.625 -39.505
-40.499 -40.916 -43.637 -41.591 -41.592
-38.190 -37.877 -42.684 -41.735 -41.736
-40.303 -39.912 -41.962 -41.984 -41.982
-40.723 -39.257 -41.920 -41.946 -41.945
-34.061 -42.547 -41.254 -41.257 -41.256
-40.740 -41.478 -43.121 -43.194 -41.006
-40.374 -41.199 -42.167 -42.170 -42.169
-33.226 -34.494 -37.209 -37.255 -36.884
-31.897 -31.891 -36.484 -37.479 -37.477
-40.704 -40.805 -42.154 -40.777 -40.776
13.432 2.512 -38.724 -39.820 -39.815
-38.005 -40.037 -41.262 -41.297 -41.298
-32.077 -32.921 -42.662 -41.329 -41.327
-35.887 -37.178 -38.097 -38.101 -37.367
-15.089 -12.446 -32.708 -32.641 -32.640
-23.893 -23.827 -41.198 -41.403 -41.403
-36.954 -38.385 -38.889 -37.950 -37.344
-34.972 -35.486 -39.547 -39.645 -37.486
-34.610 -36.789 -38.030 -38.035 -38.035
3.966 -23.317 -37.658 -37.766 -37.765
110.158 -36.017 -37.656 -37.685 -37.683
-35.978 -36.703 -38.699 -37.962 -37.156
-35.943 -35.524 -37.388 -37.401 -37.401
-26.378 -28.488 -37.504 -37.299 -37.298
-26.317 -26.366 -37.024 -37.048 -37.049
-26.139 -36.255 -37.344 -37.354 -36.762
-43.498 -39.254 -41.615 -41.109 -41.107
-44.931 -38.690 -41.799 -41.144 -41.144
-37.909 -40.229 -41.554 -41.562 -41.560
-26.350 -34.312 -41.992 -42.016 -42.016
-36.905 -36.564 -37.951 -37.966 -37.966
-36.249 -36.532 -37.587 -37.594 -37.593
-16.541 -18.236 -40.774 -40.803 -40.801
-26.210 -16.003 -39.833 -40.114 -40.018
-28.009 -27.402 -37.716 -37.766 -37.767
-45.049 -36.124 -37.990 -37.991 -37.992
-32.989 -33.779 -37.739 -37.777 -37.776
-25.202 -26.741 -37.186 -37.891 -37.890
-39.411 -34.459 -37.277 -37.346 -37.346
-42.094 -39.632 -37.548 -37.571 -37.569
0.122 -2.794 -37.116 -37.728 -37.729
-34.672 -34.443 -37.289 -37.460 -37.461
50.899 -35.567 -38.019 -38.044 -37.444
-30.261 -33.372 -38.509 -38.003 -37.746
-36.206 -36.637 -37.522 -37.562 -37.561
-36.766 -37.045 -38.372 -38.376 -38.375
-32.479 -35.049 -38.411 -37.266 -37.264
-42.072 -37.690 -38.530 -37.575 -37.272
-36.672 -37.656 -38.106 -38.118 -38.117
-36.144 -36.728 -37.943 -38.009 -38.009
-41.077 -34.532 -38.444 -38.448 -38.447
20.961 -35.555 -39.525 -37.637 -37.635
-31.582 -32.431 -34.671 -36.667 -36.667
-41.176 -37.807 -39.861 -38.268 -37.572
-39.386 -38.302 -38.835 -37.403 -37.118
-31.586 -30.786 -37.215 -37.222 -37.221
-33.719 -35.234 -37.653 -37.707 -37.707
-35.433 -34.898 -37.341 -37.351 -37.350
-28.611 -27.763 -37.086 -37.096 -37.094
42.451 -38.545 -37.863 -37.883 -37.883
-33.326 -29.206 -36.671 -36.689 -36.690
-13.378 -14.487 -37.300 -37.312 -37.310
-9.364 -12.702 -36.212 -37.000 -36.999
-34.654 -33.510 -39.227 -38.099 -37.920
-38.583 -37.439 -38.835 -38.080 -37.435
-36.643 -38.328 -39.790 -38.943 -37.454
-37.656 -38.021 -38.299 -38.000 -36.486
-26.698 -32.489 -37.831 -37.913 -37.699
-16.954 -32.531 -39.769 -37.977 -37.124
-21.366 -34.580 -37.933 -37.936 -37.935
-33.138 -33.447 -34.015 -34.033 -34.032
-13.013 -19.256 -37.323 -36.169 -36.169
-33.013 -33.990 -34.438 -34.378 -33.743
-11.793 -22.132 -31.931 -32.219 -32.218
-37.868 -33.211 -34.152 -34.202 -34.203
-29.777 -30.969 -33.111 -33.114 -33.140
-37.484 -38.217 -38.430 -38.433 -38.432
-33.224 -34.056 -37.390 -37.003 -37.003
-35.808 -36.845 -38.679 -38.085 -37.218
-37.924 -37.784 -38.702 -38.303 -37.888
337.666 -31.677 -33.570 -33.581 -33.580
-34.134 -33.025 -34.380 -34.406 -34.404
-34.310 -34.619 -36.307 -33.823 -33.055
-25.150 -28.164 -33.100 -33.108 -33.108
-28.009 -28.767 -37.223 -37.233 -37.231
-21.222 -21.735 -33.162 -33.182 -33.182
-15.191 -23.032 -37.718 -37.753 -37.751
-25.200 -30.984 -38.128 -38.165 -38.164
-38.023 -36.821 -37.966 -38.067 -38.066
-37.871 -32.745 -34.362 -33.290 -32.779
-36.428 -32.937 -34.410 -34.414 -34.413
-34.851 -32.897 -34.380 -33.861 -33.207
-29.386 -30.580 -33.742 -33.808 -33.806
-9.295 -4.305 -31.484 -31.500 -31.500
-27.702 -28.613 -32.873 -32.300 -32.299
-38.657 -35.373 -38.011 -38.186 -38.186
-29.000 -29.193 -33.961 -33.452 -33.450
-32.580 -31.174 -33.081 -33.097 -33.095
-29.589 -31.709 -33.336 -33.174 -33.172
-38.722 -36.350 -41.259 -35.851 -33.011
-33.392 -33.530 -34.051 -34.059 -34.058
-29.967 -31.570 -34.598 -33.525 -33.026
-32.577 -32.937 -33.097 -33.090 -33.090
-27.567 -28.286 -29.140 -29.121 -29.214
-31.539 -28.770 -31.560 -31.045 -30.125
-29.421 -29.187 -29.796 -30.016 -30.015
-25.738 -26.332 -26.444 -26.453 -26.250
-22.681 -22.748 -22.877 -22.885 -22.450
-21.572 -22.504 -23.163 -23.554 -22.721
-19.103 -19.676 -19.741 -18.618 -18.617
-22.296 -23.850 -24.831 -22.638 -22.637
-19.579 -19.664 -21.431 -21.640 -21.436
-26.178 -26.245 -29.957 -29.962 -29.960
-11.754 -19.250 -19.716 -18.694 -18.695
-10.986 -12.214 -19.151 -18.417 -17.611
-13.210 -14.604 -18.666 -18.492 -18.278
-14.827 -15.427 -19.238 -19.372 -19.164
-27.529 -28.948 -30.650 -30.679 -30.318
-28.597 -29.083 -30.497 -30.519 -30.195
-28.444 -29.744 -30.414 -30.418 -28.977
-28.513 -28.206 -29.062 -29.420 -29.417
-13.658 -13.367 -18.160 -18.168 -18.205
-16.518 -17.529 -18.965 -18.976 -18.366
-24.928 -21.497 -26.677 -25.422 -25.421
-15.772 -18.168 -19.348 -19.296 -19.293
-13.564 -13.727 -15.918 -15.700 -14.744
-11.178 -11.997 -19.119 -19.214 -18.772
-21.582 -21.674 -22.843 -22.771 -22.748
-22.661 -22.987 -23.097 -22.598 -22.599
-14.300 -13.833 -15.355 -15.518 -15.516
-13.387 -13.754 -18.659 -18.443 -18.421
-15.240 -15.394 -15.756 -14.719 -14.718
-26.179 -26.103 -29.710 -29.716 -29.715
-18.105 -15.509 -15.820 -15.831 -14.917
-15.332 -15.070 -15.578 -15.250 -15.250
-15.470 -15.598 -15.710 -15.123 -14.680
-5.614 -5.368 -19.223 -18.802 -18.800
-16.094 -16.531 -19.378 -18.930 -18.929
-7.873 -11.881 -11.426 -11.474 -11.474
-2.963 -10.501 -11.125 -11.407 -11.389
-13.615 -11.344 -13.240 -11.350 -11.349
-18.936 -19.686 -19.910 -19.911 -18.616
-15.242 -15.297 -15.587 -15.251 -15.251
-13.884 -14.860 -15.256 -15.444 -15.443
-5.185 -5.667 -10.959 -10.697 -10.611
30.656 -11.895 -11.421 -11.467 -11.467
-8.340 -6.480 -7.611 -7.561 -7.562
-35.943 -35.524 -37.388 -37.401 -37.401
-13.378 -14.487 -37.300 -37.312 -37.310
-33.138 -33.447 -34.015 -34.033 -34.032
-37.868 -33.211 -34.152 -34.202 -34.203
-38.722 -36.350 -41.259 -35.851 -33.011
-32.570 -33.299 -34.042 -34.431 -33.392
-31.450 -37.861 -39.193 -36.605 -36.605
-41.628 -35.627 -39.635 -38.183 -37.571
-40.621 -39.138 -39.744 -38.383 -37.412
-33.372 -32.976 -33.792 -33.932 -33.660
-29.703 -30.035 -30.851 -30.485 -29.465
-58.065 -49.016 -50.480 -50.494 -48.854
-45.041 -45.215 -45.744 -45.787 -45.786
-34.733 -33.310 -34.251 -34.306 -33.913
-36.664 -26.936 -29.955 -29.957 -29.956
-58.424 -58.861 -59.046 -59.085 -55.324
-43.806 -41.332 -47.179 -45.467 -44.944
-23.941 -24.260 -24.997 -24.891 -24.889
-29.566 -29.096 -30.029 -30.432 -29.466
-26.788 -24.435 -25.925 -25.944 -25.943
-8.691 -9.386 -33.172 -33.195 -33.194
-58.249 -42.848 -45.551 -45.240 -45.238
-22.296 -23.850 -24.831 -22.638 -22.637
-21.572 -22.504 -23.163 -23.554 -22.721
-42.887 -44.420 -44.761 -44.770 -44.770
-37.342 -37.574 -37.927 -37.933 -37.932
-26.880 -26.934 -27.041 -26.803 -26.334
-37.955 -37.988 -38.434 -38.443 -38.442
-26.345 -27.007 -27.097 -26.556 -25.879
-26.415 -26.632 -26.850 -26.548 -26.549
-41.127 -41.344 -41.596 -41.605 -41.604
-39.213 -39.150 -39.645 -38.754 -37.768
-42.178 -37.794 -39.166 -37.915 -37.265
-30.148 -29.255 -30.906 -30.916 -29.764
-38.392 -38.788 -39.338 -37.926 -37.505
-18.936 -19.686 -19.910 -19.911 -18.616
-32.873 -29.840 -30.359 -30.377 -30.376
-54.376 -45.452 -48.099 -46.440 -44.353
-32.673 -29.194 -29.468 -29.207 -29.206
-28.874 -28.826 -38.284 -28.723 -28.720
-45.808 -43.344 -45.189 -45.394 -45.393
-49.618 -42.368 -43.417 -43.424 -40.690
-34.045 -33.990 -34.222 -34.241 -34.240
-40.775 -38.557 -39.663 -38.873 -37.618
-30.462 -29.904 -30.042 -30.073 -30.070
-35.297 -29.165 -30.903 -30.917 -29.959
-33.649 -34.280 -34.842 -33.957 -33.955
-29.932 -29.985 -30.288 -30.295 -30.294
-40.353 -36.951 -38.511 -37.904 -37.705
-13.564 -13.727 -15.918 -15.700 -14.744
69.381 -38.414 -40.894 -40.874 -40.873
-15.240 -15.394 -15.756 -14.719 -14.718
-14.300 -13.833 -15.355 -15.518 -15.516
-25.983 -25.930 -26.456 -25.837 -25.322
-15.332 -15.070 -15.578 -15.250 -15.250
-15.470 -15.598 -15.710 -15.123 -14.680
-37.477 -38.124 -38.744 -37.362 -37.187
-45.002 -44.873 -45.682 -45.713 -45.712
-13.615 -11.344 -13.240 -11.350 -11.349
-8.340 -6.480 -7.611 -7.561 -7.562
-22.871 -23.334 -23.807 -23.806 -23.806
-20.855 -21.491 -21.854 -21.999 -22.000
-21.937 -22.138 -23.027 -23.057 -22.491
-20.464 -21.908 -23.397 -22.622 -22.622
-21.879 -21.754 -22.057 -22.098 -22.097
-23.284 -22.783 -23.045 -22.466 -22.466
-22.212 -22.410 -23.091 -22.873 -22.873
-22.283 -22.472 -23.601 -23.078 -23.078
-18.351 -18.522 -19.304 -18.584 -18.585
-19.498 -19.661 -19.739 -19.211 -19.201
-17.335 -19.002 -19.209 -19.213 -18.692
-22.809 -22.937 -23.024 -23.028 -22.892
-27.834 -22.373 -26.257 -22.838 -22.697
-13.000 -14.410 -16.323 -15.093 -15.101
-22.322 -22.726 -23.644 -22.811 -22.810
-18.578 -18.650 -18.885 -18.898 -18.333
-18.389 -18.695 -18.926 -17.838 -17.819
-19.290 -19.324 -19.374 -19.375 -19.164
-18.583 -19.049 -19.119 -19.128 -18.471
-23.376 -22.273 -22.710 -22.587 -22.585
-27.071 -25.805 -26.756 -26.402 -26.402
-15.588 -15.647 -15.850 -15.184 -15.187
-22.718 -22.776 -22.883 -22.891 -22.400
-22.179 -22.356 -22.740 -22.404 -22.403
-10.515 -11.946 -15.275 -25.918 -25.917
-27.993 -23.629 -24.808 -23.874 -22.478
-20.402 -17.517 -18.755 -18.763 -18.762
-15.618 -15.795 -15.318 -15.264 -15.263
-15.961 -15.738 -16.191 -16.033 -14.747
-15.377 -15.356 -15.632 -15.065 -14.710
-14.712 -14.860 -15.608 -15.251 -15.251
-19.033 -18.736 -19.720 -18.690 -18.690
-15.397 -15.518 -15.606 -15.252 -15.252
-17.719 -15.425 -15.834 -15.838 -14.917
-13.488 -13.897 -16.276 -15.083 -15.109
-14.023 -15.567 -15.829 -15.024 -15.016
-12.340 -11.866 -12.839 -11.323 -11.322
-14.222 -14.213 -15.598 -15.250 -15.249
-9.893 -10.023 -10.085 -10.176 -10.175
-15.240 -15.226 -15.495 -15.465 -15.116
-10.861 -10.957 -11.045 -10.884 -10.764
-15.187 -15.107 -15.706 -15.116 -14.681
-13.406 -12.869 -12.917 -11.312 -11.225
-14.781 -15.221 -16.190 -15.824 -14.878
-19.033 -19.004 -19.743 -18.556 -18.556
-15.923 -13.706 -15.857 -14.993 -14.300
-15.614 -15.707 -15.784 -15.298 -14.776
-11.526 -11.810 -11.971 -11.455 -11.454
-33.138 -33.447 -34.015 -34.033 -34.032
-37.868 -33.211 -34.152 -34.202 -34.203
-22.296 -23.850 -24.831 -22.638 -22.637
-21.572 -22.504 -23.163 -23.554 -22.721
-22.283 -22.472 -23.601 -23.078 -23.078
-39.264 -39.585 -39.750 -38.859 -37.830
-33.404 -34.022 -34.282 -34.284 -34.283
-29.994 -29.621 -29.005 -31.051 -31.052
-19.033 -19.004 -19.743 -18.556 -18.556
-32.666 -32.681 -33.097 -33.099 -33.098
-25.852 -26.553 -26.733 -26.736 -26.659
-37.336 -37.007 -38.580 -37.866 -37.428
-25.819 -26.109 -27.067 -26.808 -26.244
-26.906 -25.619 -26.160 -26.271 -26.272
-23.110 -23.377 -23.717 -23.087 -23.087
-22.569 -22.643 -22.719 -22.722 -22.535
-24.022 -24.746 -24.844 -23.899 -22.767
-19.862 -19.933 -20.111 -20.116 -18.169
-43.879 -38.376 -38.201 -38.249 -38.248
-22.687 -22.756 -22.935 -22.165 -22.166
-22.042 -22.295 -22.538 -22.544 -22.279
-18.914 -18.467 -19.744 -18.509 -18.508
-38.163 -34.194 -37.265 -37.271 -37.270
-36.574 -29.534 -32.058 -32.121 -29.548
-20.246 -17.450 -18.810 -18.657 -18.697
-21.927 -18.839 -19.198 -18.556 -18.555
-19.882 -19.228 -20.204 -18.829 -18.619
-30.033 -32.441 -34.682 -34.731 -34.730
-29.880 -29.793 -35.007 -32.086 -32.084
-16.560 -15.220 -23.573 -25.422 -25.418
-48.960 -49.573 -49.963 -49.987 -48.776
-18.889 -19.176 -19.742 -18.537 -18.537
-19.539 -19.622 -19.739 -18.518 -18.520
19.777 -33.759 -43.015 -43.211 -40.424
-18.901 -18.336 -19.742 -18.642 -18.643
-13.564 -13.727 -15.918 -15.700 -14.744
-19.389 -19.513 -19.826 -19.844 -18.470
-15.614 -15.707 -15.784 -15.298 -14.776
-15.240 -15.394 -15.756 -14.719 -14.718
-19.021 -18.591 -19.739 -18.575 -18.572
-14.222 -14.213 -15.598 -15.250 -15.249
-14.300 -13.833 -15.355 -15.518 -15.516
-49.726 -39.894 -42.950 -41.340 -41.341
-15.377 -15.356 -15.632 -15.065 -14.710
-71.308 -75.104 -60.480 -60.304 -59.809
-34.739 -34.549 -35.267 -34.225 -33.562
-34.513 -34.001 -34.915 -34.926 -34.925
-33.124 -33.408 -34.327 -34.373 -33.893
-34.390 -34.983 -35.901 -34.088 -34.084
-22.547 -22.813 -22.911 -22.441 -22.361
-13.615 -11.344 -13.240 -11.350 -11.349
-11.526 -11.810 -11.971 -11.455 -11.454
-22.693 -22.862 -22.949 -22.868 -22.439
-29.942 -22.682 -25.816 -22.609 -22.609
-22.512 -22.817 -23.036 -22.610 -22.608
-41.917 -37.221 -37.752 -37.771 -37.770
-8.340 -6.480 -7.611 -7.561 -7.562
-28.993 -28.319 -36.872 -36.926 -36.925
-33.925 -28.677 -29.683 -29.700 -29.699
-30.842 -26.083 -26.619 -26.647 -26.304
-30.470 -26.395 -27.700 -27.724 -25.746
-22.542 -22.616 -22.699 -22.866 -22.003
-30.704 -31.188 -34.363 -34.229 -34.228
-19.601 -19.472 -19.724 -18.457 -18.457
-15.767 -15.740 -16.085 -14.971 -14.968
-15.550 -15.781 -15.511 -15.233 -14.856
-15.151 -15.403 -15.503 -14.988 -14.988
-15.297 -15.462 -15.556 -15.561 -14.923
-18.204 -15.031 -15.821 -15.831 -14.910
-14.334 -14.435 -14.506 -14.523 -14.323
-15.735 -14.992 -15.546 -15.553 -15.553
-11.041 -11.226 -11.261 -11.231 -11.231
-11.571 -11.923 -12.073 -11.293 -11.384
-16.004 -16.249 -16.354 -15.465 -15.454
-14.828 -13.600 -13.871 -13.881 -13.880
-15.403 -15.411 -15.494 -15.522 -14.863
-11.530 -11.695 -11.849 -10.929 -10.928
-19.395 -15.438 -15.913 -16.165 -14.654
-15.060 -14.645 -15.707 -15.111 -14.663
-15.135 -14.844 -15.529 -15.460 -15.135
-10.305 -10.701 -13.448 -11.646 -10.915
-12.887 -12.513 -13.043 -11.231 -11.230
-20.088 -14.718 -16.259 -15.095 -14.993
-15.255 -14.814 -15.645 -14.587 -14.587
-13.094 -13.886 -15.845 -15.347 -15.347
-13.010 -12.008 -12.119 -11.532 -11.062
-18.558 -13.125 -15.199 -15.212 -14.785
-7.940 -6.010 -6.090 -6.074 -6.229
-15.145 -15.213 -15.969 -15.549 -15.548
-15.437 -14.996 -15.575 -15.163 -14.735
-15.656 -15.667 -15.555 -15.237 -15.239
-5.484 -5.564 -5.592 -5.582 -5.580
-12.730 -12.609 -11.946 -11.334 -11.333
-7.291 -7.923 -8.234 -7.749 -7.457
-15.106 -15.459 -15.969 -16.226 -14.381
-19.389 -14.722 -15.700 -15.244 -14.887
-11.885 -12.030 -11.424 -11.472 -11.472
-10.765 -10.664 -11.967 -11.453 -11.454
-17.930 -15.697 -15.726 -15.877 -14.829
-11.638 -11.661 -11.900 -11.044 -10.906
-15.141 -15.542 -15.777 -15.057 -14.605
-8.483 -4.383 -5.570 -6.813 -6.507
-8.729 -8.281 -7.593 -7.567 -7.566
-15.607 -15.955 -16.341 -15.168 -15.169
-29.994 -29.621 -29.005 -31.051 -31.052
-22.296 -23.850 -24.831 -22.638 -22.637
-19.033 -19.004 -19.743 -18.556 -18.556
-37.321 -37.768 -38.651 -38.657 -38.656
-40.738 -36.859 -37.568 -37.582 -37.581
-39.012 -35.937 -38.392 -38.402 -36.541
-39.765 -32.758 -35.762 -34.245 -34.244
-34.790 -35.584 -40.411 -37.976 -37.975
-40.492 -28.482 -30.868 -30.870 -30.130
-42.020 -36.599 -37.373 -37.397 -37.395
-45.447 -45.321 -47.137 -45.265 -45.264
-22.432 -22.523 -22.802 -22.810 -21.763
-23.072 -23.193 -23.721 -23.085 -23.085
-19.057 -19.042 -19.271 -18.823 -18.823
-22.634 -19.923 -20.492 -18.996 -18.721
-13.343 -18.322 -19.200 -18.475 -18.475
-18.866 -19.190 -19.743 -18.541 -18.541
-19.068 -18.852 -19.653 -18.819 -18.818
-25.747 -26.042 -26.209 -26.286 -26.032
-24.212 -24.695 -24.805 -23.885 -22.859
-19.588 -19.621 -19.720 -18.552 -18.551
-18.673 -19.067 -19.157 -19.163 -18.513
-14.959 -15.438 -15.542 -15.548 -14.852
-34.369 -29.132 -29.534 -29.541 -29.540
-23.354 -22.330 -22.893 -22.642 -22.605
-25.294 -25.513 -25.931 -22.561 -22.560
-19.545 -16.398 -18.817 -18.814 -18.470
-15.539 -15.590 -15.892 -16.210 -14.439
-15.680 -16.002 -15.678 -15.199 -15.199
-18.217 -14.617 -16.111 -16.142 -14.748
-26.700 -21.092 -23.733 -23.759 -22.102
-22.488 -23.568 -24.120 -22.185 -22.185
-38.430 -39.555 -39.869 -39.190 -37.687
-26.244 -26.110 -26.717 -26.810 -26.318
-15.171 -15.293 -15.743 -15.021 -14.944
-15.255 -14.814 -15.645 -14.587 -14.587
-13.564 -13.727 -15.918 -15.700 -14.744
-15.614 -15.707 -15.784 -15.298 -14.776
-17.930 -15.697 -15.726 -15.877 -14.829
-15.550 -15.781 -15.511 -15.233 -14.856
-24.336 -22.149 -24.333 -24.325 -23.581
-44.263 -44.697 -46.273 -45.913 -45.911
-36.678 -36.779 -37.085 -37.044 -37.044
-15.141 -15.542 -15.777 -15.057 -14.605
-13.094 -13.886 -15.845 -15.347 -15.347
-30.186 -25.367 -25.846 -25.850 -25.849
-20.957 -21.280 -23.446 -23.210 -23.209
-18.688 -18.887 -18.972 -18.977 -18.558
-22.643 -22.726 -23.083 -23.103 -22.286
-13.615 -11.344 -13.240 -11.350 -11.349
-11.526 -11.810 -11.971 -11.455 -11.454
-20.732 -17.477 -17.750 -17.763 -16.976
-34.847 -34.728 -35.049 -35.054 -35.054
-11.571 -11.923 -12.073 -11.293 -11.384
-10.305 -10.701 -13.448 -11.646 -10.915
-15.280 -15.298 -15.400 -15.173 -14.958
-8.729 -8.281 -7.593 -7.567 -7.566
-38.157 -37.197 -37.604 -37.627 -37.627
-14.973 -14.911 -15.034 -15.259 -15.072
-15.348 -15.533 -15.713 -15.716 -14.938
-25.297 -22.601 -23.060 -23.066 -22.915
-22.335 -22.656 -22.953 -22.955 -22.243
-18.429 -14.525 -14.694 -14.786 -14.859
-30.341 -30.513 -30.698 -30.700 -30.306
-15.254 -15.442 -15.767 -15.030 -14.617
-15.158 -15.422 -15.708 -14.620 -14.619
-15.158 -15.148 -15.689 -14.961 -14.474
-15.539 -15.605 -15.808 -15.607 -14.637
-15.251 -14.978 -15.755 -14.582 -14.582
-15.546 -15.526 -15.642 -15.646 -14.632
-17.711 -14.028 -15.428 -15.867 -15.014
-15.544 -15.768 -15.817 -15.302 -15.303
-17.768 -15.678 -16.096 -15.006 -14.928
-15.282 -15.836 -15.890 -15.904 -14.701
-18.402 -14.383 -15.780 -15.688 -14.779
-14.727 -15.539 -15.693 -14.938 -14.935
-15.314 -15.432 -16.011 -16.016 -14.761
-15.602 -15.706 -15.965 -15.066 -15.066
-12.331 -12.661 -13.735 -11.231 -11.230
-12.935 -11.467 -11.893 -11.727 -11.135
-17.243 -15.271 -15.833 -15.835 -14.928
-15.053 -15.283 -15.346 -15.444 -15.441
-11.565 -13.047 -15.360 -15.150 -15.149
-7.282 -7.177 -7.362 -7.464 -7.463
-13.409 -12.701 -12.928 -11.243 -11.242
-8.134 -8.016 -8.724 -7.502 -7.502
-15.238 -15.395 -15.569 -15.588 -14.584
-15.129 -15.358 -15.890 -14.699 -14.558
-15.231 -15.077 -15.604 -14.761 -14.761
-15.571 -15.858 -15.933 -15.585 -15.584
-14.573 -14.675 -14.837 -15.353 -14.935
-18.046 -14.729 -15.707 -15.312 -14.761
-15.217 -15.289 -15.755 -14.601 -14.599
-15.657 -15.866 -16.039 -15.727 -14.743
-9.369 -7.260 -7.437 -7.604 -7.038
-15.099 -15.592 -15.390 -15.545 -15.544
-4.626 -2.085 -2.139 -2.509 -2.932
-11.762 -11.780 -11.972 -11.453 -11.453
-12.797 -11.388 -12.068 -11.479 -11.302
-15.162 -15.348 -15.557 -15.522 -15.334
-15.712 -15.792 -15.836 -15.931 -14.544
-17.231 -15.489 -15.958 -15.443 -15.443
-8.440 -5.926 -7.265 -7.267 -6.453
-29.994 -29.621 -29.005 -31.051 -31.052
-22.296 -23.850 -24.831 -22.638 -22.637
-22.643 -22.726 -23.083 -23.103 -22.286
-15.413 -15.586 -15.478 -14.858 -14.858
-21.742 -22.048 -22.071 -22.466 -22.165
-22.921 -23.158 -23.742 -23.091 -23.090
-23.129 -23.410 -23.719 -23.083 -23.082
-22.889 -22.748 -23.565 -22.917 -22.916
-21.765 -22.603 -23.644 -23.104 -22.829
-27.230 -27.134 -33.618 -33.131 -33.130
-22.014 -22.322 -22.805 -23.178 -23.179
-15.255 -14.814 -15.645 -14.587 -14.587
-17.711 -14.028 -15.428 -15.867 -15.014
-13.564 -13.727 -15.918 -15.700 -14.744
-15.162 -15.348 -15.557 -15.522 -15.334
-24.670 -24.735 -24.827 -23.885 -22.757
-23.010 -23.190 -23.579 -23.001 -22.999
-15.668 -15.799 -15.509 -15.297 -15.296
-15.721 -16.485 -16.814 -16.833 -14.490
-18.843 -18.974 -19.089 -19.102 -18.542
-21.327 -18.888 -19.418 -18.587 -18.586
-20.941 -19.038 -19.965 -19.969 -18.606
-15.256 -14.771 -14.808 -14.534 -14.488
-29.178 -29.318 -36.822 -36.830 -36.829
-38.382 -37.675 -38.684 -38.686 -38.685
-15.614 -15.707 -15.784 -15.298 -14.776
-32.798 -32.414 -33.087 -33.091 -33.089
-14.573 -14.675 -14.837 -15.353 -14.935
-17.930 -15.697 -15.726 -15.877 -14.829
-26.810 -22.804 -23.030 -22.447 -22.123
-19.885 -19.796 -20.224 -18.987 -18.768
-19.011 -18.548 -19.742 -18.536 -18.536
-14.713 -15.089 -15.327 -15.223 -14.920
-15.476 -15.567 -15.631 -15.293 -15.082
-14.064 -14.640 -14.779 -14.348 -14.342
-17.698 -14.090 -17.485 -14.705 -14.704
-15.055 -15.139 -15.354 -15.556 -15.554
-15.420 -14.978 -15.339 -15.242 -14.868
-14.727 -15.372 -15.565 -15.459 -15.458
-29.078 -29.225 -30.258 -30.296 -30.295
-13.615 -11.344 -13.240 -11.350 -11.349
-38.162 -33.947 -37.764 -37.816 -37.815
-11.526 -11.810 -11.971 -11.455 -11.454
-11.571 -11.923 -12.073 -11.293 -11.384
-10.305 -10.701 -13.448 -11.646 -10.915
-35.585 -27.971 -32.646 -30.224 -30.223
-10.650 -12.759 -28.235 -28.252 -28.253
-36.408 -37.117 -38.692 -38.720 -38.718
-22.853 -22.725 -23.240 -22.852 -22.851
-23.322 -21.673 -23.311 -22.843 -22.740
-18.882 -19.155 -19.310 -18.685 -18.684
-18.952 -19.268 -19.330 -18.723 -18.530
-15.352 -15.303 -16.316 -15.127 -15.127
-37.739 -37.808 -37.929 -38.449 -38.449
-36.663 -26.291 -30.868 -30.924 -29.926
-15.100 -15.364 -15.991 -15.042 -15.040
-27.580 -28.121 -36.334 -36.338 -36.337
-42.807 -34.565 -36.998 -34.013 -33.542
-8.729 -8.281 -7.593 -7.567 -7.566
-16.045 -15.589 -15.883 -15.298 -14.869
-15.251 -15.533 -15.680 -15.367 -15.188
-15.520 -15.585 -16.268 -15.545 -14.398
-18.603 -14.248 -14.916 -15.596 -15.030
-15.475 -15.712 -15.781 -15.513 -15.513
-29.892 -23.366 -24.341 -24.741 -21.775
-12.788 -11.881 -12.141 -11.395 -11.317
-15.046 -15.516 -15.260 -15.307 -15.307
-11.612 -11.942 -12.116 -11.529 -11.217
-12.366 -12.695 -12.020 -11.497 -10.885
-11.071 -11.906 -11.424 -11.473 -11.471
-13.252 -11.123 -11.771 -11.168 -11.167
-10.917 -10.938 -11.278 -11.219 -11.220
-12.788 -11.615 -12.093 -11.409 -11.319
-11.505 -11.625 -11.880 -11.462 -11.462
-13.879 -11.169 -12.202 -11.320 -11.320
-8.087 -8.979 -9.070 -9.071 -9.069
-11.077 -11.136 -11.217 -11.230 -11.174
-12.317 -12.127 -12.907 -11.269 -11.268
-12.788 -11.966 -12.144 -11.349 -11.364
-12.348 -11.955 -12.843 -11.352 -11.352
-11.637 -11.919 -12.123 -11.163 -11.122
-13.306 -12.897 -12.933 -11.243 -11.242
-12.769 -12.871 -11.262 -11.253 -11.251
-11.452 -11.861 -11.903 -11.596 -10.712
-12.816 -12.851 -11.747 -11.289 -11.288
-7.875 -8.085 -8.180 -7.856 -7.475
-8.748 -8.425 -8.030 -7.577 -7.575
-11.722 -11.889 -11.971 -11.450 -11.450
-7.603 -7.453 -7.951 -7.525 -7.524
-8.083 -7.618 -7.682 -7.794 -7.603
-15.567 -14.941 -17.481 -15.307 -15.309
-11.812 -11.870 -11.666 -12.040 -11.431
-9.104 -7.749 -8.425 -8.427 -7.293
-8.117 -8.130 -7.991 -7.863 -7.426
-8.170 -8.407 -8.719 -7.580 -7.579
-12.366 -12.678 -12.705 -11.335 -11.334
-12.951 -11.712 -12.086 -11.408 -11.318
-8.170 -8.399 -8.723 -7.501 -7.500
-11.563 -11.796 -12.101 -11.024 -11.023
-12.835 -11.564 -12.048 -11.345 -11.126
-6.704 -6.993 -9.970 -7.527 -7.573
-7.784 -8.095 -8.180 -7.862 -7.446
-6.430 -8.555 -8.594 -7.898 -7.310
-29.994 -29.621 -29.005 -31.051 -31.052
-22.296 -23.850 -24.831 -22.638 -22.637
-22.604 -22.546 -23.060 -23.066 -22.546
-15.255 -14.814 -15.645 -14.587 -14.587
-18.706 -18.857 -19.274 -18.247 -18.247
-17.685 -13.633 -14.291 -14.751 -14.804
-34.186 -34.323 -34.914 -34.929 -34.928
-28.291 -28.047 -29.036 -31.046 -31.047
-25.008 -24.723 -25.137 -25.171 -25.143
-17.711 -14.028 -15.428 -15.867 -15.014
-13.564 -13.727 -15.918 -15.700 -14.744
-19.944 -19.654 -20.793 -18.729 -18.520
-18.230 -15.129 -15.286 -15.220 -14.161
-14.645 -14.680 -14.842 -15.020 -15.018
-15.582 -15.547 -15.701 -15.714 -14.730
-16.099 -15.632 -15.976 -16.110 -14.974
-16.728 -15.387 -15.476 -15.029 -14.818
-15.688 -15.550 -15.903 -15.560 -15.559
-17.743 -16.417 -15.910 -15.444 -14.576
-42.759 -38.288 -39.122 -38.534 -37.168
-41.610 -37.171 -38.194 -38.208 -38.207
-28.220 -27.601 -29.795 -30.788 -29.791
-29.921 -23.891 -24.935 -22.659 -22.658
-15.235 -14.962 -15.600 -14.927 -14.926
-17.899 -15.436 -15.845 -14.946 -14.944
-16.784 -14.856 -16.170 -15.166 -15.006
-14.865 -15.025 -15.157 -15.281 -15.281
-17.832 -34.557 -38.113 -38.345 -38.344
-43.351 -37.203 -39.207 -38.194 -37.662
-17.954 -15.101 -15.923 -16.242 -14.642
-15.499 -15.635 -16.045 -15.095 -15.097
-45.923 -42.496 -45.440 -44.758 -44.759
-18.092 -20.037 -37.667 -37.700 -37.246
-25.327 -26.329 -26.645 -26.651 -26.332
42.118 -19.826 -23.076 -22.919 -22.919
-22.927 -22.939 -23.586 -22.919 -22.918
-14.423 -14.961 -15.059 -15.192 -14.871
-15.040 -15.533 -15.848 -15.060 -15.060
-13.615 -11.344 -13.240 -11.350 -11.349
-13.306 -12.897 -12.933 -11.243 -11.242
-11.812 -11.870 -11.666 -12.040 -11.431
-16.439 -16.228 -15.796 -14.979 -14.977
-15.236 -15.377 -15.451 -15.620 -14.625
-15.692 -15.825 -15.446 -15.586 -15.586
-15.235 -15.524 -15.755 -14.582 -14.582
-15.526 -15.587 -15.681 -15.689 -14.723
-15.247 -15.519 -15.706 -15.118 -14.671
-15.289 -15.055 -15.758 -14.582 -14.582
-29.982 -25.049 -25.923 -22.591 -22.588
-11.526 -11.810 -11.971 -11.455 -11.454
-12.835 -11.564 -12.048 -11.345 -11.126
-11.571 -11.923 -12.073 -11.293 -11.384
-18.834 -15.381 -15.584 -15.594 -14.463
-15.498 -15.791 -15.893 -15.898 -14.714
-22.241 -18.884 -19.343 -18.196 -18.196
-16.014 -13.592 -15.169 -15.277 -15.277
-17.953 -14.494 -15.743 -15.714 -14.752
-12.607 -13.098 -16.324 -15.127 -15.127
-8.170 -8.407 -8.719 -7.580 -7.579
-6.704 -6.993 -9.970 -7.527 -7.573
-45.821 -36.174 -37.491 -37.529 -37.527
-8.083 -7.618 -7.682 -7.794 -7.603
-6.430 -8.555 -8.594 -7.898 -7.310
-15.747 -15.652 -15.995 -15.424 -15.259
-11.643 -11.900 -12.103 -11.417 -11.165
-11.787 -11.890 -11.666 -12.040 -11.429
-11.030 -11.201 -11.296 -11.453 -11.223
-12.446 -12.393 -12.846 -11.356 -11.355
-11.362 -11.572 -12.078 -10.946 -10.947
-11.299 -11.402 -11.525 -11.295 -11.293
-10.862 -11.132 -11.305 -11.248 -11.246
-11.073 -10.961 -11.391 -11.207 -11.150
-11.748 -11.751 -11.905 -11.742 -11.154
-13.805 -11.405 -11.781 -11.291 -11.272
-11.746 -11.873 -11.945 -11.462 -11.461
-12.240 -12.325 -12.832 -11.240 -11.239
-12.289 -12.156 -13.165 -11.202 -11.276
-12.376 -12.724 -12.799 -11.341 -11.341
-12.921 -12.726 -12.738 -11.308 -11.308
-13.805 -11.342 -12.026 -11.406 -11.336
-11.423 -11.849 -12.004 -11.257 -11.254
-11.715 -11.872 -12.065 -10.947 -10.949
-12.729 -12.342 -11.719 -11.303 -11.302
-12.450 -11.651 -12.134 -11.528 -11.214
-11.714 -11.809 -11.947 -11.462 -11.461
-10.392 -10.599 -11.078 -11.079 -10.879
-8.170 -8.387 -7.863 -7.583 -7.584
-6.742 -6.967 -7.145 -7.148 -6.638
-8.037 -7.630 -7.938 -7.713 -7.524
-7.255 -7.377 -7.931 -7.934 -7.876
-11.727 -11.584 -11.902 -11.741 -11.152
-8.162 -7.926 -8.731 -7.576 -7.576
-11.751 -11.793 -11.479 -12.040 -11.430
-11.945 -11.426 -12.283 -11.477 -11.309
-6.990 -7.500 -7.813 -7.944 -7.309
-8.606 -8.588 -8.613 -7.591 -7.591
-12.995 -11.193 -11.891 -11.719 -11.120
-12.067 -12.089 -12.151 -11.569 -11.091
-12.630 -12.536 -11.759 -11.254 -11.253
-7.505 -7.667 -7.995 -7.796 -7.582
-12.696 -11.607 -12.088 -11.416 -11.390
-8.098 -8.153 -8.232 -7.463 -7.408
-9.116 -8.192 -8.746 -7.527 -7.528
-7.698 -7.906 -8.165 -7.868 -7.436
62.357 -10.882 -11.970 -11.461 -11.460
-7.906 -7.638 -8.419 -8.423 -7.314
-12.390 -12.816 -12.042 -11.372 -11.371
-8.170 -8.310 -8.455 -7.567 -7.565
-8.760 -7.667 -8.421 -8.428 -7.279
-29.994 -29.621 -29.005 -31.051 -31.052
-22.296 -23.850 -24.831 -22.638 -22.637
-15.499 -15.635 -16.045 -15.095 -15.097
-15.255 -14.814 -15.645 -14.587 -14.587
-17.711 -14.028 -15.428 -15.867 -15.014
-28.349 -28.387 -29.054 -31.047 -31.047
-11.679 -11.731 -11.937 -12.040 -11.432
-29.873 -23.394 -24.939 -22.663 -22.661
-19.003 -18.864 -19.231 -18.866 -18.554
-18.873 -18.752 -19.669 -18.693 -18.694
-19.521 -17.989 -19.160 -18.936 -18.704
-16.675 -16.927 -15.985 -14.957 -14.958
-18.978 -13.726 -19.395 -15.648 -14.506
-11.446 -46.422 -40.482 -40.605 -36.213
-34.267 -33.017 -33.315 -33.334 -33.333
-26.827 -21.623 -28.880 -23.027 -21.873
-19.742 -19.606 -20.486 -21.218 -21.224
-26.759 -21.742 -23.094 -23.069 -23.068
-15.607 -15.075 -15.749 -15.850 -14.563
-17.290 -15.053 -15.846 -15.169 -15.171
-15.101 -15.383 -15.440 -15.484 -15.036
-8.835 -16.151 -17.403 -14.963 -14.962
-17.888 -14.967 -15.495 -15.009 -15.008
-19.373 -14.881 -15.916 -15.918 -14.800
-15.512 -15.571 -15.700 -15.715 -14.709
-15.286 -14.996 -15.745 -14.590 -14.592
-15.375 -15.431 -15.562 -15.436 -15.202
-10.984 -11.326 -11.386 -12.039 -11.432
-11.296 -11.646 -11.653 -12.040 -11.432
-10.726 -12.001 -12.006 -11.436 -11.436
-10.792 -11.100 -11.263 -11.453 -11.221
-18.982 -15.359 -15.467 -15.505 -14.891
-44.098 -44.163 -46.346 -47.786 -44.103
-11.587 -12.376 -12.424 -10.814 -10.813
-23.149 -19.508 -21.587 -18.826 -18.825
-18.899 -18.891 -19.458 -18.661 -18.659
-17.191 -15.781 -17.402 -15.370 -15.370
-16.829 -17.163 -19.687 -18.669 -18.668
-15.703 -15.745 -15.432 -15.586 -15.585
-30.583 -31.293 -31.502 -30.704 -29.574
-24.580 -22.353 -23.103 -23.107 -22.266
-13.615 -11.344 -13.240 -11.350 -11.349
-13.306 -12.897 -12.933 -11.243 -11.242
-15.033 -14.990 -15.359 -15.556 -15.555
-15.178 -15.188 -15.691 -14.863 -14.860
-15.303 -15.548 -15.739 -15.115 -14.619
-15.223 -15.315 -15.532 -15.536 -14.897
-15.814 -15.891 -16.185 -16.038 -14.727
-10.767 -10.903 -11.304 -11.453 -11.212
-11.773 -11.979 -11.946 -11.061 -11.012
-11.787 -11.890 -11.666 -12.040 -11.429
-11.526 -11.810 -11.971 -11.455 -11.454
-12.835 -11.564 -12.048 -11.345 -11.126
-37.619 -42.231 -44.040 -44.043 -44.043
-29.122 -30.347 -38.171 -38.045 -37.150
-11.678 -10.469 -32.604 -32.951 -32.950
-39.300 -36.611 -37.995 -38.005 -38.004
-8.760 -7.667 -8.421 -8.428 -7.279
-8.170 -8.407 -8.719 -7.580 -7.579
-6.704 -6.993 -9.970 -7.527 -7.573
-8.083 -7.618 -7.682 -7.794 -7.603
-6.430 -8.555 -8.594 -7.898 -7.310
-18.638 -13.656 -17.413 -15.381 -15.380
-23.991 -25.174 -25.257 -25.275 -22.226
-11.764 -11.788 -11.972 -11.461 -11.460
-11.654 -11.796 -11.469 -12.039 -11.430
-11.576 -11.722 -12.049 -11.313 -11.202
-11.625 -11.709 -11.934 -11.377 -11.376
-12.403 -12.353 -12.934 -11.192 -11.191
-12.366 -12.438 -13.751 -11.229 -11.228
-11.039 -11.109 -11.261 -11.453 -11.221
-13.248 -11.321 -12.312 -11.445 -11.445
-11.810 -11.788 -11.939 -11.454 -11.454
-13.915 -11.139 -12.328 -11.353 -10.931
-11.764 -11.344 -11.972 -11.455 -11.455
-13.517 -10.996 -11.927 -11.839 -11.284
-12.316 -12.328 -13.219 -11.331 -11.331
-11.767 -11.724 -11.970 -11.462 -11.461
-12.315 -12.155 -13.717 -11.257 -11.257
-12.866 -12.901 -12.928 -11.191 -11.189
-11.894 -11.889 -11.974 -11.454 -11.453
-11.885 -11.866 -12.065 -11.292 -11.370
-11.921 -11.819 -11.970 -11.462 -11.461
-11.816 -11.903 -11.969 -11.462 -11.461
-11.902 -12.000 -12.091 -11.536 -11.074
-11.591 -11.821 -11.947 -11.455 -11.454
-13.413 -8.958 -14.691 -11.113 -11.112
-9.194 -7.734 -7.643 -7.645 -7.643
-12.308 -11.904 -13.209 -11.283 -11.282
-10.297 -10.858 -11.317 -11.208 -11.136
-12.741 -12.812 -12.865 -11.208 -11.208
-9.022 -7.570 -7.953 -7.877 -7.408
-12.679 -11.528 -11.855 -11.344 -11.079
-13.412 -12.069 -12.151 -11.407 -11.406
-8.153 -8.320 -8.745 -7.526 -7.529
-8.408 -7.773 -8.334 -7.593 -7.594
-12.866 -12.816 -12.919 -11.239 -11.237
-11.104 -11.723 -12.235 -11.507 -11.506
-8.181 -8.314 -8.460 -7.566 -7.566
-8.512 -7.466 -8.719 -7.596 -7.596
-8.657 -7.307 -8.149 -8.419 -7.319
-8.259 -8.422 -7.833 -7.566 -7.565
-7.440 -7.828 -8.076 -7.688 -7.686
-11.827 -11.920 -12.005 -11.293 -11.162
-8.303 -8.515 -8.736 -7.579 -7.578
-8.950 -7.361 -7.538 -7.463 -7.224
-29.994 -29.621 -29.005 -31.051 -31.052
-15.499 -15.635 -16.045 -15.095 -15.097
-15.255 -14.814 -15.645 -14.587 -14.587
-17.711 -14.028 -15.428 -15.867 -15.014
-29.958 -23.911 -24.885 -24.917 -22.121
-25.418 -25.742 -25.953 -22.597 -22.596
-21.811 -19.066 -19.421 -18.272 -18.271
-18.286 -13.738 -15.153 -15.160 -15.006
-15.557 -15.688 -15.454 -15.535 -15.535
-17.577 -15.371 -15.626 -15.701 -14.398
-15.769 -15.915 -16.386 -15.263 -14.894
-15.335 -15.600 -15.756 -14.583 -14.582
-30.003 -30.501 -30.901 -30.907 -30.907
-25.646 -25.559 -26.030 -26.044 -25.685
-25.968 -22.614 -22.796 -22.880 -21.630
-17.423 -17.672 -21.903 -21.979 -21.977
-17.890 -18.209 -19.302 -19.139 -19.071
-16.747 -16.818 -16.882 -14.565 -14.554
-15.577 -15.701 -16.017 -14.672 -14.671
-14.634 -14.568 -14.719 -14.928 -14.519
-15.611 -16.192 -15.579 -15.620 -14.473
-16.562 -16.737 -17.460 -15.153 -15.153
-17.895 -14.806 -15.883 -15.244 -15.243
-15.141 -15.178 -15.408 -15.028 -14.904
-18.845 -15.018 -15.377 -15.407 -14.597
-15.817 -15.546 -16.161 -15.742 -14.700
-18.223 -14.350 -15.917 -15.918 -14.799
-13.845 -11.057 -11.905 -11.749 -11.198
-11.228 -10.083 -10.534 -11.149 -11.147
-12.974 -11.560 -11.823 -11.137 -11.072
-12.886 -12.140 -12.872 -11.232 -11.231
-30.446 -27.731 -28.210 -26.273 -26.272
-13.615 -11.344 -13.240 -11.350 -11.349
-11.787 -11.890 -11.666 -12.040 -11.429
-11.526 -11.810 -11.971 -11.455 -11.454
-11.827 -11.920 -12.005 -11.293 -11.162
-12.835 -11.564 -12.048 -11.345 -11.126
-12.178 -12.320 -13.143 -11.290 -11.289
-11.937 -12.318 -13.733 -11.274 -11.273
-14.019 -11.932 -13.721 -11.282 -11.282
-35.189 -44.770 -46.146 -46.167 -46.166
-38.099 -35.280 -36.685 -37.691 -37.690
-42.562 -43.764 -46.575 -46.368 -45.446
-48.945 -36.182 -44.422 -44.538 -44.538
-54.543 -48.593 -46.974 -44.226 -44.224
-15.175 -15.345 -15.486 -15.558 -14.921
-17.499 -16.979 -16.146 -15.437 -14.889
-17.880 -14.309 -15.841 -14.991 -14.776
-11.899 -11.239 -11.745 -11.936 -11.197
-12.083 -12.520 -11.930 -11.324 -11.323
-11.208 -11.233 -11.332 -12.040 -11.431
-10.501 -10.605 -10.660 -10.507 -10.061
-10.759 -11.128 -11.222 -11.230 -11.177
-12.705 -12.432 -12.270 -11.382 -11.334
-24.866 -27.762 -43.926 -44.353 -44.351
-8.153 -8.320 -8.745 -7.526 -7.529
-12.827 -13.184 -16.130 -14.987 -14.988
-15.495 -15.897 -15.978 -15.555 -15.556
-10.903 -11.798 -11.944 -11.462 -11.461
-8.760 -7.667 -8.421 -8.428 -7.279
-8.170 -8.407 -8.719 -7.580 -7.579
-8.408 -7.773 -8.334 -7.593 -7.594
-6.704 -6.993 -9.970 -7.527 -7.573
-8.083 -7.618 -7.682 -7.794 -7.603
-11.882 -11.759 -12.045 -11.444 -11.443
-10.840 -11.914 -12.077 -10.946 -10.947
-12.359 -12.284 -12.938 -11.242 -11.241
-12.460 -12.698 -13.747 -11.227 -11.226
-11.781 -11.540 -11.967 -11.462 -11.461
-11.808 -11.526 -11.969 -11.461 -11.461
-12.323 -11.998 -13.233 -11.259 -11.259
-11.876 -11.877 -12.080 -11.535 -11.061
-12.633 -11.966 -12.145 -11.567 -11.089
-10.687 -11.919 -11.971 -11.462 -11.461
-12.010 -11.882 -12.078 -11.846 -10.916
-11.084 -11.710 -12.269 -12.294 -10.857
-8.362 -8.300 -8.741 -7.578 -7.578
-8.337 -8.484 -7.944 -7.587 -7.587
-7.743 -7.891 -8.265 -7.839 -7.452
-8.304 -8.368 -8.407 -7.579 -7.579
-8.357 -8.376 -8.683 -7.647 -7.647
-7.469 -7.762 -8.168 -7.819 -7.481
-7.937 -8.117 -8.165 -7.858 -7.451
-8.254 -8.367 -8.612 -7.484 -7.483
-7.846 -7.863 -8.091 -7.560 -7.563
-8.476 -7.789 -8.033 -7.405 -7.404
-8.210 -7.867 -8.633 -7.435 -7.434
-8.317 -8.341 -8.727 -7.510 -7.560
-8.049 -8.027 -8.151 -7.813 -7.477
-8.186 -8.196 -8.555 -7.651 -7.426
-8.357 -8.177 -8.697 -7.607 -7.607
-12.784 -12.859 -11.776 -11.211 -11.189
-11.104 -11.466 -11.984 -12.040 -11.431
-13.505 -11.606 -12.103 -11.578 -11.057
-7.953 -7.993 -7.994 -7.863 -7.455
-8.081 -8.145 -8.418 -8.426 -7.306
-9.343 -7.268 -7.454 -7.708 -7.019
-10.338 -8.015 -8.165 -7.543 -7.468
-11.210 -10.553 -11.438 -11.488 -11.486
-8.450 -8.484 -8.732 -7.625 -7.624
-8.117 -8.343 -8.415 -8.416 -7.222
-8.119 -8.176 -8.414 -8.424 -7.313
-8.072 -8.027 -8.430 -8.432 -7.314
-4.341 -4.337 -4.580 -3.668 -3.695
-8.618 -8.643 -7.593 -7.600 -7.599
-7.630 -7.763 -7.826 -7.796 -7.607
-29.994 -29.621 -29.005 -31.051 -31.052
-15.499 -15.635 -16.045 -15.095 -15.097
-15.255 -14.814 -15.645 -14.587 -14.587
-17.711 -14.028 -15.428 -15.867 -15.014
-15.305 -15.272 -15.431 -15.438 -14.722
-15.749 -16.121 -16.244 -16.302 -14.635
-20.756 -18.919 -19.176 -19.348 -18.843
-15.218 -15.334 -15.394 -15.123 -15.120
-15.492 -15.610 -17.177 -15.300 -15.300
-15.989 -15.640 -15.791 -15.508 -15.509
-15.230 -15.618 -15.682 -15.252 -15.012
-17.677 -13.693 -17.418 -15.224 -14.908
-15.415 -15.428 -16.151 -16.183 -14.660
-14.519 -14.476 -16.142 -14.913 -14.912
-15.311 -15.187 -15.750 -14.583 -14.583
-13.277 -11.162 -12.277 -11.209 -11.207
-11.575 -11.047 -11.560 -11.563 -11.352
-13.559 -11.570 -12.169 -11.314 -11.311
-13.545 -11.156 -12.139 -11.340 -11.340
-21.844 -22.085 -22.193 -22.188 -22.189
-22.751 -23.655 -23.567 -22.866 -22.850
-18.656 -13.888 -15.715 -15.395 -14.367
-15.274 -15.284 -15.736 -14.999 -14.524
-18.200 -15.320 -15.527 -15.520 -14.617
-17.825 -15.062 -16.405 -15.682 -14.919
-11.013 -11.117 -11.449 -11.284 -11.284
-13.087 -11.477 -11.907 -11.774 -11.258
-12.376 -12.469 -12.598 -11.512 -11.165
-12.244 -12.188 -12.588 -10.827 -10.851
-11.806 -11.897 -11.431 -11.467 -11.469
-42.176 -37.700 -38.129 -37.798 -37.106
-36.877 -37.412 -37.986 -37.989 -36.637
-29.476 -30.043 -30.663 -30.700 -29.812
-13.615 -11.344 -13.240 -11.350 -11.349
-11.208 -11.233 -11.332 -12.040 -11.431
-11.526 -11.810 -11.971 -11.455 -11.454
-9.774 -9.824 -9.862 -9.603 -9.431
-35.315 -28.298 -30.892 -30.278 -30.278
-25.144 -24.844 -35.235 -42.774 -42.770
-15.164 -15.392 -15.697 -15.021 -14.889
-14.993 -15.260 -15.381 -15.282 -15.283
-14.785 -14.454 -15.650 -15.145 -15.144
-15.404 -15.331 -16.239 -15.703 -14.603
-11.588 -11.534 -11.966 -11.902 -11.272
-15.164 -15.307 -15.460 -15.022 -14.655
-15.597 -14.801 -15.452 -14.883 -14.882
-11.696 -11.728 -11.423 -11.470 -11.470
-11.017 -11.262 -11.385 -11.440 -11.391
-8.117 -8.343 -8.415 -8.416 -7.222
-8.153 -8.320 -8.745 -7.526 -7.529
-38.381 -36.410 -37.888 -37.894 -37.893
-8.072 -8.027 -8.430 -8.432 -7.314
-8.760 -7.667 -8.421 -8.428 -7.279
-8.357 -8.177 -8.697 -7.607 -7.607
-7.630 -7.763 -7.826 -7.796 -7.607
-8.170 -8.407 -8.719 -7.580 -7.579
-8.083 -7.618 -7.682 -7.794 -7.603
-15.603 -15.644 -15.858 -15.536 -15.024
-12.896 -11.901 -12.151 -11.035 -10.979
-12.942 -11.502 -12.221 -11.317 -11.316
-23.058 -39.196 -45.721 -45.746 -44.185
-33.981 -38.339 -43.446 -43.499 -43.498
-13.160 -11.168 -11.945 -11.178 -11.196
-11.776 -11.422 -11.973 -11.454 -11.454
-7.904 -8.098 -8.172 -7.854 -7.472
27.580 -10.648 -11.185 -11.229 -11.229
-12.354 -12.441 -12.847 -11.354 -11.354
-11.808 -11.863 -11.967 -11.462 -11.461
-12.381 -12.640 -11.671 -11.239 -11.218
-13.500 -11.792 -12.210 -11.341 -11.343
-13.392 -12.885 -12.919 -11.324 -11.266
-9.229 -7.614 -8.399 -6.967 -6.967
-8.203 -7.831 -8.339 -7.413 -7.411
-8.328 -8.287 -8.729 -7.650 -7.480
-7.867 -7.704 -8.265 -7.829 -7.411
-7.790 -7.908 -8.262 -7.920 -7.453
-7.659 -7.937 -8.242 -7.656 -7.655
-12.764 -12.826 -12.858 -11.246 -11.244
-9.401 -8.973 -8.127 -7.607 -7.606
-10.267 -7.819 -8.403 -8.420 -7.321
-10.063 -7.612 -8.406 -8.419 -7.326
-7.996 -7.571 -7.994 -7.795 -7.584
-12.331 -12.663 -12.898 -11.286 -11.285
-7.815 -7.591 -8.250 -7.565 -7.565
-8.409 -8.379 -8.422 -8.426 -7.299
-12.092 -11.984 -12.148 -11.577 -11.131
-11.921 -11.761 -11.971 -11.462 -11.461
-8.506 -8.613 -7.848 -7.642 -7.640
-8.921 -7.948 -8.070 -7.812 -7.473
-9.088 -8.025 -8.423 -8.426 -7.300
-12.003 -12.058 -12.155 -11.570 -11.062
-12.014 -12.038 -12.273 -11.402 -11.372
-8.330 -8.509 -8.670 -7.562 -7.562
-13.350 -11.798 -11.709 -11.085 -11.084
-8.181 -8.218 -8.600 -7.500 -7.500
-10.298 -7.495 -8.609 -7.596 -7.595
-7.448 -7.980 -8.161 -7.861 -7.442
-10.359 -8.515 -8.743 -7.592 -7.592
-4.313 -4.495 -4.014 -3.663 -3.663
-11.824 -11.894 -11.376 -11.462 -11.461
-7.494 -7.346 -8.040 -7.671 -7.671
-7.249 -7.106 -7.958 -7.377 -7.376
-29.994 -29.621 -29.005 -31.051 -31.052
-15.499 -15.635 -16.045 -15.095 -15.097
-15.255 -14.814 -15.645 -14.587 -14.587
-17.711 -14.028 -15.428 -15.867 -15.014
-19.020 -19.186 -19.299 -19.302 -18.582
-18.935 -18.775 -19.362 -19.041 -18.683
-19.182 -19.383 -19.656 -18.696 -18.693
-18.596 -18.871 -19.357 -18.865 -18.472
-18.210 -14.117 -19.676 -13.644 -13.643
-14.525 -14.619 -14.911 -14.681 -14.681
-28.307 -27.595 -28.992 -31.052 -31.052
-29.534 -29.877 -30.433 -30.714 -30.143
-30.850 -24.289 -27.227 -26.748 -26.747
-15.268 -15.816 -15.907 -15.547 -15.544
-16.253 -16.697 -17.405 -15.056 -15.055
-11.041 -11.155 -11.194 -11.125 -11.123
-14.990 -15.284 -15.782 -15.298 -14.697
-16.098 -15.579 -15.881 -15.313 -14.888
-14.554 -15.289 -15.892 -15.165 -15.021
-15.294 -15.120 -15.755 -14.583 -14.583
-15.535 -15.666 -16.263 -15.577 -14.470
-15.075 -15.135 -16.116 -15.077 -14.970
-18.780 -15.489 -15.836 -15.839 -14.892
-15.329 -15.188 -15.910 -15.328 -15.262
-15.691 -15.839 -15.848 -15.586 -15.586
-10.579 -10.301 -10.676 -10.874 -10.875
-11.594 -11.730 -11.973 -11.450 -11.447
-13.297 -11.397 -12.218 -11.517 -11.268
-13.436 -11.161 -11.996 -11.459 -11.459
-10.331 -10.725 -11.309 -11.079 -10.961
-11.754 -11.725 -11.894 -11.338 -11.337
-10.557 -10.564 -10.689 -10.692 -9.777
-28.321 -27.564 -29.043 -31.050 -30.125
-13.615 -11.344 -13.240 -11.350 -11.349
-11.208 -11.233 -11.332 -12.040 -11.431
-15.417 -15.647 -15.695 -14.805 -14.806
-11.767 -11.671 -11.888 -11.628 -10.733
-12.506 -12.690 -12.876 -11.326 -11.271
-12.935 -11.907 -12.265 -11.369 -11.344
-28.951 -29.112 -29.662 -29.755 -29.753
-43.501 -42.017 -45.934 -45.270 -45.270
-23.039 -21.170 -33.340 -33.413 -33.412
-15.682 -15.988 -15.567 -15.662 -15.661
234.499 -13.175 -16.040 -14.867 -14.864
-15.191 -15.513 -15.695 -14.935 -14.934
-11.922 -11.688 -12.211 -11.560 -11.405
-11.738 -11.901 -11.940 -11.461 -11.460
-28.822 -29.240 -31.058 -31.160 -30.221
-12.376 -12.557 -12.829 -11.312 -11.274
-8.117 -8.343 -8.415 -8.416 -7.222
-35.868 -38.382 -44.493 -44.352 -44.356
-8.153 -8.320 -8.745 -7.526 -7.529
-8.072 -8.027 -8.430 -8.432 -7.314
-8.760 -7.667 -8.421 -8.428 -7.279
-8.506 -8.613 -7.848 -7.642 -7.640
-10.359 -8.515 -8.743 -7.592 -7.592
-8.357 -8.177 -8.697 -7.607 -7.607
-7.630 -7.763 -7.826 -7.796 -7.607
-8.083 -7.618 -7.682 -7.794 -7.603
-48.979 -40.182 -45.015 -45.057 -45.057
-14.301 -14.560 -14.954 -14.674 -14.664
-16.059 -15.014 -16.105 -15.285 -15.284
-17.207 -15.529 -15.872 -15.060 -15.123
-12.772 -12.774 -11.501 -11.331 -11.330
-11.717 -11.975 -11.958 -11.230 -11.231
-12.432 -12.741 -12.846 -11.311 -11.310
-12.418 -12.290 -12.897 -11.236 -11.234
-12.418 -12.086 -13.747 -11.247 -11.246
-11.771 -11.984 -12.159 -11.568 -11.090
-11.919 -11.868 -11.668 -12.040 -11.430
-10.523 -11.929 -11.479 -11.473 -11.475
-9.159 -7.182 -8.105 -8.425 -7.330
-10.639 -10.770 -11.165 -11.110 -11.105
-12.421 -12.609 -13.192 -11.217 -11.216
-8.261 -8.304 -8.709 -7.545 -7.544
-8.845 -7.006 -7.627 -6.011 -6.957
-8.354 -8.372 -8.735 -7.754 -7.466
-8.132 -8.276 -8.422 -8.426 -7.350
-10.380 -7.651 -8.198 -7.650 -7.649
-9.357 -7.787 -8.412 -8.421 -7.338
-7.995 -8.144 -8.421 -8.429 -7.319
-10.301 -7.801 -8.425 -8.427 -7.289
-10.034 -7.993 -8.304 -8.308 -7.264
-8.001 -7.738 -8.163 -7.870 -7.445
-7.141 -7.396 -7.535 -7.593 -7.592
-8.369 -8.649 -8.733 -7.500 -7.556
-9.494 -6.946 -7.750 -7.648 -7.526
-10.269 -7.918 -8.719 -7.660 -7.454
-10.274 -7.931 -8.239 -7.530 -7.516
-10.223 -8.327 -8.543 -7.554 -7.552
-8.400 -8.422 -7.914 -7.560 -7.560
-8.077 -9.151 -7.969 -7.941 -7.330
-8.197 -8.098 -8.473 -7.554 -7.552
-8.409 -8.359 -8.426 -8.426 -7.280
-8.403 -8.386 -8.406 -8.426 -7.294
-7.438 -7.902 -8.020 -7.483 -7.482
-8.257 -8.629 -8.697 -7.657 -7.657
-8.158 -8.078 -8.745 -7.592 -7.593
-8.629 -7.761 -8.692 -7.557 -7.473
-8.853 -7.972 -8.414 -8.423 -7.316
-8.374 -7.615 -8.713 -7.604 -7.602
-8.393 -8.390 -8.424 -8.424 -7.315
-8.374 -8.655 -7.598 -7.428 -7.425
-7.975 -7.106 -8.084 -7.930 -7.314
-8.842 -7.703 -8.331 -8.422 -7.314
-29.994 -29.621 -29.005 -31.051 -31.052
-15.499 -15.635 -16.045 -15.095 -15.097
-15.255 -14.814 -15.645 -14.587 -14.587
-30.186 -23.041 -24.679 -24.686 -21.989
-12.809 -13.201 -15.555 -15.521 -15.349
-15.385 -15.177 -15.755 -14.582 -14.582
-15.332 -15.081 -15.757 -14.582 -14.583
-15.326 -15.166 -15.751 -14.582 -14.582
-15.417 -15.520 -15.645 -14.574 -14.574
-13.615 -11.344 -13.240 -11.350 -11.349
-15.541 -15.588 -15.782 -15.321 -14.837
-15.711 -15.900 -16.188 -15.073 -14.952
-10.903 -11.222 -12.021 -11.983 -10.973
-14.757 -10.752 -13.747 -11.268 -11.267
-15.904 -12.295 -13.305 -11.323 -11.323
-11.564 -11.898 -11.974 -11.450 -11.448
-10.629 -10.775 -10.736 -10.804 -10.597
-13.998 -11.008 -12.368 -11.332 -11.331
-13.695 -11.323 -12.889 -11.221 -11.220
-12.939 -11.734 -12.195 -11.401 -11.400
-11.736 -11.773 -12.912 -11.231 -11.230
-12.410 -12.318 -12.935 -11.243 -11.241
-11.600 -11.809 -12.128 -11.478 -11.243
-36.906 -29.986 -31.098 -30.652 -29.724
-23.631 -23.864 -26.952 -26.354 -25.925
-12.417 -12.279 -13.241 -11.251 -11.250
-12.699 -12.704 -12.857 -11.290 -11.291
-35.895 -37.309 -37.610 -37.548 -37.547
-18.998 -18.229 -19.338 -18.991 -18.771
-19.504 -15.271 -15.833 -15.873 -14.634
-28.775 -28.401 -29.664 -29.672 -29.650
-11.921 -11.770 -11.974 -11.454 -11.454
-17.988 -15.882 -23.037 -23.128 -22.656
-23.911 -24.241 -25.265 -25.274 -22.140
-17.676 -14.244 -15.978 -16.024 -14.771
-12.961 -13.058 -14.352 -14.628 -14.749
-17.959 -14.234 -15.753 -15.053 -15.052
-11.752 -12.029 -11.425 -11.477 -11.476
-11.786 -11.859 -12.523 -10.801 -10.759
-13.627 -11.354 -11.830 -11.458 -10.856
-13.241 -11.088 -12.190 -11.434 -11.433
-45.170 -40.747 -37.787 -37.791 -37.791
-11.735 -11.863 -12.137 -11.455 -11.454
-11.542 -11.809 -11.403 -11.462 -11.461
-12.452 -12.225 -12.926 -11.243 -11.242
-12.955 -11.951 -12.138 -11.337 -11.227
-36.485 -36.776 -38.132 -38.151 -38.150
-19.221 -19.245 -19.396 -19.397 -18.812
-11.947 -12.044 -11.471 -11.457 -11.457
-13.922 -11.505 -12.232 -11.439 -11.415
-11.760 -11.730 -12.174 -12.643 -10.704
-13.481 -12.879 -13.191 -11.355 -11.354
-31.792 -36.400 -37.645 -38.043 -37.622
-53.955 -39.468 -45.042 -45.040 -45.038
-10.269 -7.918 -8.719 -7.660 -7.454
-8.117 -8.343 -8.415 -8.416 -7.222
-8.153 -8.320 -8.745 -7.526 -7.529
-8.072 -8.027 -8.430 -8.432 -7.314
-8.760 -7.667 -8.421 -8.428 -7.279
-8.506 -8.613 -7.848 -7.642 -7.640
-10.359 -8.515 -8.743 -7.592 -7.592
-10.034 -7.993 -8.304 -8.308 -7.264
-8.357 -8.177 -8.697 -7.607 -7.607
-8.257 -8.629 -8.697 -7.657 -7.657
-7.630 -7.763 -7.826 -7.796 -7.607
-13.215 -11.783 -11.899 -11.719 -11.157
-8.165 -7.853 -8.727 -7.686 -7.471
-9.351 -8.830 -8.270 -8.419 -7.325
-8.940 -6.966 -10.316 -7.681 -7.405
-7.893 -8.089 -8.162 -7.856 -7.469
-8.151 -8.356 -8.424 -8.430 -7.319
-8.341 -8.532 -8.707 -7.637 -7.637
-9.277 -7.406 -7.451 -6.826 -6.825
-9.301 -8.320 -8.744 -7.582 -7.582
-7.839 -8.081 -8.094 -7.656 -7.655
-8.969 -8.096 -8.573 -7.593 -7.592
-8.142 -8.316 -8.747 -7.527 -7.526
-8.052 -7.592 -8.165 -7.815 -7.481
-8.208 -8.319 -8.734 -7.623 -7.623
-10.068 -7.997 -8.417 -8.422 -7.322
-8.234 -7.864 -8.710 -7.648 -7.648
-8.061 -8.003 -8.172 -7.819 -7.484
-8.342 -8.304 -8.715 -7.648 -7.647
-8.400 -8.059 -8.671 -7.598 -7.342
-9.281 -7.294 -8.431 -8.431 -7.280
-8.234 -8.238 -8.718 -7.643 -7.642
-9.125 -7.374 -7.456 -7.439 -6.773
-10.274 -7.802 -8.157 -7.544 -7.482
-8.537 -8.605 -8.718 -7.584 -7.583
-8.119 -7.903 -8.612 -7.571 -7.570
-8.511 -8.595 -7.869 -7.575 -7.574
-9.205 -7.835 -8.039 -7.617 -7.615
-9.518 -8.434 -7.439 -7.478 -7.479
-10.341 -8.386 -7.531 -7.430 -7.430
-8.161 -7.883 -8.452 -7.580 -7.579
-7.344 -7.755 -7.826 -7.593 -7.715
-8.332 -8.530 -7.923 -7.591 -7.591
-7.654 -6.914 -7.943 -7.553 -7.635
-10.334 -7.781 -8.426 -8.427 -7.295
-8.673 -7.822 -7.993 -7.412 -7.411
-8.405 -8.299 -8.414 -8.415 -7.208
-8.404 -8.388 -8.421 -8.428 -7.275
-8.397 -7.065 -7.910 -7.718 -7.462
-8.198 -8.072 -8.740 -7.657 -7.655
-8.318 -7.633 -7.962 -7.794 -7.579
-10.299 -7.964 -8.091 -7.859 -7.294
-8.292 -8.620 -7.978 -7.597 -7.596
-7.430 -7.986 -8.169 -7.806 -7.487
-9.248 -6.856 -6.993 -7.574 -7.573
-9.093 -7.848 -7.953 -8.006 -7.420
-7.598 -7.615 -7.981 -7.579 -7.578
-15.499 -15.635 -16.045 -15.095 -15.097
-15.255 -14.814 -15.645 -14.587 -14.587
-15.326 -15.166 -15.751 -14.582 -14.582
-13.615 -11.344 -13.240 -11.350 -11.349
-20.457 -14.845 -17.171 -15.156 -15.154
-15.079 -15.326 -15.475 -15.492 -15.320
-29.246 -29.534 -30.520 -30.527 -30.527
-15.362 -14.884 -15.703 -15.118 -14.683
-8.175 -8.545 -8.723 -7.647 -7.647
-8.385 -7.971 -8.711 -7.645 -7.647
-37.464 -37.535 -37.677 -37.698 -37.696
-15.383 -15.401 -15.758 -14.583 -14.583
-17.509 -15.162 -15.983 -15.503 -15.294
-16.081 -15.323 -15.820 -14.734 -14.732
-15.383 -15.532 -15.756 -14.583 -14.583
-11.785 -11.496 -12.186 -11.508 -11.274
-14.810 -11.972 -13.716 -11.223 -11.221
-12.214 -12.280 -13.713 -11.220 -11.219
-13.559 -11.583 -13.143 -11.184 -11.230
-13.921 -11.186 -12.227 -11.402 -11.365
-11.269 -11.426 -11.519 -11.161 -11.159
-14.610 -10.733 -12.338 -11.600 -11.112
-11.137 -11.372 -11.746 -11.355 -11.354
-13.236 -11.733 -12.137 -11.348 -11.360
-12.320 -12.637 -12.905 -11.267 -11.267
-12.484 -12.832 -12.092 -11.240 -11.240
-12.410 -11.703 -11.871 -11.443 -11.442
-9.360 -8.311 -8.694 -7.609 -7.609
-7.906 -7.967 -8.406 -8.429 -7.340
-8.486 -8.305 -8.732 -7.607 -7.607
-7.865 -7.935 -8.429 -8.431 -7.334
-28.404 -26.279 -34.264 -33.946 -33.947
-32.776 -31.004 -38.761 -37.923 -37.923
-18.303 -15.155 -15.843 -15.239 -15.238
-28.342 -28.231 -29.038 -31.053 -31.053
-15.270 -15.816 -15.937 -15.053 -15.054
-8.002 -8.229 -8.414 -8.421 -7.340
-30.354 -36.229 -30.954 -30.965 -29.949
-11.746 -11.604 -12.022 -11.316 -11.315
-11.043 -11.148 -11.305 -11.211 -11.143
-11.443 -11.195 -11.561 -11.564 -11.349
-11.826 -11.639 -11.972 -11.462 -11.461
-12.342 -12.376 -12.841 -11.283 -11.281
-11.971 -11.911 -12.011 -11.440 -11.451
-7.321 -8.007 -8.087 -7.693 -7.691
-17.364 -15.220 -15.852 -14.941 -14.939
-36.102 -36.340 -37.924 -38.023 -38.021
-17.940 -14.223 -18.875 -12.027 -13.497
-10.269 -7.918 -8.719 -7.660 -7.454
-8.117 -8.343 -8.415 -8.416 -7.222
-29.356 -29.917 -31.053 -30.476 -30.334
-8.153 -8.320 -8.745 -7.526 -7.529
-44.404 -43.558 -44.274 -44.447 -44.446
-8.072 -8.027 -8.430 -8.432 -7.314
-8.760 -7.667 -8.421 -8.428 -7.279
-8.506 -8.613 -7.848 -7.642 -7.640
-10.359 -8.515 -8.743 -7.592 -7.592
-10.034 -7.993 -8.304 -8.308 -7.264
-8.357 -8.177 -8.697 -7.607 -7.607
-8.257 -8.629 -8.697 -7.657 -7.657
-7.630 -7.763 -7.826 -7.796 -7.607
-8.181 -8.226 -8.741 -7.731 -7.479
-7.618 -7.873 -8.169 -7.869 -7.434
-7.787 -8.085 -7.986 -7.524 -7.523
-7.930 -7.995 -8.199 -7.455 -7.380
-8.690 -8.002 -8.068 -7.769 -7.443
-9.286 -8.440 -8.747 -7.526 -7.527
-8.665 -7.537 -7.860 -7.789 -7.563
-10.280 -7.951 -8.743 -7.572 -7.571
-8.004 -7.742 -8.174 -7.829 -7.485
-10.293 -7.951 -8.426 -8.428 -7.268
-8.153 -8.326 -8.509 -7.645 -7.646
-10.329 -7.563 -8.710 -7.574 -7.574
-8.407 -8.082 -8.692 -7.608 -7.363
-10.334 -7.887 -8.423 -8.425 -7.309
-8.164 -8.283 -8.745 -7.586 -7.587
-8.205 -8.097 -8.734 -7.569 -7.569
-10.317 -7.825 -8.407 -8.419 -7.323
-8.406 -8.397 -8.427 -8.427 -7.282
-8.415 -8.538 -8.713 -7.598 -7.598
-8.641 -8.532 -8.726 -7.644 -7.643
-9.262 -7.289 -7.441 -7.440 -6.772
-10.034 -7.819 -8.067 -8.310 -7.247
-9.146 -8.790 -8.145 -7.541 -7.469
-8.516 -8.610 -8.724 -7.609 -7.609
-9.280 -7.716 -8.728 -7.660 -7.659
-10.021 -8.159 -8.429 -8.430 -7.256
-8.205 -8.284 -8.727 -7.718 -7.473
-8.415 -8.104 -8.721 -7.602 -7.600
-8.002 -7.667 -7.907 -7.796 -7.585
-8.846 -8.029 -8.746 -7.578 -7.578
-7.447 -7.444 -8.257 -7.828 -7.429
-7.808 -7.574 -7.875 -7.637 -7.636
-7.483 -7.963 -7.841 -7.720 -7.519
-8.163 -8.459 -8.739 -7.504 -7.505
-8.275 -8.421 -7.491 -5.930 -5.929
-8.068 -7.962 -8.090 -7.784 -7.562
-8.153 -8.304 -8.739 -7.507 -7.511
-8.409 -8.377 -8.424 -8.428 -7.273
-8.409 -8.393 -8.427 -8.428 -7.262
-8.402 -8.289 -8.425 -8.427 -7.301
-8.408 -8.397 -8.422 -8.430 -7.270
-7.820 -7.621 -8.087 -7.720 -7.578
-7.095 -7.290 -8.004 -7.795 -7.592
-7.810 -7.884 -8.261 -7.840 -7.460
-7.705 -7.443 -7.827 -7.595 -7.706
-8.632 -8.695 -8.070 -7.721 -7.485
-7.814 -7.915 -7.974 -7.636 -7.636
-15.499 -15.635 -16.045 -15.095 -15.097
-15.255 -14.814 -15.645 -14.587 -14.587
-13.615 -11.344 -13.240 -11.350 -11.349
-22.228 -22.156 -22.896 -22.848 -22.138
-18.669 -18.811 -18.957 -18.558 -18.555
-16.671 -16.856 -16.907 -14.545 -14.542
-18.361 -15.342 -15.524 -15.523 -14.814
-17.971 -15.079 -15.917 -15.086 -14.212
-7.551 -7.341 -7.955 -7.870 -7.456
-11.500 -11.705 -11.475 -12.040 -11.432
-12.444 -11.480 -11.987 -11.914 -10.754
-14.018 -11.318 -13.236 -11.322 -11.320
-13.051 -11.836 -12.028 -11.442 -11.442
-11.712 -11.666 -11.969 -11.462 -11.461
-11.863 -12.025 -11.491 -10.949 -10.950
-11.140 -11.745 -11.949 -11.454 -11.454
-13.938 -11.321 -12.218 -11.316 -11.315
-28.341 -28.592 -29.041 -31.054 -31.054
-12.847 -11.157 -12.232 -11.199 -11.197
-13.826 -12.704 -13.678 -11.206 -11.206
-13.215 -11.589 -12.186 -11.516 -11.252
-15.540 -10.886 -13.749 -11.332 -11.332
-12.444 -12.824 -12.937 -11.242 -11.241
-12.460 -12.799 -12.884 -11.339 -11.180
-9.379 -7.805 -8.009 -8.012 -7.473
-7.707 -7.745 -8.297 -8.300 -7.280
-7.973 -8.027 -8.156 -7.802 -7.484
-8.204 -7.877 -8.714 -7.652 -7.652
-35.764 -28.503 -30.641 -30.692 -30.200
-34.428 -27.246 -30.321 -30.405 -30.405
-46.909 -45.886 -48.197 -45.881 -45.879
-48.492 -34.366 -53.039 -44.533 -44.534
-38.547 -43.852 -46.527 -45.409 -45.409
-15.316 -15.435 -15.500 -15.502 -14.927
-19.533 -19.529 -19.669 -19.735 -18.594
-15.108 -15.154 -15.689 -15.123 -14.682
-18.102 -14.617 -15.445 -14.616 -14.616
-15.564 -16.088 -16.035 -16.041 -14.728
-12.827 -10.969 -12.001 -11.499 -11.359
-10.996 -10.894 -11.382 -12.040 -11.430
-12.556 -11.461 -12.182 -11.551 -11.365
-11.815 -11.555 -11.972 -11.451 -11.450
-11.798 -11.750 -11.973 -11.453 -11.453
-11.961 -11.853 -12.028 -11.273 -11.338
-8.215 -8.361 -8.531 -7.571 -7.570
-8.225 -8.231 -8.552 -7.563 -7.394
-37.322 -35.305 -37.063 -37.117 -37.117
-27.035 -27.224 -29.939 -29.828 -29.827
-19.336 -18.907 -19.099 -19.095 -18.531
-10.117 -7.512 -8.724 -7.646 -7.648
-12.358 -12.353 -12.830 -11.281 -11.281
-10.034 -7.819 -8.067 -8.310 -7.247
-44.180 -42.709 -43.069 -43.181 -43.179
-10.021 -8.159 -8.429 -8.430 -7.256
-10.269 -7.918 -8.719 -7.660 -7.454
-8.153 -8.320 -8.745 -7.526 -7.529
-7.906 -7.967 -8.406 -8.429 -7.340
-8.506 -8.613 -7.848 -7.642 -7.640
-7.930 -7.995 -8.199 -7.455 -7.380
-8.181 -8.226 -8.741 -7.731 -7.479
-9.360 -8.311 -8.694 -7.609 -7.609
-8.153 -8.304 -8.739 -7.507 -7.511
-8.357 -8.177 -8.697 -7.607 -7.607
-8.257 -8.629 -8.697 -7.657 -7.657
-10.327 -7.750 -8.731 -7.556 -7.555
-7.659 -8.040 -8.177 -7.863 -7.426
-9.156 -7.543 -8.422 -8.428 -7.273
-8.334 -8.602 -7.989 -7.575 -7.575
-8.256 -8.225 -8.741 -7.593 -7.593
-9.992 -7.873 -8.221 -8.232 -7.304
-7.946 -8.068 -8.243 -7.582 -7.582
-8.062 -8.180 -8.666 -7.553 -7.471
-8.250 -8.122 -8.744 -7.526 -7.525
-8.560 -7.963 -8.159 -7.803 -7.484
-10.257 -7.674 -8.203 -7.503 -7.423
-10.269 -7.882 -8.100 -7.523 -7.450
-8.301 -8.597 -8.741 -7.600 -7.600
-8.178 -8.260 -8.738 -7.578 -7.578
-10.347 -7.695 -8.750 -7.591 -7.592
-8.060 -7.752 -8.175 -7.822 -7.482
-8.266 -8.573 -8.746 -7.599 -7.598
-10.037 -7.501 -8.218 -8.073 -7.401
-8.252 -7.890 -8.527 -7.565 -7.564
-10.306 -7.849 -8.426 -8.426 -7.283
-9.086 -7.785 -8.721 -7.609 -7.610
-10.388 -7.879 -8.425 -8.427 -7.286
-8.403 -8.387 -8.421 -8.429 -7.295
-8.266 -8.592 -8.738 -7.604 -7.603
-10.331 -7.954 -8.734 -7.571 -7.572
-7.959 -7.994 -8.417 -8.423 -7.310
-8.621 -8.497 -8.751 -7.601 -7.600
-9.220 -7.806 -8.429 -8.432 -7.306
-10.327 -7.712 -8.413 -8.423 -7.313
-8.408 -8.319 -8.424 -8.426 -7.290
-8.406 -8.375 -8.423 -8.428 -7.305
-10.247 -7.894 -8.567 -7.647 -7.429
-7.468 -8.288 -8.414 -8.420 -7.325
-7.959 -8.059 -8.337 -7.977 -7.371
-9.098 -6.831 -7.855 -7.796 -7.581
-8.487 -8.596 -8.727 -7.661 -7.488
-8.328 -8.483 -8.724 -7.718 -7.476
-8.397 -8.340 -8.406 -8.429 -7.311
-7.919 -7.552 -8.694 -7.719 -7.473
-8.495 -6.432 -8.748 -7.576 -7.578
-8.545 -8.651 -7.935 -7.591 -7.591
-7.707 -7.873 -8.085 -7.670 -7.670
-7.277 -7.417 -7.993 -7.850 -7.447
-4.526 -4.045 -4.195 -3.753 -3.550
-8.407 -8.365 -8.426 -8.432 -7.286
-15.499 -15.635 -16.045 -15.095 -15.097
-15.255 -14.814 -15.645 -14.587 -14.587
-13.615 -11.344 -13.240 -11.350 -11.349
-18.387 -18.794 -22.688 -19.110 -18.526
-18.671 -17.596 -19.121 -19.419 -18.890
-15.456 -15.913 -15.965 -15.563 -15.563
-15.732 -15.667 -16.416 -16.433 -14.604
-15.508 -15.627 -15.754 -14.592 -14.593
-34.625 -29.139 -32.301 -31.619 -29.741
-28.341 -28.389 -29.049 -31.052 -31.052
-17.196 -21.159 -22.517 -22.548 -22.151
-22.590 -18.594 -19.447 -19.831 -18.285
-15.684 -15.907 -15.984 -14.981 -14.979
-8.636 -8.048 -8.426 -7.578 -7.578
-11.042 -11.298 -12.282 -11.363 -11.343
-13.427 -11.180 -11.911 -11.767 -11.222
-13.685 -11.392 -13.228 -11.312 -11.311
-11.958 -11.977 -11.863 -11.234 -11.234
-11.580 -11.718 -11.866 -11.059 -10.955
-12.210 -11.579 -12.147 -11.854 -11.283
-12.296 -12.430 -12.539 -10.782 -10.772
-13.772 -11.447 -11.903 -11.732 -11.175
-12.419 -12.532 -12.856 -11.225 -11.225
-12.391 -12.641 -12.866 -11.332 -11.331
-12.439 -12.588 -12.840 -11.293 -11.292
-12.867 -12.900 -11.047 -11.218 -11.216
-11.517 -11.863 -11.399 -11.462 -11.461
-10.070 -7.651 -8.423 -8.429 -7.307
-35.594 -28.751 -30.594 -30.647 -29.930
-15.726 -15.829 -16.103 -15.153 -14.615
-12.167 -12.534 -12.891 -11.311 -11.310
-12.419 -12.585 -13.145 -11.243 -11.241
-30.818 -31.256 -34.690 -33.697 -33.697
-30.415 -29.676 -30.445 -30.452 -30.452
-44.017 -44.649 -46.298 -46.303 -44.831
-40.148 -31.612 -41.329 -43.940 -43.575
-15.409 -15.467 -15.631 -15.341 -15.083
-17.146 -15.750 -16.397 -15.486 -14.808
-14.514 -14.788 -15.472 -15.461 -15.015
-9.361 -11.639 -15.480 -15.372 -15.371
-15.277 -13.261 -12.936 -11.241 -11.241
-13.781 -11.459 -11.478 -11.307 -10.986
-12.439 -12.244 -13.733 -11.233 -11.232
-12.516 -12.870 -11.715 -11.262 -11.261
-7.737 -7.430 -8.173 -7.820 -7.485
-8.050 -8.091 -8.252 -7.658 -7.656
-54.432 -44.487 -47.198 -45.442 -45.440
-33.109 -27.612 -30.836 -30.914 -30.125
-26.235 -26.131 -26.717 -25.613 -25.503
-10.034 -7.819 -8.067 -8.310 -7.247
-10.021 -8.159 -8.429 -8.430 -7.256
-10.269 -7.918 -8.719 -7.660 -7.454
-8.153 -8.320 -8.745 -7.526 -7.529
-7.906 -7.967 -8.406 -8.429 -7.340
-8.204 -7.877 -8.714 -7.652 -7.652
-8.506 -8.613 -7.848 -7.642 -7.640
-7.930 -7.995 -8.199 -7.455 -7.380
-8.181 -8.226 -8.741 -7.731 -7.479
-9.360 -8.311 -8.694 -7.609 -7.609
-8.153 -8.304 -8.739 -7.507 -7.511
-8.357 -8.177 -8.697 -7.607 -7.607
-45.288 -45.707 -46.003 -45.948 -44.567
-15.361 -15.336 -15.756 -14.583 -14.583
-12.479 -12.723 -12.939 -11.242 -11.242
-8.836 -7.983 -8.448 -7.568 -7.568
-8.950 -7.378 -7.840 -7.795 -7.592
-8.383 -8.354 -8.718 -7.577 -7.577
-9.356 -8.885 -7.944 -8.425 -7.300
-8.184 -8.352 -8.680 -7.729 -7.480
-9.191 -7.151 -7.797 -8.016 -7.418
-8.277 -8.462 -7.914 -7.506 -7.506
-7.759 -7.962 -8.176 -7.854 -7.466
-8.254 -7.996 -8.740 -7.620 -7.620
-8.192 -8.394 -8.727 -7.611 -7.610
-8.418 -7.873 -8.700 -7.509 -7.357
-10.362 -7.812 -8.424 -8.425 -7.300
-10.360 -7.772 -8.417 -8.424 -7.311
-8.158 -7.897 -8.462 -7.623 -7.624
-8.405 -8.367 -8.419 -8.429 -7.294
-9.354 -7.750 -7.843 -8.074 -7.134
-8.202 -8.465 -8.702 -7.567 -7.566
-10.293 -7.881 -8.196 -7.523 -7.523
-10.353 -7.888 -8.734 -7.501 -7.515
-8.192 -8.378 -8.688 -7.594 -7.382
-8.203 -8.276 -8.402 -7.566 -7.564
-8.226 -8.548 -8.747 -7.498 -7.512
-8.435 -8.239 -8.699 -7.642 -7.640
-8.394 -8.393 -8.415 -8.424 -7.310
-6.469 -6.850 -6.867 -5.870 -5.871
-8.281 -8.262 -8.292 -8.308 -7.254
-7.809 -7.580 -8.164 -7.803 -7.483
-8.341 -8.327 -8.428 -8.431 -7.330
-8.246 -8.652 -7.893 -7.646 -7.645
-10.046 -7.925 -8.221 -8.081 -7.462
-7.760 -7.967 -8.175 -7.859 -7.459
-10.338 -7.684 -8.116 -7.534 -7.457
-4.589 -4.143 -4.584 -3.623 -3.616
-10.298 -7.663 -7.949 -8.415 -7.333
-8.261 -8.472 -8.720 -7.646 -7.645
-8.410 -8.388 -8.418 -8.428 -7.277
-8.275 -8.651 -8.718 -7.567 -7.566
-8.497 -8.630 -7.600 -7.463 -7.199
-6.940 -6.668 -7.481 -7.490 -7.490
-3.427 -3.420 -3.439 -2.935 -2.935
-3.413 -3.424 -3.429 -2.935 -2.935
-9.449 -8.400 -8.510 -7.449 -7.448
-15.499 -15.635 -16.045 -15.095 -15.097
-15.255 -14.814 -15.645 -14.587 -14.587
-12.391 -12.641 -12.866 -11.332 -11.331
-17.946 -15.246 -17.387 -15.005 -15.004
-18.359 -14.180 -15.968 -15.897 -14.861
-13.937 -14.750 -15.536 -15.256 -15.254
-11.560 -11.877 -11.951 -11.461 -11.461
-12.173 -12.763 -13.200 -11.291 -11.290
-11.442 -11.248 -12.075 -10.948 -10.948
-12.495 -12.854 -11.773 -11.255 -11.254
-8.418 -7.873 -8.711 -7.651 -7.650
-9.429 -7.690 -8.682 -7.645 -7.647
-21.554 -30.529 -30.714 -30.716 -30.737
-36.322 -27.687 -29.947 -29.947 -29.944
-30.346 -30.272 -30.561 -30.570 -30.570
-3.714 -6.978 -7.311 -7.702 -7.510
-12.943 -14.819 -13.192 -11.286 -11.285
-12.447 -12.419 -12.840 -11.354 -11.354
-8.559 -7.880 -8.156 -7.815 -7.472
-8.069 -8.127 -8.151 -7.862 -7.448
-8.352 -8.371 -8.747 -7.523 -7.524
-9.298 -7.591 -7.995 -8.001 -7.443
-9.296 -8.296 -8.702 -7.658 -7.490
-9.235 -7.782 -8.064 -7.530 -7.443
-38.012 -37.177 -38.013 -37.873 -37.873
-16.514 -15.582 -15.820 -15.401 -15.400
-15.387 -15.003 -15.754 -14.531 -14.531
-15.307 -15.289 -15.752 -14.742 -14.743
-6.669 -7.608 -7.764 -7.599 -7.302
-13.581 -10.820 -11.321 -11.816 -11.004
-12.453 -12.455 -12.873 -11.339 -11.339
-12.821 -12.833 -12.900 -11.329 -11.191
-10.345 -7.521 -8.265 -8.420 -7.231
-8.256 -7.904 -8.423 -8.432 -7.293
-9.108 -8.468 -8.737 -7.600 -7.599
-8.154 -8.317 -8.401 -8.423 -7.375
-8.168 -7.774 -8.729 -7.570 -7.570
-10.034 -7.819 -8.067 -8.310 -7.247
-10.021 -8.159 -8.429 -8.430 -7.256
-10.269 -7.918 -8.719 -7.660 -7.454
-8.153 -8.320 -8.745 -7.526 -7.529
-7.906 -7.967 -8.406 -8.429 -7.340
-8.204 -7.877 -8.714 -7.652 -7.652
-8.506 -8.613 -7.848 -7.642 -7.640
-7.930 -7.995 -8.199 -7.455 -7.380
-8.181 -8.226 -8.741 -7.731 -7.479
-9.360 -8.311 -8.694 -7.609 -7.609
-8.153 -8.304 -8.739 -7.507 -7.511
-39.462 -39.523 -44.869 -44.388 -44.389
-15.367 -14.957 -15.694 -14.894 -14.897
-11.923 -11.995 -12.074 -10.946 -10.947
-12.246 -11.727 -12.804 -11.317 -11.315
-12.691 -12.649 -11.482 -11.312 -11.311
0.523 -7.880 -8.197 -7.459 -7.383
-17.931 -14.247 -15.502 -16.184 -14.946
-45.151 -45.183 -45.415 -45.224 -45.224
-4.589 -4.143 -4.584 -3.623 -3.616
-44.617 -44.657 -45.028 -45.033 -45.032
-39.343 -43.646 -45.932 -45.944 -45.943
-19.510 -23.488 -43.428 -45.568 -44.124
-8.143 -8.119 -8.735 -7.572 -7.572
-10.013 -7.937 -8.431 -8.431 -7.286
-7.836 -7.997 -8.426 -8.428 -7.301
-10.255 -7.998 -8.393 -8.421 -7.315
-8.226 -8.313 -8.699 -7.623 -7.623
-8.408 -8.292 -8.372 -8.427 -7.282
-8.240 -8.113 -8.691 -7.569 -7.568
-10.054 -7.744 -8.508 -7.330 -7.453
-7.836 -8.054 -8.214 -7.753 -7.464
-10.320 -7.671 -8.161 -7.543 -7.476
-8.214 -8.592 -7.908 -7.567 -7.568
-10.361 -7.815 -8.138 -7.533 -7.411
-7.768 -7.797 -8.436 -7.589 -7.588
-8.290 -8.654 -7.807 -7.415 -7.415
-10.054 -7.851 -8.427 -8.428 -7.268
-8.545 -8.476 -8.758 -7.524 -7.571
-7.956 -8.013 -8.560 -7.650 -7.650
-10.328 -7.861 -8.731 -7.494 -7.493
-8.316 -7.769 -8.511 -7.608 -7.606
-7.985 -8.565 -8.738 -7.610 -7.611
-8.524 -8.652 -8.728 -7.644 -7.643
-7.982 -7.575 -8.098 -7.948 -7.322
-8.703 -8.094 -8.426 -8.427 -7.260
-9.118 -8.621 -8.695 -7.578 -7.578
-8.148 -8.303 -7.844 -7.438 -7.438
-9.213 -6.707 -7.878 -7.598 -7.597
-7.147 -7.671 -7.987 -7.518 -7.517
-4.511 -4.315 -4.577 -3.622 -3.617
-8.405 -8.477 -8.742 -7.514 -7.531
-4.478 -4.012 -4.580 -3.623 -3.617
-10.054 -8.051 -8.193 -7.561 -7.469
-8.527 -8.539 -8.586 -7.568 -7.569
-4.614 -4.170 -3.920 -3.553 -3.553
-4.530 -4.486 -4.021 -3.663 -3.663
-8.400 -8.380 -8.425 -8.427 -7.294
-4.682 -4.068 -4.443 -3.663 -3.663
-8.542 -7.715 -7.524 -7.565 -7.564
-8.998 -7.538 -8.005 -7.796 -7.586
-4.346 -4.266 -4.543 -3.663 -3.663
-4.514 -3.424 -4.584 -3.623 -3.615
-4.648 -3.517 -4.585 -3.622 -3.616
-4.461 -4.060 -4.581 -3.623 -3.615
-15.499 -15.635 -16.045 -15.095 -15.097
-15.255 -14.814 -15.645 -14.587 -14.587
-12.391 -12.641 -12.866 -11.332 -11.331
-16.293 -15.561 -15.976 -15.535 -15.535
-14.857 -15.509 -17.489 -15.300 -15.299
-12.541 -11.825 -12.758 -11.272 -11.271
-29.976 -30.444 -30.583 -30.596 -30.595
-34.114 -28.269 -32.702 -30.768 -30.027
-26.100 -26.074 -26.578 -26.709 -25.964
-18.098 -15.058 -16.492 -16.358 -14.782
-14.895 -15.068 -15.860 -15.145 -15.147
-17.734 -14.981 -16.016 -15.972 -14.720
-11.478 -11.742 -14.859 -14.460 -14.458
-12.399 -12.305 -13.202 -11.256 -11.144
-12.603 -12.431 -13.632 -11.290 -11.204
-12.319 -12.196 -12.861 -11.323 -11.321
-10.724 -10.910 -11.276 -11.236 -11.235
-13.018 -11.136 -11.921 -11.400 -11.400
-10.981 -11.903 -11.430 -11.468 -11.468
-12.916 -11.668 -13.747 -12.515 -10.831
-13.903 -11.328 -12.913 -11.331 -11.257
-13.377 -11.411 -11.894 -11.735 -11.148
-10.865 -11.228 -11.949 -11.462 -11.461
-12.915 -11.479 -12.222 -11.295 -11.294
-12.484 -12.431 -13.183 -11.206 -11.152
-12.327 -12.427 -12.903 -11.278 -11.277
-12.865 -12.836 -13.195 -11.215 -11.215
-11.851 -11.979 -12.311 -11.451 -11.451
-10.775 -11.785 -11.375 -11.444 -11.444
-8.847 -8.425 -8.729 -7.559 -7.547
-8.095 -8.330 -8.399 -8.424 -7.321
-7.583 -7.896 -8.141 -7.795 -7.470
-8.075 -8.113 -8.416 -8.428 -7.353
-12.493 -12.809 -12.935 -11.242 -11.242
-12.882 -12.656 -12.842 -11.306 -11.306
-12.865 -12.761 -12.929 -11.245 -11.243
-9.158 -7.949 -8.150 -8.420 -7.318
-8.980 -7.273 -8.425 -8.427 -7.302
-36.419 -37.144 -37.374 -37.761 -37.761
-42.261 -44.196 -44.798 -44.802 -44.801
3.044 11.373 -30.128 -31.075 -31.073
-10.076 -10.520 -10.814 -10.976 -10.877
-11.828 -11.804 -11.944 -11.462 -11.461
-12.435 -12.637 -12.844 -11.254 -11.304
-12.447 -12.437 -11.765 -11.334 -11.331
-10.034 -7.819 -8.067 -8.310 -7.247
-10.021 -8.159 -8.429 -8.430 -7.256
-10.269 -7.918 -8.719 -7.660 -7.454
-40.348 -40.799 -41.750 -41.756 -41.756
-8.153 -8.320 -8.745 -7.526 -7.529
-7.906 -7.967 -8.406 -8.429 -7.340
-8.204 -7.877 -8.714 -7.652 -7.652
-8.506 -8.613 -7.848 -7.642 -7.640
-7.930 -7.995 -8.199 -7.455 -7.380
-8.181 -8.226 -8.741 -7.731 -7.479
-9.360 -8.311 -8.694 -7.609 -7.609
-7.836 -8.054 -8.214 -7.753 -7.464
-7.570 -12.972 -15.529 -15.537 -14.899
-13.508 -10.970 -11.099 -11.871 -10.619
-13.546 -11.166 -11.316 -11.778 -10.955
-7.624 -8.006 -8.076 -7.723 -7.381
-6.812 -7.533 -7.992 -8.427 -7.285
-39.475 -36.320 -37.702 -37.723 -37.723
-4.514 -3.424 -4.584 -3.623 -3.615
-7.503 -7.631 -7.975 -7.643 -7.644
-8.767 -8.121 -8.577 -7.580 -7.581
-7.428 -7.170 -7.560 -7.581 -7.578
-8.382 -8.445 -8.695 -7.583 -7.582
-9.939 -8.202 -8.285 -8.426 -7.253
-8.406 -8.392 -8.415 -8.420 -7.230
-10.065 -8.011 -8.190 -8.077 -7.374
-10.087 -8.179 -8.364 -8.429 -7.251
-8.268 -8.147 -8.618 -7.596 -7.595
-8.265 -8.665 -7.864 -7.564 -7.563
-10.317 -7.776 -8.405 -8.418 -7.326
-10.324 -7.748 -8.418 -8.425 -7.301
-8.336 -8.477 -8.710 -7.647 -7.646
-8.281 -8.387 -8.411 -8.415 -7.210
-10.317 -7.996 -8.724 -7.602 -7.601
-8.207 -8.486 -8.716 -7.504 -7.596
-10.034 -8.323 -8.583 -7.585 -7.584
-8.215 -8.238 -8.598 -7.594 -7.594
-8.321 -7.461 -7.931 -7.594 -7.594
-8.301 -8.417 -8.720 -7.595 -7.593
-8.414 -8.405 -8.431 -8.432 -7.291
8.029 -0.680 -43.095 -43.080 -43.223
-8.304 -7.405 -8.417 -8.424 -7.308
-7.488 -7.946 -7.940 -7.520 -7.521
-7.869 -8.125 -8.209 -7.697 -7.478
-8.991 -6.851 -8.091 -7.734 -7.396
-10.346 -7.949 -8.751 -7.594 -7.593
-10.340 -7.942 -8.417 -8.425 -7.304
-8.170 -8.038 -8.581 -7.613 -7.301
-8.571 -8.630 -7.483 -7.658 -7.660
-10.321 -7.910 -8.425 -8.426 -7.290
-7.528 -7.186 -7.913 -7.856 -7.368
-9.350 -7.788 -8.408 -8.418 -7.322
-8.405 -8.364 -8.418 -8.428 -7.269
-8.621 -7.739 -8.651 -7.206 -7.475
-4.533 -3.503 -4.073 -3.623 -3.583
-8.019 -7.817 -8.409 -8.427 -7.317
-9.350 -8.554 -8.074 -7.591 -7.590
-4.378 -4.491 -4.131 -3.686 -3.655
-8.539 -8.676 -7.969 -7.577 -7.576
-4.378 -4.472 -4.336 -3.686 -3.656
-10.351 -7.835 -8.748 -7.601 -7.600
-8.433 -8.686 -7.575 -7.576 -7.575
-7.149 -7.562 -8.173 -7.864 -7.453
-4.590 -4.507 -4.581 -3.623 -3.617
-4.356 -4.149 -4.585 -3.623 -3.616
-4.378 -4.135 -4.020 -3.663 -3.663
-4.356 -4.178 -4.493 -3.667 -3.679
-15.499 -15.635 -16.045 -15.095 -15.097
-15.255 -14.814 -15.645 -14.587 -14.587
-12.391 -12.641 -12.866 -11.332 -11.331
-18.727 -17.331 -23.041 -23.150 -22.647
-15.115 -14.657 -15.018 -14.685 -14.612
-14.643 -15.209 -15.546 -15.562 -15.562
-7.884 -8.024 -8.260 -7.831 -7.419
-12.838 -11.611 -12.223 -11.451 -11.451
-14.023 -10.971 -13.234 -11.297 -11.296
-13.143 -11.292 -11.941 -10.996 -10.995
-13.200 -12.245 -12.206 -11.328 -11.327
-13.102 -11.618 -12.078 -11.569 -11.088
-12.457 -12.079 -12.930 -11.243 -11.242
-11.799 -11.887 -12.039 -12.039 -11.435
-12.405 -12.779 -12.846 -11.260 -11.260
-12.928 -12.826 -12.857 -11.309 -11.308
2.612 -1.907 -20.308 -20.296 -20.296
-8.797 -6.937 -9.371 -7.749 -7.464
-12.073 -11.831 -12.006 -11.438 -11.494
-11.672 -11.889 -11.948 -11.462 -11.461
-7.656 -8.090 -8.165 -7.829 -7.484
-10.299 -7.591 -8.727 -7.596 -7.596
-9.191 -7.711 -8.278 -7.555 -7.464
-37.593 -27.148 -31.065 -31.069 -30.306
-14.545 -14.815 -14.889 -14.983 -14.769
-12.096 -11.291 -11.354 -10.688 -10.540
-9.379 -7.327 -8.412 -8.419 -7.327
-35.741 -36.248 -41.566 -41.583 -40.310
-17.218 -13.389 -16.327 -15.132 -15.130
-12.529 -11.761 -12.910 -11.267 -11.267
-11.677 -8.598 -14.104 -10.900 -10.687
-13.161 -11.341 -12.214 -11.293 -11.291
-11.741 -11.570 -11.886 -11.147 -11.144
-12.457 -11.998 -12.935 -11.242 -11.241
-12.409 -12.285 -12.863 -11.337 -11.205
-12.466 -11.900 -12.927 -11.243 -11.242
-10.162 -7.835 -8.430 -8.431 -7.290
-38.749 -38.907 -41.537 -41.628 -41.199
-24.225 -24.711 -25.930 -25.938 -25.937
-57.746 -57.000 -46.607 -45.922 -45.921
-45.894 -45.860 -46.570 -44.952 -44.952
-19.128 -18.695 -22.947 -22.976 -22.664
-15.383 -15.494 -15.733 -15.050 -15.053
-17.452 -15.116 -15.894 -14.544 -13.825
-14.237 -12.101 -13.738 -11.226 -11.225
-8.777 -8.439 -7.940 -7.577 -7.577
-8.587 -7.948 -8.091 -7.787 -7.446
-39.239 -38.620 -56.067 -46.404 -44.212
-10.034 -7.819 -8.067 -8.310 -7.247
-10.021 -8.159 -8.429 -8.430 -7.256
-10.269 -7.918 -8.719 -7.660 -7.454
-8.153 -8.320 -8.745 -7.526 -7.529
-39.291 -36.115 -38.526 -38.548 -36.557
-7.869 -8.125 -8.209 -7.697 -7.478
-7.906 -7.967 -8.406 -8.429 -7.340
-10.065 -8.011 -8.190 -8.077 -7.374
-44.713 -45.385 -45.648 -45.649 -45.070
-8.204 -7.877 -8.714 -7.652 -7.652
-42.727 -43.333 -45.522 -45.530 -45.528
-8.506 -8.613 -7.848 -7.642 -7.640
-7.930 -7.995 -8.199 -7.455 -7.380
-4.514 -3.424 -4.584 -3.623 -3.615
-4.378 -4.491 -4.131 -3.686 -3.655
-9.430 -20.229 -41.159 -41.388 -41.386
-9.157 -7.721 -8.420 -8.424 -7.314
-8.756 -7.228 -7.361 -7.513 -7.512
-7.856 -7.900 -8.436 -7.568 -7.568
-8.697 -8.361 -8.752 -7.607 -7.607
-9.150 -7.875 -7.994 -8.012 -7.416
-8.895 -7.777 -8.424 -8.426 -7.308
-7.950 -8.047 -8.000 -7.865 -7.443
-8.188 -7.841 -8.640 -7.492 -7.491
-7.976 -8.038 -8.731 -7.554 -7.553
-10.041 -7.485 -8.428 -8.428 -7.266
-8.181 -8.314 -8.696 -7.446 -7.431
-10.300 -7.589 -8.427 -8.428 -7.273
-8.244 -8.390 -8.717 -7.649 -7.647
-10.134 -7.664 -8.406 -8.418 -7.327
-10.332 -7.728 -8.603 -7.660 -7.659
-9.377 -6.987 -7.153 -7.889 -7.423
-8.246 -7.796 -8.724 -7.650 -7.649
-7.881 -7.591 -8.135 -7.749 -7.475
-8.316 -8.581 -8.722 -7.652 -7.651
-8.232 -8.380 -7.688 -7.200 -7.249
-8.749 -8.269 -8.057 -7.721 -7.456
-10.034 -8.155 -8.409 -8.417 -7.225
-10.262 -8.217 -8.390 -8.420 -7.322
-10.188 -7.832 -8.016 -8.013 -7.462
-8.202 -8.300 -8.720 -7.489 -7.487
-8.244 -8.547 -7.907 -7.579 -7.578
-8.526 -8.673 -8.680 -7.583 -7.583
-8.408 -8.366 -8.419 -8.428 -7.267
-10.313 -7.838 -8.722 -7.590 -7.588
-8.397 -8.284 -8.426 -8.427 -7.312
-10.288 -7.703 -8.197 -7.451 -7.397
-8.548 -8.635 -8.061 -7.653 -7.452
-8.397 -8.381 -8.384 -8.429 -7.310
-8.526 -8.666 -8.669 -7.608 -7.356
-9.410 -7.560 -8.736 -7.515 -7.564
-10.262 -8.006 -8.402 -8.421 -7.315
-9.116 -7.806 -8.401 -8.419 -7.329
-8.545 -8.671 -7.947 -7.624 -7.622
-8.410 -8.372 -8.425 -8.427 -7.289
-4.362 -4.332 -4.004 -3.663 -3.663
-7.392 -7.593 -8.015 -7.483 -7.489
-8.621 -8.547 -8.714 -7.600 -7.394
-4.507 -4.542 -4.014 -3.663 -3.663
-4.520 -4.180 -4.579 -3.686 -3.656
-4.616 -4.210 -4.581 -3.623 -3.616
-15.499 -15.635 -16.045 -15.095 -15.097
-12.391 -12.641 -12.866 -11.332 -11.331
-16.092 -15.489 -16.331 -15.138 -15.130
-15.341 -15.418 -15.535 -15.166 -14.800
-15.313 -15.299 -15.842 -14.692 -14.725
-15.310 -15.148 -15.693 -15.100 -14.551
29.750 -7.410 -8.413 -8.428 -7.359
-12.953 -11.188 -11.991 -11.502 -11.500
-13.920 -11.019 -11.309 -11.514 -11.123
-11.140 -10.802 -11.146 -10.993 -10.994
-15.165 -12.094 -12.234 -10.866 -11.170
-14.156 -11.226 -13.632 -11.248 -11.248
-11.585 -11.864 -11.987 -11.500 -11.499
-12.018 -11.687 -12.135 -11.487 -11.309
-12.745 -12.801 -12.770 -11.242 -11.242
-9.322 -7.807 -8.419 -8.424 -7.325
-8.093 -7.601 -7.836 -7.796 -7.574
-7.614 -7.943 -8.264 -7.837 -7.442
-9.085 -7.637 -7.817 -7.790 -7.607
-8.591 -7.636 -7.726 -7.657 -7.531
-29.460 -29.452 -29.533 -29.537 -29.536
-12.426 -12.467 -13.745 -11.229 -11.228
-9.232 -8.054 -8.128 -7.265 -7.143
-10.030 -8.108 -8.423 -8.424 -7.302
-9.165 -8.423 -7.578 -7.579 -7.578
-9.218 -7.112 -7.277 -7.483 -7.372
-31.681 -30.301 -31.021 -31.071 -30.317
-37.738 -27.373 -31.938 -31.866 -29.995
-21.884 -21.978 -22.469 -22.489 -22.286
-14.763 -15.022 -15.143 -15.190 -14.802
-17.240 -15.573 -17.104 -15.237 -15.237
-13.121 -12.087 -12.146 -11.508 -11.507
-10.658 -11.126 -11.222 -11.232 -11.231
-11.464 -11.609 -11.947 -11.679 -10.932
-12.410 -12.542 -13.153 -11.269 -11.269
-11.225 -11.972 -11.424 -11.489 -11.488
-7.712 -7.797 -7.986 -7.721 -7.518
-8.232 -8.478 -8.717 -7.645 -7.644
-8.240 -7.541 -8.223 -7.789 -7.330
-7.840 -8.128 -8.425 -8.427 -7.255
-7.224 -7.114 -7.940 -7.603 -7.601
-10.549 -10.884 -11.079 -10.676 -10.665
-8.087 -8.294 -8.422 -8.426 -7.337
-44.060 -45.258 -46.909 -45.530 -45.530
-44.062 -42.692 -43.799 -44.508 -44.509
-10.034 -7.819 -8.067 -8.310 -7.247
-10.021 -8.159 -8.429 -8.430 -7.256
-10.269 -7.918 -8.719 -7.660 -7.454
-8.153 -8.320 -8.745 -7.526 -7.529
-7.869 -8.125 -8.209 -7.697 -7.478
-7.906 -7.967 -8.406 -8.429 -7.340
-12.756 -11.605 -11.874 -11.332 -11.030
-10.065 -8.011 -8.190 -8.077 -7.374
-21.543 -22.056 -22.674 -22.794 -22.208
-14.678 -17.582 -24.021 -22.308 -22.309
-8.204 -7.877 -8.714 -7.652 -7.652
-8.506 -8.613 -7.848 -7.642 -7.640
-7.930 -7.995 -8.199 -7.455 -7.380
-8.188 -7.841 -8.640 -7.492 -7.491
-29.165 -29.574 -29.870 -29.926 -29.464
-4.514 -3.424 -4.584 -3.623 -3.615
-4.378 -4.491 -4.131 -3.686 -3.655
-34.777 -35.502 -44.305 -44.549 -44.547
-25.353 -24.490 -44.231 -44.608 -44.609
-8.161 -7.978 -8.220 -7.688 -7.687
-10.322 -7.790 -8.405 -8.417 -7.331
-10.329 -7.694 -8.415 -8.421 -7.321
-8.257 -8.186 -8.713 -7.650 -7.649
-10.310 -7.597 -8.416 -8.425 -7.294
-8.196 -8.398 -8.531 -7.446 -7.445
-10.191 -8.482 -8.749 -7.583 -7.585
-10.329 -7.658 -7.978 -8.007 -7.438
-10.121 -7.674 -8.157 -7.515 -7.406
-8.333 -8.118 -8.713 -7.649 -7.648
-10.315 -7.658 -8.722 -7.530 -7.530
-8.128 -7.092 -8.251 -7.645 -7.644
-8.410 -8.278 -8.427 -8.427 -7.294
-8.395 -8.340 -8.416 -8.425 -7.309
-9.122 -7.882 -8.185 -7.190 -7.193
-7.900 -8.228 -8.730 -7.508 -7.508
-8.147 -8.291 -8.685 -7.453 -7.452
-8.299 -8.569 -8.733 -7.668 -7.667
-8.290 -8.530 -8.729 -7.594 -7.593
-8.407 -8.382 -8.430 -8.431 -7.310
-8.915 -7.837 -8.725 -7.682 -7.476
-10.320 -7.607 -8.380 -8.420 -7.323
-8.182 -8.469 -7.974 -7.571 -7.571
-8.628 -7.688 -7.929 -7.789 -7.259
-9.101 -7.875 -8.414 -8.422 -7.318
-7.653 -7.749 -7.843 -7.856 -7.383
-10.127 -8.044 -8.714 -7.649 -7.649
-10.346 -7.525 -8.749 -7.599 -7.409
-9.239 -7.865 -8.729 -7.508 -7.522
-8.535 -8.472 -7.498 -7.571 -7.570
-10.301 -7.753 -8.375 -8.418 -7.327
-10.046 -7.899 -8.413 -8.414 -7.206
-4.364 -4.549 -3.897 -3.663 -3.663
-8.439 -8.580 -7.508 -7.728 -7.423
-4.567 -4.123 -4.582 -3.686 -3.654
-8.408 -8.375 -8.428 -8.428 -7.273
-8.408 -8.398 -8.408 -8.426 -7.285
-8.734 -7.813 -8.284 -7.528 -7.444
-8.188 -7.825 -8.727 -7.664 -7.480
-8.527 -8.424 -8.534 -7.579 -7.579
-8.431 -8.688 -7.486 -7.568 -7.568
-3.453 -3.435 -2.935 -2.935 -2.935
-4.359 -4.568 -4.350 -3.686 -3.658
-15.499 -15.635 -16.045 -15.095 -15.097
-12.391 -12.641 -12.866 -11.332 -11.331
-15.386 -15.489 -15.751 -14.582 -14.583
-12.937 -11.684 -12.198 -11.401 -11.400
-23.921 -26.546 -26.836 -26.838 -26.836
-12.348 -12.538 -12.825 -11.309 -11.309
-12.359 -12.341 -12.823 -11.328 -11.327
-11.593 -11.895 -11.341 -11.462 -11.461
-13.454 -10.968 -12.078 -11.205 -11.204
-10.849 -11.365 -11.563 -11.564 -11.355
-11.139 -11.097 -11.321 -11.090 -11.090
-12.410 -12.537 -12.849 -11.338 -11.337
-12.461 -12.837 -12.898 -11.233 -11.232
-7.616 -7.684 -8.162 -7.801 -7.484
-9.240 -6.696 -8.049 -7.014 -7.113
-8.322 -7.844 -8.216 -7.738 -7.449
-9.257 -8.023 -8.703 -7.663 -7.662
-8.520 -7.863 -7.990 -7.809 -7.463
-9.254 -7.555 -8.583 -7.597 -7.598
-7.480 -7.914 -8.408 -8.422 -7.375
-7.889 -7.923 -8.184 -7.481 -7.416
-9.286 -7.391 -8.729 -7.611 -7.611
-9.306 -7.733 -8.151 -7.515 -7.410
-9.236 -7.609 -8.140 -7.512 -7.509
-31.613 -32.756 -33.843 -33.849 -33.374
-19.562 -22.520 -28.917 -28.178 -28.177
-40.340 -41.847 -42.611 -44.781 -44.779
6.910 -1.960 -36.149 -36.226 -36.308
-42.042 -44.309 -37.524 -37.007 -37.006
-17.462 -14.745 -15.703 -15.789 -14.656
-15.385 -14.870 -15.741 -15.268 -14.753
-13.806 -11.323 -11.657 -11.313 -11.313
-39.707 -40.542 -46.577 -44.458 -43.586
-15.368 -15.425 -15.757 -14.583 -14.583
-11.192 -11.377 -11.452 -11.403 -11.402
-11.814 -11.329 -11.431 -11.474 -11.474
-12.388 -11.431 -11.930 -11.431 -11.431
-10.247 -7.605 -8.411 -8.423 -7.321
-8.615 -7.384 -7.836 -7.796 -7.583
-7.849 -8.082 -8.426 -8.431 -7.283
-7.779 -8.124 -8.156 -7.861 -7.463
-21.352 -33.355 -37.351 -37.692 -37.689
-10.034 -7.819 -8.067 -8.310 -7.247
-10.021 -8.159 -8.429 -8.430 -7.256
-10.269 -7.918 -8.719 -7.660 -7.454
-8.153 -8.320 -8.745 -7.526 -7.529
-7.869 -8.125 -8.209 -7.697 -7.478
-7.906 -7.967 -8.406 -8.429 -7.340
-37.893 -36.252 -37.493 -37.522 -37.524
-33.171 -32.776 -33.449 -33.671 -33.670
-13.181 -13.224 -12.117 -11.211 -11.146
-10.065 -8.011 -8.190 -8.077 -7.374
-8.204 -7.877 -8.714 -7.652 -7.652
-8.299 -8.569 -8.733 -7.668 -7.667
-8.506 -8.613 -7.848 -7.642 -7.640
-7.930 -7.995 -8.199 -7.455 -7.380
-13.358 -11.985 -12.207 -11.510 -11.509
-4.514 -3.424 -4.584 -3.623 -3.615
-4.567 -4.123 -4.582 -3.686 -3.654
-10.262 -10.932 -11.167 -10.648 -10.648
-43.970 -44.028 -44.091 -44.153 -42.893
-9.332 -7.829 -7.970 -7.770 -7.419
-24.700 -34.375 -42.375 -43.196 -43.196
-8.704 -7.291 -7.418 -7.237 -6.832
-8.188 -8.156 -8.550 -7.572 -7.571
-10.307 -7.639 -8.125 -7.548 -7.410
-8.062 -7.996 -8.168 -7.799 -7.474
-10.312 -7.858 -8.728 -7.430 -7.413
-8.412 -8.391 -8.419 -8.429 -7.257
-10.140 -7.855 -8.020 -8.014 -7.473
-10.323 -7.745 -8.730 -7.717 -7.491
-8.419 -7.891 -8.719 -7.657 -7.656
-8.281 -8.391 -8.416 -8.418 -7.230
-8.548 -8.673 -7.926 -7.691 -7.453
-8.405 -8.378 -8.416 -8.428 -7.291
-8.405 -8.389 -8.419 -8.426 -7.326
-8.218 -8.497 -7.806 -7.560 -7.560
-8.621 -8.678 -7.639 -7.648 -7.647
-8.441 -7.190 -8.080 -7.667 -7.667
-10.293 -7.791 -8.404 -8.427 -7.285
-7.780 -7.592 -8.042 -7.663 -7.663
-10.298 -7.339 -8.413 -8.428 -7.288
-8.966 -7.947 -8.020 -8.016 -7.464
-8.405 -8.355 -8.418 -8.426 -7.303
-8.186 -8.123 -8.528 -7.588 -7.588
-8.397 -8.226 -8.417 -8.424 -7.343
-4.296 -4.343 -4.583 -3.621 -3.616
-9.127 -7.971 -8.756 -7.604 -7.602
-7.548 -7.808 -8.025 -7.487 -7.493
-7.673 -7.698 -7.884 -7.686 -7.475
-8.239 -8.331 -8.710 -7.584 -7.584
-4.351 -4.365 -4.584 -3.623 -3.616
-4.575 -4.579 -3.679 -3.685 -3.648
-7.657 -7.498 -7.796 -7.817 -7.226
-8.891 -7.851 -8.734 -7.601 -7.600
-8.255 -8.213 -8.745 -7.585 -7.584
-7.960 -7.950 -8.197 -7.449 -7.386
-9.386 -7.780 -8.429 -8.430 -7.271
-4.527 -3.888 -4.048 -3.625 -3.580
-4.602 -4.365 -4.520 -3.662 -3.648
-15.499 -15.635 -16.045 -15.095 -15.097
-12.391 -12.641 -12.866 -11.332 -11.331
-18.446 -19.049 -19.196 -19.151 -18.786
-15.381 -15.476 -15.798 -15.233 -15.230
-7.277 -6.805 -7.934 -7.601 -7.601
-11.437 -11.338 -12.026 -11.646 -11.152
-11.692 -11.783 -11.669 -12.040 -11.430
-13.164 -11.753 -12.122 -11.346 -11.361
-11.509 -11.719 -11.945 -12.040 -11.430
-10.455 -10.780 -11.438 -11.455 -11.211
-11.379 -11.656 -12.038 -12.040 -11.432
-15.138 -18.541 -15.454 -15.928 -14.339
-13.626 -11.151 -11.341 -11.437 -11.084
-11.735 -11.845 -11.887 -11.824 -10.638
-12.516 -9.716 -11.126 -11.471 -10.678
-9.274 -9.738 -11.099 -10.487 -10.434
-12.418 -12.090 -12.836 -11.354 -11.355
-7.855 -7.922 -7.925 -7.592 -7.592
-44.154 -36.033 -38.283 -37.562 -37.302
-31.867 -33.066 -33.521 -33.524 -33.524
-10.118 -8.103 -8.422 -8.426 -7.305
-7.912 -8.052 -8.404 -8.420 -7.322
-9.336 -8.236 -8.560 -7.620 -7.619
-9.029 -7.255 -7.438 -7.439 -6.769
-10.357 -7.766 -8.423 -8.426 -7.291
-9.298 -7.708 -7.994 -8.003 -7.426
-8.629 -7.953 -8.047 -7.731 -7.387
-8.930 -7.818 -8.425 -8.426 -7.319
-7.405 -7.635 -8.267 -7.832 -7.424
-8.179 -8.052 -8.449 -7.604 -7.605
-10.274 -7.976 -8.391 -8.419 -7.330
-9.233 -8.901 -8.399 -8.420 -7.330
-8.973 -7.680 -8.429 -8.430 -7.284
-7.831 -8.002 -8.100 -7.869 -7.459
-8.745 -8.379 -8.710 -7.645 -7.644
-14.250 -10.867 -12.337 -11.418 -10.998
-12.865 -12.898 -13.168 -11.243 -11.360
-43.813 -44.107 -44.403 -44.570 -44.570
-9.356 -7.133 -8.420 -8.428 -7.291
-8.961 -8.231 -8.719 -7.600 -7.599
-9.315 -7.882 -8.398 -8.423 -7.334
-45.084 -45.633 -45.842 -44.906 -44.906
-18.746 -14.212 -16.323 -15.130 -15.129
-13.601 -15.343 -15.715 -14.875 -14.873
-13.894 -10.782 -11.345 -11.533 -11.105
-8.186 -8.423 -7.713 -7.408 -7.411
-10.034 -7.819 -8.067 -8.310 -7.247
-10.021 -8.159 -8.429 -8.430 -7.256
-10.269 -7.918 -8.719 -7.660 -7.454
-8.153 -8.320 -8.745 -7.526 -7.529
-7.869 -8.125 -8.209 -7.697 -7.478
-7.906 -7.967 -8.406 -8.429 -7.340
-20.962 -30.039 -32.237 -31.647 -30.518
-10.065 -8.011 -8.190 -8.077 -7.374
-8.204 -7.877 -8.714 -7.652 -7.652
-10.312 -7.858 -8.728 -7.430 -7.413
-8.299 -8.569 -8.733 -7.668 -7.667
-8.506 -8.613 -7.848 -7.642 -7.640
-33.377 -36.968 -44.493 -44.497 -44.496
-40.913 -46.651 -45.550 -45.336 -45.335
-4.514 -3.424 -4.584 -3.623 -3.615
-4.567 -4.123 -4.582 -3.686 -3.654
-8.268 -8.401 -7.875 -7.596 -7.596
-9.060 -7.873 -8.422 -8.427 -7.254
-8.347 -8.161 -8.417 -7.453 -7.320
-8.640 -7.085 -8.416 -8.419 -7.320
-10.328 -7.531 -8.421 -8.423 -7.329
-7.941 -8.149 -8.262 -7.823 -7.421
-7.612 -7.999 -8.176 -7.870 -7.441
-9.821 -8.037 -7.283 -7.284 -7.281
-10.317 -7.935 -8.408 -8.418 -7.322
-10.035 -7.998 -8.426 -8.427 -7.254
-10.339 -7.922 -8.734 -7.608 -7.607
-8.248 -8.588 -7.420 -7.646 -7.645
-8.152 -7.974 -8.687 -7.421 -7.422
-9.374 -8.809 -8.727 -7.602 -7.601
-8.249 -8.588 -7.981 -8.027 -7.425
-10.300 -7.970 -8.420 -8.425 -7.302
-10.041 -7.374 -8.736 -7.589 -7.588
-10.305 -7.678 -8.426 -8.427 -7.299
-8.410 -8.338 -8.426 -8.426 -7.297
-8.397 -8.378 -8.406 -8.426 -7.344
-8.544 -8.701 -7.938 -7.579 -7.578
-8.413 -8.395 -8.425 -8.427 -7.259
-8.408 -8.379 -8.426 -8.428 -7.277
-8.413 -8.363 -8.424 -8.431 -7.295
-8.559 -8.565 -8.706 -7.601 -7.600
-10.295 -7.541 -8.670 -7.564 -7.565
-10.239 -7.883 -8.411 -8.423 -7.315
-7.239 -7.695 -7.809 -7.819 -7.234
-8.257 -8.232 -7.908 -7.625 -7.625
-10.197 -7.886 -8.422 -8.423 -7.312
-8.281 -7.617 -8.416 -8.426 -7.367
-7.748 -7.727 -7.884 -7.637 -7.638
-8.178 -8.248 -8.735 -7.598 -7.598
-8.411 -8.407 -8.431 -8.431 -7.281
-9.393 -7.034 -8.411 -8.421 -7.345
-7.496 -7.859 -7.951 -7.851 -7.353
-7.589 -7.794 -7.965 -7.657 -7.635
-4.341 -4.474 -4.007 -3.663 -3.714
-4.347 -4.507 -4.013 -3.663 -3.663
-4.347 -4.064 -4.504 -3.663 -3.716
-8.347 -8.398 -8.425 -8.427 -7.291
-9.231 -7.235 -7.436 -7.642 -6.989
-4.359 -4.005 -4.132 -3.686 -3.652
-4.359 -4.037 -4.582 -3.623 -3.617
-8.432 -8.454 -8.747 -7.574 -7.573
-4.355 -4.534 -4.582 -3.686 -3.656
-4.353 -4.398 -4.582 -3.630 -3.687
-15.499 -15.635 -16.045 -15.095 -15.097
-12.391 -12.641 -12.866 -11.332 -11.331
-8.152 -8.669 -8.712 -7.649 -7.650
-26.344 -25.791 -24.837 -23.890 -22.782
-28.153 -19.694 -23.030 -23.039 -22.140
-17.193 -15.604 -15.811 -15.158 -15.157
-15.666 -15.484 -15.874 -16.002 -15.043
-13.003 -11.139 -12.204 -11.340 -11.338
-12.171 -11.224 -11.660 -10.927 -10.911
-11.393 -11.351 -12.081 -11.419 -11.391
-12.437 -11.253 -11.994 -11.415 -11.415
-13.027 -11.691 -12.193 -11.403 -11.402
-13.652 -11.042 -11.330 -11.424 -11.033
-10.912 -11.159 -11.454 -11.281 -11.281
-12.879 -11.404 -12.228 -11.338 -11.117
-12.429 -12.361 -12.806 -11.333 -11.333
-12.391 -12.008 -12.870 -11.284 -11.284
-7.505 -7.503 -7.936 -7.946 -7.847
-8.736 -8.121 -8.174 -7.867 -7.448
-8.920 -8.005 -8.415 -8.422 -7.317
-8.383 -8.291 -8.634 -7.576 -7.574
-8.041 -7.935 -8.415 -8.428 -7.302
-31.363 -32.232 -33.096 -33.102 -33.100
-17.361 -13.320 -15.987 -15.772 -14.733
-13.486 -11.249 -11.530 -11.667 -11.059
-7.895 -7.644 -8.118 -8.422 -7.315
-7.533 -7.939 -8.265 -7.829 -7.416
-8.212 -8.516 -8.705 -7.588 -7.588
-7.940 -7.708 -7.908 -7.717 -7.509
-8.214 -8.481 -8.743 -7.527 -7.528
-38.182 -27.483 -31.087 -31.094 -30.153
-12.885 -11.701 -11.896 -11.720 -11.119
-13.507 -11.123 -11.325 -11.531 -11.047
-13.495 -11.305 -11.491 -11.503 -10.814
-43.406 -43.586 -44.126 -44.128 -44.127
-44.474 -38.726 -41.939 -41.948 -41.947
-15.291 -15.436 -15.723 -15.724 -14.945
-15.426 -15.376 -15.995 -15.022 -15.021
-11.541 -11.618 -11.872 -11.317 -11.205
-10.034 -7.819 -8.067 -8.310 -7.247
-10.021 -8.159 -8.429 -8.430 -7.256
-13.436 -10.248 -11.889 -11.342 -11.342
-13.536 -9.541 -12.006 -11.827 -11.085
-10.269 -7.918 -8.719 -7.660 -7.454
-9.109 -7.353 -7.873 -7.685 -7.527
-10.315 -7.769 -8.752 -7.622 -7.620
-8.260 -8.211 -8.743 -7.599 -7.599
-8.858 -8.379 -7.761 -7.104 -7.104
-8.153 -8.320 -8.745 -7.526 -7.529
-7.869 -8.125 -8.209 -7.697 -7.478
-7.906 -7.967 -8.406 -8.429 -7.340
-10.065 -8.011 -8.190 -8.077 -7.374
-8.204 -7.877 -8.714 -7.652 -7.652
-10.312 -7.858 -8.728 -7.430 -7.413
-8.299 -8.569 -8.733 -7.668 -7.667
-8.506 -8.613 -7.848 -7.642 -7.640
-43.968 -37.076 -44.940 -44.971 -44.970
-34.898 -35.789 -44.830 -44.882 -44.881
-12.421 -12.570 -13.214 -11.350 -11.350
-48.200 -44.538 -46.496 -46.516 -44.296
-10.315 -7.727 -8.005 -7.635 -7.461
-53.595 -44.574 -46.362 -45.402 -45.401
-4.514 -3.424 -4.584 -3.623 -3.615
-4.567 -4.123 -4.582 -3.686 -3.654
-7.791 -7.973 -8.265 -7.836 -7.437
-9.144 -8.140 -8.569 -7.568 -7.569
-8.406 -8.396 -8.417 -8.428 -7.274
-10.203 -7.623 -8.424 -8.430 -7.304
-9.002 -6.891 -9.374 -7.537 -7.455
-10.013 -7.735 -8.419 -8.426 -7.303
-10.317 -7.567 -7.947 -8.014 -7.446
-8.145 -8.238 -8.444 -7.589 -7.589
-10.349 -7.742 -8.159 -7.890 -7.331
-10.316 -7.748 -8.246 -7.527 -7.520
-10.314 -7.784 -8.450 -7.618 -7.618
-10.342 -7.586 -8.025 -8.418 -7.326
-8.408 -8.292 -8.384 -8.428 -7.279
-8.410 -8.379 -8.422 -8.429 -7.277
-9.485 -7.945 -8.414 -7.651 -7.650
-9.088 -7.963 -8.427 -8.429 -7.284
-8.400 -8.344 -8.366 -8.424 -7.313
-9.244 -8.033 -8.719 -7.574 -7.575
-7.342 -7.642 -8.418 -8.429 -7.334
-7.851 -8.032 -8.268 -7.832 -7.415
-7.945 -7.985 -8.090 -7.784 -7.465
-6.431 -8.211 -8.018 -7.276 -7.439
-4.278 -4.295 -4.521 -3.633 -3.624
-8.410 -8.266 -8.387 -8.427 -7.290
-8.408 -8.412 -8.430 -8.430 -7.323
-4.330 -4.380 -4.583 -3.623 -3.617
-4.428 -4.165 -4.583 -3.623 -3.616
-4.661 -4.253 -4.560 -3.686 -3.655
-4.287 -3.978 -4.134 -3.686 -3.653
-4.244 -4.257 -4.582 -3.623 -3.616
-4.365 -4.492 -4.336 -3.686 -3.657
-4.353 -4.310 -4.267 -3.663 -3.663
-8.295 -8.418 -8.016 -7.565 -7.565
-8.396 -7.477 -8.260 -7.829 -7.414
-10.369 -7.465 -8.266 -7.620 -7.620
-8.320 -8.389 -8.363 -8.422 -7.319
-4.724 -4.457 -4.007 -3.663 -3.663
-4.596 -3.993 -4.583 -3.623 -3.616
-7.422 -6.720 -7.499 -7.711 -7.482
-4.575 -4.550 -4.013 -3.663 -3.663
-4.332 -4.405 -4.577 -3.686 -3.656
-4.486 -3.615 -3.645 -3.646 -3.646
-15.499 -15.635 -16.045 -15.095 -15.097
-17.847 -18.501 -19.209 -19.249 -18.866
-15.125 -15.363 -15.968 -15.544 -15.542
-14.832 -15.312 -15.397 -15.402 -14.530
-15.049 -15.343 -15.828 -15.328 -15.328
-16.004 -15.841 -15.672 -15.687 -15.687
-8.511 -7.998 -8.112 -7.794 -7.468
-13.346 -11.204 -11.360 -11.520 -11.121
-11.755 -11.776 -11.423 -11.475 -11.474
-13.341 -11.006 -11.321 -11.472 -11.086
-11.540 -11.839 -11.964 -11.461 -11.459
-10.527 -10.676 -11.276 -11.290 -11.229
-11.185 -11.549 -11.632 -11.374 -10.894
-13.497 -10.952 -11.813 -11.133 -11.132
-12.045 -12.535 -12.795 -11.347 -11.346
-12.177 -12.390 -12.812 -11.336 -11.335
-7.804 -7.984 -8.726 -7.580 -7.579
-31.232 -30.286 -30.388 -30.404 -30.404
-11.850 -11.246 -11.285 -10.947 -10.949
-13.100 -10.825 -14.195 -11.275 -10.858
-12.415 -12.336 -12.830 -11.351 -11.349
-12.405 -12.494 -12.712 -11.275 -11.275
-12.443 -12.646 -12.934 -11.242 -11.241
-13.486 -12.878 -12.925 -11.193 -11.192
-7.919 -8.023 -8.171 -7.573 -7.461
-8.424 -8.514 -8.710 -7.719 -7.434
-8.077 -8.214 -8.339 -8.425 -7.348
-7.997 -8.283 -8.421 -8.428 -7.303
-7.632 -7.884 -8.160 -7.861 -7.445
-6.359 -8.242 -8.703 -7.649 -7.649
-8.112 -8.012 -8.268 -7.833 -7.422
-9.289 -7.379 -7.432 -7.136 -6.805
-9.021 -7.548 -8.371 -7.564 -7.562
-28.347 -28.733 -30.339 -30.362 -29.791
-10.990 -15.431 -15.999 -15.160 -15.159
-12.039 -11.488 -11.737 -11.154 -11.153
-13.115 -11.316 -11.369 -11.461 -10.896
-42.016 -44.089 -45.567 -45.618 -44.421
-40.287 -27.056 -29.952 -29.954 -29.953
-1.781 -3.076 -24.143 -25.080 -25.080
-14.744 -12.199 -13.154 -11.275 -11.275
-12.001 -12.071 -12.163 -11.568 -11.091
-11.391 -12.032 -11.513 -11.475 -11.474
-9.252 -7.991 -8.417 -8.423 -7.314
-10.034 -7.819 -8.067 -8.310 -7.247
-8.214 -8.481 -8.743 -7.527 -7.528
-10.021 -8.159 -8.429 -8.430 -7.256
-10.269 -7.918 -8.719 -7.660 -7.454
-7.869 -8.125 -8.209 -7.697 -7.478
-7.906 -7.967 -8.406 -8.429 -7.340
-10.065 -8.011 -8.190 -8.077 -7.374
-8.204 -7.877 -8.714 -7.652 -7.652
-10.312 -7.858 -8.728 -7.430 -7.413
-8.299 -8.569 -8.733 -7.668 -7.667
-8.506 -8.613 -7.848 -7.642 -7.640
-8.858 -8.379 -7.761 -7.104 -7.104
-19.904 -22.198 -24.302 -22.419 -22.255
-27.813 -27.875 -30.704 -30.721 -30.208
-25.878 -25.260 -25.668 -25.732 -25.503
-4.736 -27.812 -43.086 -44.482 -44.480
-9.164 -7.401 -7.678 -7.955 -7.336
-8.081 -8.413 -8.737 -7.517 -7.542
-4.514 -3.424 -4.584 -3.623 -3.615
-4.567 -4.123 -4.582 -3.686 -3.654
-8.079 -8.405 -7.980 -7.585 -7.584
-9.333 -8.036 -8.586 -7.569 -7.570
-8.297 -8.699 -7.525 -7.650 -7.649
-10.346 -7.856 -8.233 -7.466 -7.386
-10.051 -7.828 -8.723 -7.594 -7.595
-7.938 -8.032 -8.221 -7.756 -7.462
-10.243 -7.824 -8.019 -7.689 -7.456
-10.031 -7.951 -8.698 -7.638 -7.638
-10.337 -7.598 -8.057 -7.947 -7.274
-8.360 -8.020 -8.744 -7.579 -7.578
-10.317 -7.793 -8.182 -7.529 -7.522
-10.298 -7.840 -8.428 -8.428 -7.268
-8.403 -8.295 -8.424 -8.428 -7.294
-8.548 -8.680 -8.748 -7.571 -7.571
-8.609 -8.653 -8.736 -7.496 -7.483
-8.524 -8.645 -8.730 -7.615 -7.613
-8.408 -8.305 -8.417 -8.425 -7.305
-8.402 -8.385 -8.414 -8.417 -7.222
-7.592 -7.508 -8.009 -7.495 -7.504
-7.647 -7.018 -8.089 -7.669 -7.668
-7.673 -7.555 -7.875 -7.857 -7.385
-9.418 -7.505 -8.426 -8.430 -7.278
-8.096 -8.165 -8.199 -7.493 -7.456
-9.319 -7.391 -7.504 -7.501 -6.832
-7.687 -7.767 -7.950 -7.842 -7.304
-10.305 -7.581 -8.108 -8.419 -7.321
-4.517 -4.065 -4.377 -3.553 -3.553
-4.418 -4.425 -4.007 -3.663 -3.663
-10.133 -7.980 -8.099 -8.108 -7.321
-4.648 -4.515 -4.013 -3.663 -3.717
-4.590 -4.182 -4.583 -3.623 -3.616
-10.148 -7.620 -7.983 -8.014 -7.447
-8.436 -8.524 -7.630 -7.646 -7.647
-8.373 -8.453 -8.610 -7.651 -7.650
-8.777 -7.215 -8.044 -7.681 -7.680
-4.367 -4.540 -3.973 -3.663 -3.663
-10.333 -7.779 -8.743 -7.507 -7.512
-7.953 -8.154 -8.746 -7.588 -7.588
-8.408 -8.186 -8.423 -8.424 -7.317
-4.370 -4.051 -4.489 -3.663 -3.663
-4.344 -4.110 -4.020 -3.663 -3.663
-4.351 -3.993 -4.583 -3.623 -3.616
-4.523 -4.037 -4.503 -3.686 -3.654
-15.499 -15.635 -16.045 -15.095 -15.097
-12.001 -12.071 -12.163 -11.568 -11.091
-17.462 -15.656 -15.851 -15.885 -14.847
-9.104 -8.255 -8.736 -7.746 -7.477
-13.570 -11.166 -11.916 -11.780 -11.230
-13.460 -11.742 -11.900 -11.736 -11.186
-9.188 -7.462 -8.422 -8.427 -7.305
-18.870 -18.978 -19.091 -18.909 -18.608
-18.217 -14.443 -15.735 -15.825 -14.631
-15.498 -15.512 -15.676 -15.701 -14.955
-14.307 -14.548 -15.047 -15.539 -15.537
-12.733 -11.249 -11.324 -11.330 -10.905
-13.201 -11.854 -12.281 -11.450 -11.244
-13.893 -11.362 -12.929 -11.326 -11.261
-11.109 -11.222 -11.284 -11.207 -11.146
-12.518 -12.552 -12.919 -11.187 -11.187
-13.807 -10.996 -11.376 -11.201 -11.074
-11.649 -11.920 -12.041 -11.264 -11.262
-12.390 -12.821 -11.706 -11.292 -11.292
-7.578 -7.597 -7.981 -7.690 -7.691
-8.737 -7.611 -8.423 -8.427 -7.293
-8.862 -8.133 -8.500 -7.651 -7.650
-9.244 -7.790 -8.429 -7.648 -7.646
-7.096 -6.969 -7.910 -7.915 -7.878
-9.125 -7.754 -8.006 -7.470 -7.409
-8.693 -7.843 -8.079 -7.734 -7.401
-8.114 -8.174 -8.413 -8.422 -7.317
-8.250 -8.421 -7.834 -7.652 -7.651
-8.427 -8.598 -8.759 -7.593 -7.592
-8.388 -8.289 -8.413 -7.590 -7.283
-13.567 -10.483 -12.209 -11.291 -11.290
-17.745 -14.103 -19.590 -13.948 -13.951
-4.365 -16.394 -17.493 -14.878 -14.877
-43.638 -35.976 -37.633 -37.641 -37.640
-23.023 -23.126 -24.391 -22.650 -22.649
-12.102 -12.117 -12.155 -11.570 -11.088
-8.494 -7.978 -8.078 -7.728 -7.388
-8.876 -7.861 -8.050 -7.489 -7.488
-8.843 -6.819 -8.012 -8.013 -7.432
-9.036 -7.229 -7.829 -7.619 -7.620
-23.696 -34.671 -37.370 -37.434 -37.432
-33.895 -33.912 -37.364 -37.443 -37.441
-10.034 -7.819 -8.067 -8.310 -7.247
-8.214 -8.481 -8.743 -7.527 -7.528
-10.021 -8.159 -8.429 -8.430 -7.256
-44.557 -44.563 -44.716 -44.726 -44.725
-10.269 -7.918 -8.719 -7.660 -7.454
-7.869 -8.125 -8.209 -7.697 -7.478
-7.906 -7.967 -8.406 -8.429 -7.340
-10.065 -8.011 -8.190 -8.077 -7.374
-8.204 -7.877 -8.714 -7.652 -7.652
-10.312 -7.858 -8.728 -7.430 -7.413
-8.299 -8.569 -8.733 -7.668 -7.667
-8.506 -8.613 -7.848 -7.642 -7.640
-13.412 -11.554 -12.257 -11.332 -11.199
-8.788 -7.166 -9.347 -7.756 -7.460
-43.462 -43.614 -45.767 -45.072 -45.072
-4.514 -3.424 -4.584 -3.623 -3.615
-29.480 -29.585 -30.516 -30.520 -30.519
-4.567 -4.123 -4.582 -3.686 -3.654
-41.579 -41.484 -42.015 -42.137 -42.136
-7.596 -7.738 -7.585 -7.791 -7.451
-7.859 -8.086 -8.168 -7.858 -7.450
-9.371 -7.606 -8.398 -8.420 -7.335
-8.241 -8.445 -8.728 -7.644 -7.643
-10.362 -7.710 -8.423 -8.425 -7.301
-7.293 -7.498 -7.425 -7.947 -7.851
-10.301 -7.500 -8.695 -7.602 -7.602
-10.339 -7.758 -8.022 -8.014 -7.470
-8.338 -8.160 -7.557 -7.568 -7.566
-10.007 -7.860 -8.034 -7.931 -7.243
-8.249 -8.210 -8.681 -7.585 -7.584
-8.309 -8.577 -8.740 -7.587 -7.587
-7.806 -7.964 -8.208 -7.752 -7.466
-10.031 -7.753 -8.428 -8.430 -7.278
-10.283 -7.941 -8.426 -8.427 -7.289
-8.097 -8.580 -8.711 -7.575 -7.577
-8.582 -8.675 -8.742 -7.622 -7.622
-8.408 -8.382 -8.427 -8.428 -7.277
-7.780 -8.170 -8.755 -7.592 -7.591
-8.545 -8.597 -8.045 -7.650 -7.649
-8.406 -8.237 -8.378 -8.420 -7.229
-7.404 -7.598 -8.411 -8.428 -7.348
-6.044 -6.889 -8.080 -7.611 -7.610
-9.235 -7.840 -8.730 -7.568 -7.567
-9.208 -8.308 -8.742 -7.573 -7.573
-7.767 -8.134 -8.071 -7.671 -7.671
-9.544 -7.906 -8.427 -8.427 -7.298
-9.201 -8.296 -8.554 -7.473 -7.474
-8.738 -8.393 -8.742 -7.496 -7.510
-7.780 -8.080 -8.087 -7.752 -7.473
-7.879 -8.066 -8.308 -8.311 -7.244
-8.405 -8.380 -8.422 -8.429 -7.273
-8.484 -8.450 -8.664 -7.430 -7.431
-10.031 -7.884 -8.726 -7.577 -7.578
-8.920 -7.188 -8.020 -7.846 -7.401
-7.650 -7.522 -7.978 -7.490 -7.488
-9.064 -7.814 -8.192 -7.453 -7.384
-8.653 -7.676 -7.996 -7.796 -7.581
-4.368 -4.282 -4.585 -3.623 -3.616
-4.345 -4.328 -4.132 -3.687 -3.639
-7.927 -7.874 -8.408 -8.428 -7.297
-4.467 -4.537 -4.012 -3.649 -3.632
-4.546 -4.573 -4.011 -3.649 -3.630
-4.353 -4.106 -4.507 -3.686 -3.655
-4.346 -4.187 -4.580 -3.686 -3.656
-4.353 -4.436 -4.583 -3.622 -3.615
-4.571 -3.851 -4.581 -3.623 -3.617
-15.499 -15.635 -16.045 -15.095 -15.097
-18.408 -22.569 -22.909 -22.911 -22.999
-22.249 -22.397 -22.727 -22.729 -21.938
-20.409 -20.360 -23.628 -22.807 -22.807
-15.130 -15.245 -14.945 -15.555 -15.547
-14.409 -14.827 -15.126 -15.493 -15.494
-15.386 -15.536 -15.736 -14.919 -14.475
-13.030 -11.298 -11.716 -11.773 -11.168
-13.283 -11.522 -11.900 -11.733 -11.180
-11.886 -11.341 -12.267 -11.349 -11.360
-12.699 -12.802 -11.892 -11.229 -11.228
-12.837 -12.698 -12.904 -11.297 -11.228
-12.866 -12.794 -12.032 -11.228 -11.226
-7.866 -8.130 -8.170 -7.870 -7.451
-10.311 -7.686 -8.111 -7.685 -7.471
-9.228 -7.525 -8.734 -7.593 -7.594
-7.886 -7.903 -8.304 -8.305 -7.271
-11.755 -9.980 -11.785 -11.432 -10.676
-14.975 -12.177 -12.077 -11.326 -11.274
-9.012 -7.670 -8.017 -7.662 -7.280
-9.206 -7.397 -8.429 -8.431 -7.283
-9.975 -8.061 -8.418 -8.424 -7.315
-9.152 -7.714 -8.748 -7.585 -7.585
-7.891 -8.078 -8.088 -7.695 -7.696
-9.222 -7.668 -8.006 -8.008 -7.385
-9.899 -7.303 -7.537 -7.745 -7.116
-8.016 -8.085 -8.264 -7.831 -7.425
-9.459 -7.427 -8.429 -8.429 -7.350
-10.034 -7.819 -8.067 -8.310 -7.247
-8.214 -8.481 -8.743 -7.527 -7.528
-10.021 -8.159 -8.429 -8.430 -7.256
-8.527 -7.897 -7.992 -7.791 -7.450
-9.493 -7.500 -7.760 -8.425 -7.310
-9.351 -8.198 -8.699 -7.587 -7.587
-8.854 -8.244 -8.732 -7.596 -7.596
1.073 -6.819 -7.937 -7.947 -7.836
-7.904 -7.847 -8.182 -7.565 -7.472
-8.114 -8.198 -8.412 -8.420 -7.322
-8.267 -8.424 -8.690 -7.566 -7.566
-41.665 -36.670 -37.591 -37.603 -37.603
-10.269 -7.918 -8.719 -7.660 -7.454
-7.869 -8.125 -8.209 -7.697 -7.478
-7.906 -7.967 -8.406 -8.429 -7.340
-10.065 -8.011 -8.190 -8.077 -7.374
-8.204 -7.877 -8.714 -7.652 -7.652
-10.312 -7.858 -8.728 -7.430 -7.413
-8.299 -8.569 -8.733 -7.668 -7.667
-8.506 -8.613 -7.848 -7.642 -7.640
-7.858 -7.905 -8.179 -7.549 -7.428
-9.104 -8.255 -8.736 -7.746 -7.477
-9.302 -7.739 -7.940 -8.423 -7.331
-9.151 -7.824 -8.415 -8.423 -7.321
-8.478 -7.609 -8.107 -7.796 -7.468
-7.669 -7.427 -8.177 -7.855 -7.463
-9.217 -7.211 -8.412 -8.422 -7.334
-12.544 -15.176 -29.922 -29.925 -28.383
-9.252 -7.843 -8.417 -8.421 -7.352
-44.335 -45.912 -47.489 -47.504 -44.525
-38.460 -38.192 -44.924 -45.004 -45.003
-4.514 -3.424 -4.584 -3.623 -3.615
-4.567 -4.123 -4.582 -3.686 -3.654
-26.343 -30.999 -45.303 -43.943 -43.943
-47.009 -42.054 -44.713 -45.118 -45.116
-8.927 -7.219 -9.581 -7.595 -7.109
-9.053 -8.209 -7.611 -7.173 -7.173
-7.963 -7.937 -8.718 -7.610 -7.609
-7.840 -7.636 -8.229 -7.752 -7.459
-10.305 -8.588 -8.739 -7.595 -7.596
-10.324 -7.785 -8.424 -8.425 -7.305
-10.093 -7.810 -8.727 -7.555 -7.554
-7.963 -8.330 -8.750 -7.517 -7.537
-7.851 -7.900 -8.427 -8.428 -7.344
-10.305 -8.014 -8.413 -8.421 -7.325
-7.967 -8.198 -8.417 -8.423 -7.320
-7.379 -7.793 -7.845 -7.858 -7.417
-10.320 -7.567 -8.748 -7.602 -7.602
-8.281 -8.274 -8.310 -8.311 -7.250
-8.377 -8.378 -8.415 -8.422 -7.318
-8.521 -8.685 -8.735 -7.608 -7.607
-8.386 -8.391 -8.426 -8.428 -7.312
-8.540 -8.507 -8.028 -7.591 -7.591
-8.408 -8.214 -8.424 -8.427 -7.266
-8.045 -8.289 -8.426 -8.426 -7.298
-7.612 -8.276 -8.387 -8.422 -7.352
-8.700 -8.081 -8.708 -7.492 -7.506
-7.841 -7.611 -8.063 -7.818 -7.482
-8.050 -8.111 -8.178 -7.556 -7.450
-4.340 -4.292 -4.582 -3.623 -3.616
-4.631 -3.961 -4.571 -3.658 -3.682
-4.688 -4.348 -4.017 -3.663 -3.663
-8.405 -8.390 -8.424 -8.427 -7.298
-4.093 -4.167 -4.013 -3.663 -3.663
-4.527 -3.580 -4.582 -3.623 -3.615
-4.529 -3.946 -4.581 -3.623 -3.615
-4.371 -4.515 -4.010 -3.663 -3.663
-4.351 -4.378 -4.584 -3.623 -3.616
-4.346 -4.505 -4.011 -3.649 -3.631
-4.368 -4.206 -4.583 -3.623 -3.617
-4.354 -4.489 -4.019 -3.663 -3.663
-4.355 -4.263 -4.585 -3.623 -3.616
-4.355 -4.319 -4.012 -3.649 -3.630
-4.343 -4.567 -4.020 -3.663 -3.663
-4.350 -4.446 -4.351 -3.686 -3.657
-4.355 -4.362 -4.010 -3.663 -3.715
-4.450 -4.428 -4.539 -3.663 -3.716
-4.355 -4.125 -4.484 -3.658 -3.685
-4.558 -4.463 -4.352 -3.686 -3.656
-4.348 -3.948 -4.494 -3.623 -3.616
-4.371 -4.276 -4.045 -3.643 -3.688
