hardness
 (GPa)  
   2.318
   3.170
   2.887
   2.452
   4.473
   3.827
   4.471
   3.567
   3.209
   3.177
   3.461
   3.326
   3.127
   2.839
   3.082
   1.737
   3.498
   3.202
   2.329
   2.700
   3.901
   3.408
   3.043
   1.102
   1.395
   3.042
   2.506
   1.963
   1.661
  -0.757
   2.549
   2.900
   2.552
   2.193
   0.862
   4.150
   3.270
   4.201
   0.359
   2.330
   2.320
   3.326
   3.380
   3.849
   3.306
   3.933
   3.207
   3.745
   2.459
   3.450
   2.393
   3.609
   1.709
   2.825
   3.576
   2.877
   0.682
   3.165
   3.661
   3.752
   2.114
   3.210
   2.546
   3.145
   4.630
   3.439
   2.709
   3.721
   3.548
   3.242
   3.792
   4.267
   3.524
   4.432
   2.089
   1.154
   2.347
   3.589
   4.230
   3.362
   3.607
   2.799
   3.477
   2.555
   3.273
   4.216
   2.913
   3.193
   3.126
   2.430
   2.806
   2.816
   3.637
   3.770
   1.741
   3.191
   4.152
   1.891
   3.351
   1.537
   2.361
   3.637
   2.612
   4.584
   2.966
   2.199
   3.335
   3.361
   2.810
   2.352
   3.313
   4.036
   4.998
   2.006
   4.305
   0.945
   4.968
   2.279
   2.941
   2.996
   2.926
   2.929
   2.628
   3.282
   3.650
   1.001
   3.224
   1.750
   2.113
   1.968
   4.462
   0.826
   3.776
   3.242
   2.259
   0.257
   2.091
   2.878
   1.946
   2.651
   0.675
   4.568
   4.532
   3.727
   2.621
   2.555
   3.611
   4.518
   3.989
   4.161
   4.799
   2.722
   5.654
   4.004
   4.015
   4.098
   1.805
   2.695
   4.022
   4.138
   2.503
   4.004
   4.255
   0.439
   3.384
   2.954
   2.692
   5.527
   2.961
   3.521
   3.555
   5.079
   3.098
   5.192
  -0.345
   4.412
   4.677
   4.611
   4.222
   3.273
   1.215
   3.817
   5.990
   4.576
   4.410
   3.235
   3.236
   1.876
   4.638
   4.630
   4.584
   4.998
   4.968
   4.568
   2.564
   2.462
   2.973
   2.462
   3.225
   4.039
   3.610
   2.893
   2.777
   4.051
   3.281
   2.415
   1.199
   3.004
   1.531
   1.498
   2.957
   5.654
   4.799
   2.628
   3.402
   4.369
   3.974
   3.320
   2.952
   4.510
   3.919
   2.607
   2.992
   3.649
   4.576
   3.417
   4.275
   1.470
   2.835
   3.496
   3.798
   3.383
   3.449
   2.972
   4.473
   4.744
   3.283
   3.477
   5.527
   1.678
   5.192
   5.079
   1.616
   4.677
   4.611
   3.205
   4.488
   5.990
   4.638
  -2.358
   3.157
   4.052
   3.672
   4.132
   3.734
   1.674
   4.665
   2.477
   3.566
   4.473
   2.832
   4.737
   4.136
   4.166
   2.927
  -2.753
   2.945
   3.783
   4.025
   4.143
   4.448
   2.844
   3.349
   3.128
   3.449
   2.612
   4.418
   3.834
   4.681
   4.655
   4.494
   2.002
   4.480
   4.055
   2.251
   5.682
   5.142
  -3.390
   4.552
   3.537
   3.921
   4.602
   3.823
   5.305
   4.261
   5.477
   5.796
   4.998
   4.968
   5.654
   4.799
   4.665
   3.005
   3.060
   5.827
   5.305
   4.094
   3.477
   3.324
   3.750
   3.383
   4.894
   3.378
   4.813
   3.527
   3.503
   3.246
   3.652
   3.607
   1.828
   3.937
   4.223
   3.456
   4.160
   4.206
   1.403
   0.282
   4.350
   4.161
   4.374
   2.961
   3.930
   5.527
   3.622
   5.477
   5.192
   2.959
   5.142
   5.079
   2.434
   4.681
   2.183
   3.761
   3.940
   4.361
   3.744
   3.243
   5.990
   5.796
   3.630
   4.349
   3.887
   3.281
   4.638
   1.692
   4.259
   2.754
   3.723
   3.560
   0.558
   4.237
   2.239
   5.402
   4.645
   4.533
   3.289
  -2.117
   3.745
   4.139
   5.544
   2.994
  -3.172
   3.915
   4.124
   4.072
   4.288
   3.944
   5.407
   5.141
   5.043
   5.992
   5.212
   4.358
   3.988
  -3.287
   3.838
   3.736
   4.434
  -3.391
   4.885
   3.433
   4.670
   5.162
   2.415
   4.033
   5.413
   3.081
   5.218
  -2.361
   5.825
   3.544
   5.827
   5.654
   5.305
   4.444
   3.135
   2.836
   3.552
   2.901
   3.252
   3.827
   4.029
   3.315
   4.669
   4.516
   4.475
   2.452
   4.794
   5.204
   3.441
   2.318
   4.702
   3.322
   3.486
   3.420
   2.952
   4.711
   3.762
   5.002
   1.483
   4.778
   3.478
   2.715
   4.052
   3.993
   3.795
   5.992
   5.527
   5.477
   5.413
   5.402
  -2.215
   3.610
   3.654
   5.218
   5.212
   2.738
   2.246
   3.837
   5.412
   5.990
   5.796
   1.232
   2.432
   5.544
   5.407
   4.010
   5.825
   1.330
   3.900
   0.375
   3.781
   4.554
   3.595
   0.427
   5.339
   4.126
   4.896
   4.777
   2.698
   3.976
   5.804
   4.819
   4.531
   3.597
   4.066
   5.063
   4.468
   3.638
   4.801
   5.288
   5.165
   4.425
   1.231
   5.163
   4.698
   4.177
   4.143
   5.323
   5.133
   5.084
   5.422
   2.875
   5.327
   4.117
   5.285
   4.170
  -3.398
   5.753
   4.188
   5.507
   4.752
   3.462
  -1.573
   5.827
   5.654
   5.412
   5.153
   1.492
   4.158
   3.674
   4.045
   3.712
   3.066
   3.443
   5.992
   5.804
   5.527
   5.507
   3.694
   2.621
   4.570
   3.939
   4.378
   3.863
   3.947
   1.179
   2.781
   3.368
   5.477
   3.294
   5.422
   5.413
   5.091
   4.837
   5.243
   4.116
   2.974
  -1.207
   5.101
   4.522
   3.267
   4.268
   3.201
   5.990
   3.249
   5.796
   5.544
   5.407
   4.356
   0.102
   4.820
   2.945
   4.176
   3.206
   3.941
   4.467
   4.778
   1.048
   3.619
   2.106
   3.014
   5.825
   5.200
   4.767
   4.128
   5.469
   5.118
   2.692
   5.738
   4.173
   4.006
   5.221
   2.784
   3.569
   4.019
   5.076
   3.589
   4.680
  -3.392
   4.119
   5.242
   4.665
   5.960
   5.541
   5.971
   5.442
   3.668
   5.406
   3.524
   4.534
   5.758
   2.794
   5.812
   4.305
   5.811
   3.112
   3.753
   5.879
   5.464
   5.066
   5.381
   3.862
   5.714
   5.838
   2.918
   5.647
   5.827
   5.654
   4.535
   5.992
   3.301
   3.138
   3.149
   4.469
  -0.741
   5.804
   5.527
   4.635
  -1.860
   3.557
   4.469
   4.483
   5.166
   3.548
   3.978
   3.508
   3.694
   4.451
   5.559
   4.520
   2.277
   4.860
   4.770
   2.933
   3.648
   3.799
   6.076
   2.437
   3.214
   3.801
   3.252
   4.221
   3.674
   4.620
   5.990
   5.971
   5.811
   3.830
   4.420
   4.332
   5.060
   4.207
   5.636
   5.945
   5.574
   5.796
   5.714
   5.544
   4.728
   4.786
   2.359
   3.228
   4.448
   4.494
   5.879
   5.838
   1.755
   5.812
   5.647
   4.929
   5.177
   5.812
   2.727
   5.236
   1.440
   4.416
   3.946
   2.509
   4.791
   3.355
   5.211
   4.740
   5.196
   5.484
   5.857
   4.657
   4.631
   4.176
   5.784
   4.747
   5.222
   3.275
   4.697
  -2.804
   4.915
   4.747
   4.804
   5.496
   5.270
   3.708
   4.292
   5.218
   4.784
   4.499
   5.114
   5.405
   5.161
   4.433
   5.707
   2.910
   3.574
   6.012
   4.133
   5.844
   6.072
   5.827
   5.654
   6.076
   5.992
   5.804
   2.053
   5.291
   5.065
   3.092
   5.623
   4.329
   5.466
   5.640
   3.453
   1.747
   4.827
   3.011
   1.338
   4.033
   3.897
   4.930
   4.116
   2.934
   3.615
   4.494
   5.838
   4.070
   5.806
   5.807
   4.019
   3.919
   3.381
   2.564
  -3.273
   5.428
   4.363
   5.396
   4.108
   4.338
   4.600
   4.528
   5.990
   5.971
   4.508
   4.892
   5.143
   4.991
   4.486
   4.769
   3.976
   5.812
   5.796
   5.714
   1.243
   3.639
   0.617
   3.524
   6.072
   5.879
   5.838
   5.812
   5.647
   3.510
   3.254
   4.565
   5.272
   4.474
   4.733
   4.014
   5.547
   3.591
   4.960
   3.954
   4.382
   3.972
   5.127
   5.279
   4.547
   5.434
   3.606
   2.163
   5.090
   3.830
   3.879
   3.476
   5.665
   4.353
   5.459
   5.435
   3.930
   4.824
   4.890
   5.338
   4.585
   6.157
   5.844
   5.965
   4.727
   5.275
   4.982
   5.341
   5.713
   5.077
   5.763
   5.447
   5.539
   5.827
   6.076
   5.992
   5.804
   1.244
   5.261
   2.553
   3.880
   5.100
   4.616
   4.457
   5.882
   3.436
   2.053
   3.639
   0.612
   3.815
  -1.513
   3.395
   4.198
   4.762
   4.061
   3.974
   5.607
   4.337
   5.162
   3.652
   4.967
   3.591
   5.134
   5.039
   3.727
   5.990
   5.812
   5.796
   5.763
   5.714
   5.380
   4.037
   5.689
   2.037
   4.688
   3.586
   0.653
   4.796
   4.952
   3.674
   5.594
   4.823
   4.841
   5.813
  -3.029
   3.629
   4.354
   0.584
   6.157
   0.791
   4.551
   5.009
   6.072
   5.879
   5.844
   5.838
   5.812
   4.478
   4.189
   4.688
   5.093
   4.557
   3.826
   4.375
   5.496
   4.782
   5.042
   5.360
   2.705
   5.815
   5.457
   4.724
   5.460
   4.617
   4.291
   3.768
   4.595
   4.814
   1.398
   5.522
   5.536
   2.465
   5.223
   5.894
   5.975
   5.811
   5.067
   3.632
   5.972
   3.789
   4.983
   4.792
   4.617
   6.171
   5.980
   6.094
   5.761
   5.322
   5.886
   5.827
   6.076
   5.992
   5.804
   4.288
   3.662
   3.008
   2.336
   3.469
   3.596
   3.524
   4.563
   4.246
   3.724
   4.303
   4.344
   5.123
   4.609
   4.290
   3.037
   2.314
   3.906
   5.483
   5.365
   3.071
   3.288
   3.856
   5.211
   0.530
   3.157
   3.532
   0.847
   2.542
   5.990
   5.813
   5.796
  -3.298
   1.381
   1.182
   1.777
   4.445
   3.987
   4.656
   4.915
   4.472
   3.424
   2.036
   4.124
   6.171
   6.157
   2.465
   6.094
   6.072
   5.894
   5.886
   5.879
   5.812
   2.766
   4.877
   5.272
   2.347
   0.552
   3.948
   5.763
   3.813
   4.440
   4.996
   5.273
   4.182
   5.124
   5.178
  -2.882
   3.605
   5.922
   3.802
   5.093
   5.143
   5.198
   4.948
   5.578
   5.119
   5.118
   5.494
   4.080
   5.638
   5.193
   3.829
   6.029
   3.985
   5.521
   3.614
   4.871
   5.229
   3.770
   4.534
   4.723
   2.807
   5.905
   5.342
   5.030
   4.224
   4.977
   5.827
   6.076
   5.992
   5.804
   2.862
   4.319
   2.906
   4.009
   4.263
   4.209
   2.966
   3.884
   3.948
   4.042
   4.779
  -3.392
   4.046
   5.435
   4.413
   5.916
   3.697
   5.221
   4.576
   3.528
   4.391
   3.647
   4.013
   4.100
   3.507
   4.451
   4.831
  -0.220
   3.589
   5.990
   5.813
   4.667
   3.751
   5.425
   4.481
   1.938
   3.048
   2.766
   2.935
   1.678
   4.741
   4.415
   3.731
   5.472
   4.056
   6.171
   2.384
   6.157
   6.094
   6.072
   6.029
   5.905
   5.894
   5.886
   5.812
   2.941
   3.457
   4.324
   4.889
   4.467
   4.751
   5.960
   5.665
   4.782
   5.326
   5.809
   3.113
   5.680
   4.642
   4.683
   5.618
  -2.648
   4.944
   5.861
   5.565
   5.754
   5.981
   6.066
   5.900
   3.336
   2.776
   5.411
   3.885
   6.186
   5.140
   5.944
   5.256
   4.370
   5.331
   6.044
   5.545
   4.638
   5.892
   5.105
   5.765
   6.041
   5.883
   5.632
   5.775
   4.614
   5.132
   5.827
   6.076
   5.992
   4.326
   4.409
   5.924
   5.885
   5.872
   5.594
   5.990
   5.682
   4.964
   4.843
   5.091
   3.349
   5.323
  -1.853
   5.069
   5.341
   4.855
   4.762
   5.765
   3.666
   1.225
   2.671
   4.657
   5.550
   2.824
   4.143
   4.068
   1.825
   4.045
   2.781
   4.866
   4.021
   0.939
   4.808
   3.537
  -0.886
   4.409
   4.731
   2.408
   4.391
   3.569
   5.379
   4.093
   3.289
   2.946
   3.096
   4.596
   4.436
   5.766
   2.552
   3.008
   6.186
   6.171
   6.157
   6.094
   6.072
   6.029
   5.905
   5.900
   5.894
   5.892
   5.886
   5.337
   5.010
   4.940
   2.459
   2.706
   5.148
   5.555
   5.139
   5.807
   5.155
   5.389
   4.395
   2.491
   5.896
   5.921
   5.919
   3.546
   4.897
   5.609
   6.020
   5.732
   4.996
   5.151
   5.463
   5.286
   5.320
   5.932
   4.452
   5.056
   5.669
   4.173
   4.932
   3.644
   3.136
   1.409
   5.815
   5.589
   2.749
   5.157
   5.844
   5.049
   4.994
   2.596
   3.031
   5.470
   3.354
   6.076
   5.992
   5.872
   5.990
   4.608
   5.457
   4.167
   3.865
   5.350
   5.608
   2.817
   5.888
   5.623
   4.358
   5.673
   4.922
   5.367
   5.868
   5.273
   4.562
   3.497
   4.401
   2.790
   5.062
   5.115
   5.084
   2.995
   5.925
   6.150
   5.208
   6.148
   2.906
   3.401
   4.306
   4.297
   2.135
   5.686
   2.899
   4.254
   3.362
   4.778
   3.897
   5.489
   3.006
   3.919
   2.973
   3.767
  -0.986
   6.186
   6.171
   3.592
   6.157
   3.356
   6.094
   6.072
   6.029
   5.905
   5.900
   5.894
   5.892
   5.886
   5.990
   3.382
   3.495
   6.011
   2.752
   4.471
   4.599
   4.628
   2.552
   2.456
   5.837
   5.382
   5.275
   6.088
   5.485
   5.826
   5.659
   5.612
   4.984
   5.965
   5.602
   6.227
   4.490
   5.632
   4.770
   6.190
   5.725
   4.208
   5.851
   5.401
   4.569
   5.074
   4.687
   5.210
  -2.936
   4.507
   5.906
   6.081
   5.559
   6.087
   5.986
   4.683
   5.376
   4.663
   4.245
   5.058
   4.533
   6.076
   5.992
   5.990
   4.542
   4.172
   0.732
   3.444
   3.692
   4.407
   5.804
   4.925
   4.735
   3.739
   3.935
   2.941
   3.836
   4.360
   4.588
   4.441
   4.192
   3.653
   4.616
   5.873
   5.858
   4.251
   5.105
   2.476
   6.084
   3.656
   3.590
   3.823
   2.019
   2.875
   3.931
   4.041
   4.682
   4.099
   4.248
   4.148
   5.816
   4.751
   5.230
   5.305
   5.168
   5.235
   5.754
   1.658
   3.066
   3.917
   5.662
   5.752
   6.227
   3.056
   6.190
   6.186
   6.157
   6.150
   6.029
   6.011
   5.990
   5.925
   5.906
   5.894
   5.892
   4.584
   3.820
   3.060
   5.833
   5.616
   4.024
   3.825
   5.848
   5.810
   3.401
   5.626
   5.016
   4.851
   5.678
   5.623
   3.450
   5.020
   5.496
   5.225
   6.094
   5.756
   4.162
   5.538
   4.137
   5.831
   5.599
   5.998
   5.076
   5.603
   5.329
   5.402
   5.584
   5.183
   5.664
   5.841
   5.456
   5.738
   4.275
   5.724
   5.826
   5.462
   4.366
   4.051
   5.698
   6.099
   6.076
   5.992
   5.990
   2.937
   3.701
   4.708
   3.530
   4.276
   4.779
   3.820
   3.488
   4.079
   3.098
   5.394
   4.999
   4.985
   5.716
   5.578
   2.582
   4.434
   0.215
   4.076
   5.589
   6.069
   5.452
   4.639
   3.924
   4.210
   3.001
   4.637
   5.761
   5.775
   2.538
   4.379
   2.496
   2.988
   1.954
   3.857
   3.722
   4.807
   5.002
   4.773
   3.706
   5.260
   2.724
   4.228
   2.900
   4.284
   2.512
   6.227
   6.190
   6.186
   6.157
   6.150
   6.084
   6.029
   6.011
   5.990
   5.925
   5.906
   5.894
   1.902
   5.904
   5.355
   4.386
   5.414
   5.889
   5.287
   5.924
   5.710
   5.314
   2.653
   5.691
   5.655
   5.039
   5.643
   5.201
   5.889
   5.956
   4.712
   5.813
   4.411
   5.766
   5.312
   5.825
   4.951
   5.324
   4.594
  -3.388
   5.562
   2.439
   5.172
   5.471
   5.714
   2.698
   4.996
   6.257
   5.301
   5.502
   4.148
   5.805
   5.367
   3.584
  -3.267
   0.155
   5.039
   6.076
   5.992
   6.069
   4.819
   3.927
   2.228
   3.857
   5.389
   4.183
   5.159
   5.209
   5.636
   0.710
   4.120
   4.548
   4.555
   5.614
   4.706
   2.440
   2.856
   6.086
   5.667
   4.733
   5.734
   3.791
   3.287
   5.446
   4.609
   5.161
   4.417
   5.537
   4.490
   6.024
   6.061
   5.909
   5.742
   5.088
   6.227
   6.190
   6.186
   6.157
   6.150
   6.084
   6.029
   6.011
   5.990
   5.925
   5.906
   1.989
   5.439
   4.201
   4.667
   3.255
   5.443
   3.317
   2.174
   6.257
   1.831
   0.436
   2.619
   5.432
   4.196
   5.431
   5.257
   5.529
   4.075
   5.544
   5.453
   5.915
   4.729
   5.811
   5.170
   5.096
   4.110
   5.530
   5.427
   5.065
   5.951
   5.147
   5.704
   5.889
   4.534
   6.091
   5.802
   5.429
   4.573
   4.188
   6.176
   5.211
   6.238
   5.786
   5.831
   5.648
   5.375
   6.100
   5.345
   5.273
   5.437
   5.334
   6.264
   6.256
   6.251
   6.076
   5.992
   6.069
   3.691
   5.520
   5.157
   3.348
   4.064
   2.713
   3.768
   4.640
   3.298
   2.027
   5.859
   5.142
   5.135
   3.498
   3.822
   3.391
   3.159
   5.053
   4.786
   4.541
   4.219
   4.418
   4.740
   5.941
   4.901
   4.850
   5.789
   4.040
   2.489
   6.140
   5.659
   5.073
   4.962
   6.001
   4.856
   3.459
   4.162
  -0.689
   4.251
   3.858
   4.591
   4.558
   6.227
   6.190
   6.186
   3.416
   6.157
   6.150
   6.084
   6.029
   6.011
   5.990
   5.925
   5.915
   4.679
   4.408
   4.029
   2.458
   5.591
   3.549
   6.264
   3.728
   5.319
   2.468
   5.287
   4.475
   5.264
   6.091
   4.280
   5.177
   5.845
   5.988
   5.272
   5.458
   5.950
   6.049
   5.478
   5.777
   4.144
   5.108
   5.047
   6.086
  -0.626
   6.044
   4.312
   6.151
   2.291
   4.952
   5.622
   5.015
   4.764
   5.459
   4.588
   5.333
   5.606
   5.393
   4.976
   5.869
   4.657
   6.205
   4.705
   6.197
   5.792
   5.806
   3.956
   6.234
   6.262
   5.347
   5.754
   6.076
   5.992
   6.069
   2.872
   2.992
   4.474
   3.644
   4.473
   5.391
   4.109
   4.365
   4.708
   5.496
   5.796
   6.007
   5.756
   0.093
   4.246
   3.664
   5.239
   2.844
   5.658
   5.281
   3.131
   4.434
   4.382
   5.293
   2.763
   4.514
   3.972
   1.378
   3.141
   4.339
   5.075
   4.748
   5.124
   4.126
   2.036
   2.529
   3.640
   1.639
   4.243
   4.368
   4.716
   4.634
   5.390
   3.502
   2.931
   6.227
   6.190
   6.186
   6.157
   2.217
   6.151
   6.150
   6.091
   3.343
   6.084
   3.579
   6.029
   6.011
   6.264
   6.205
   2.668
   3.950
   4.222
   5.281
   4.960
   4.492
   5.932
   2.818
   6.003
   5.348
   5.472
   5.522
   3.077
   5.456
   5.926
   4.597
   5.580
   5.722
   4.265
   5.567
   4.182
   4.698
   5.104
   3.946
   5.476
   5.360
   5.424
   5.236
   4.356
   5.230
   4.330
   4.375
   6.138
   4.593
   5.863
   5.537
   5.891
   5.964
   6.030
   5.631
   5.323
   3.376
   5.421
   5.344
   6.205
   6.238
   6.076
   6.069
   2.523
   3.468
   5.069
   4.541
   5.448
   4.123
   3.998
   2.254
   4.341
   5.196
   4.011
   3.306
   4.661
   5.454
   5.782
   3.897
   5.786
   4.322
   5.392
   4.466
   4.353
   5.914
   4.526
   5.088
   4.151
   2.828
   3.698
   4.708
   4.678
   4.237
   4.403
   4.285
   5.283
   2.078
   5.433
   5.310
   4.368
   3.713
   2.564
   2.505
   4.552
   3.624
   3.406
   6.227
   6.190
   6.186
   6.157
   6.151
   6.150
   4.770
   6.091
   4.342
   2.184
   6.084
   6.029
   6.011
   6.003
   3.037
   6.264
   6.205
   2.256
   1.427
   5.172
   5.224
   5.610
   4.496
   6.035
   4.967
   5.731
   4.807
   3.531
   5.661
   5.819
   5.248
   6.061
   5.635
   3.538
   4.303
   5.217
   6.065
   5.631
   6.010
   5.286
   5.918
   5.355
   5.594
   5.940
   4.278
   5.601
   5.388
   5.201
   5.372
   5.422
   5.995
   5.352
   5.864
   6.229
   5.568
   3.100
   5.058
   5.268
   5.375
   5.711
  -3.203
   6.186
   6.076
   6.069
   5.409
   4.646
   2.417
   5.423
   4.651
   4.538
   4.723
   4.725
   4.431
   5.373
   4.849
   3.340
   2.575
   5.688
   5.499
   3.939
   5.597
   6.128
   4.501
   5.837
   3.484
   4.675
   2.346
   1.472
   3.529
  -0.876
  -1.542
   3.842
   5.567
   5.402
   3.818
   5.766
   5.519
   4.748
   4.197
   3.930
   5.840
   4.159
   3.850
   2.869
   6.227
   6.190
   6.186
   6.157
   6.151
   6.150
   2.822
   3.542
   5.534
   6.091
   6.084
   6.065
   6.029
   6.011
   4.420
   6.264
   6.229
   2.815
   3.090
   5.477
   1.952
   5.431
   4.741
   4.992
   2.446
   6.069
   3.605
   4.664
   4.945
   5.013
   5.678
   5.463
   6.069
   5.751
   5.620
   4.395
   5.095
   4.136
   4.660
   5.421
   4.905
   5.630
   5.471
   4.181
   6.254
   5.809
   3.528
   3.440
   5.173
   6.260
   6.219
   4.015
   5.541
   5.677
   4.874
   3.716
   4.988
   5.422
   6.076
   6.069
   3.209
   5.089
   2.999
   4.704
   5.340
   5.007
   5.298
   3.594
   5.337
   5.529
   2.749
   4.120
   4.094
   0.864
   5.969
   4.204
   4.074
   2.176
   4.152
   5.370
   5.723
   5.563
   6.093
   4.706
   3.800
   3.906
   3.777
   5.352
   4.057
   4.041
   4.558
   3.782
   5.944
   4.989
   5.770
   3.235
   5.484
   5.718
   4.394
   3.194
   3.964
   2.082
   2.806
   5.761
   6.227
   6.190
   6.186
   6.157
   6.151
   6.150
   4.001
   6.091
   6.084
   6.069
   6.065
   6.029
  -0.132
   2.199
   6.264
   6.229
   4.421
   3.569
   3.360
   5.572
   5.428
   4.179
   4.634
   0.309
   6.014
   2.404
   5.683
   4.494
   5.365
   5.211
   5.569
   5.163
   5.756
   5.344
   5.994
   6.121
   5.431
   2.458
   5.452
   5.514
   5.342
   5.849
   5.929
   3.386
   5.904
   3.251
   6.146
   5.013
   4.609
   5.169
   5.435
   3.992
   4.639
   5.354
   5.345
   5.347
   5.478
   4.959
   6.201
   6.234
   5.778
   6.205
   6.091
   6.076
   6.069
   4.351
   2.926
   3.451
   2.874
   2.709
   4.797
   3.693
   4.321
   4.618
   4.159
   3.969
   3.384
   4.616
   5.381
   5.266
   4.580
   4.580
   5.134
   5.511
   5.860
   4.543
   4.264
   4.824
   6.026
   4.135
   5.450
   4.748
   6.195
   1.283
   4.846
   3.992
   3.920
   3.470
   3.117
   4.426
   4.140
   3.683
   6.227
   6.190
   4.246
   4.361
   6.186
   4.435
   5.242
   4.214
   5.470
   6.157
   6.151
   6.150
   6.091
   6.084
   6.069
   6.065
   6.029
   2.232
   3.476
   5.925
   2.207
   5.292
   3.506
   6.264
   6.229
   3.612
   5.099
   5.603
   5.543
   5.386
   4.904
   4.863
   5.102
   5.094
   4.774
   5.576
   5.601
   5.576
   5.448
   5.693
   5.489
   5.231
   5.524
   5.269
   3.992
   2.898
   5.417
   6.086
   5.556
   5.944
   6.238
   6.235
   6.189
   6.199
   6.245
   6.171
   5.359
   5.289
   4.594
   5.935
   3.959
   5.350
   6.259
   4.518
   5.343
   6.202
   5.293
   6.076
   2.639
   4.601
   4.607
   3.919
   4.315
   3.265
   4.101
   1.589
   3.958
   4.879
   4.726
   4.568
   4.368
   4.896
   5.975
   5.411
   4.703
   1.422
  -1.332
   4.483
   5.448
   5.084
   3.289
   4.688
   4.578
   5.874
   4.476
   2.767
   5.124
   3.908
   5.108
   5.147
   3.017
   3.100
   4.110
   4.544
   1.797
   4.098
   0.876
   5.794
   5.890
   4.408
   5.614
   6.227
   6.195
   6.190
   6.186
   6.151
   6.150
   6.091
   6.084
   6.069
   6.065
   6.029
   5.470
   3.346
   2.960
   4.004
   2.374
   4.821
   5.062
   6.264
   6.229
   4.734
   5.664
   4.335
   5.505
   5.124
   4.781
   3.572
   3.780
   3.900
   5.651
   4.453
   2.513
   3.889
   5.575
   5.917
   5.795
   6.067
   5.922
   3.237
   5.159
   4.336
   3.856
   4.563
   5.273
   4.118
   6.011
   5.669
   5.343
   4.486
   5.352
   6.239
   4.855
   5.311
   4.996
   5.241
   5.318
   4.914
   5.604
   5.139
   5.347
   5.369
   6.240
   6.192
   6.076
   5.890
   4.340
   5.945
   4.785
   5.337
   5.085
   3.382
   3.724
   2.526
   5.480
   3.087
   4.369
   4.746
   3.309
   5.146
   4.649
   4.490
   4.201
   4.481
   5.679
   4.538
   5.251
   5.045
   5.474
   3.432
   5.290
   5.706
   5.351
   5.362
   4.080
   1.146
   5.305
   3.835
   4.220
   4.545
   3.839
   1.837
   4.825
   5.685
   2.311
   2.537
   6.227
   6.195
   6.190
   1.552
   6.186
   6.151
   6.150
   6.091
   6.084
   6.069
   6.065
   6.029
   4.960
   5.840
   2.730
   6.264
   3.603
   6.229
   0.971
   2.425
   3.696
   3.983
   5.309
   5.179
   4.653
   5.961
   5.188
   5.829
   4.985
   5.321
   5.805
   3.943
   5.387
   4.102
   4.744
   5.876
   5.579
   4.933
   4.445
   5.976
   6.142
   5.178
   5.821
   4.606
   4.438
   4.005
   4.831
   5.801
   5.739
   5.421
   5.544
   4.333
   4.989
   4.660
   3.922
   5.191
   5.816
   6.255
   6.194
   5.465
   5.929
   5.935
   6.178
   6.204
   6.260
   6.232
   6.076
   3.551
   4.445
   3.664
   4.299
   5.275
   4.839
   4.151
   4.808
   4.889
   5.105
   5.718
   5.084
   4.087
   1.760
   5.973
   3.717
   3.798
   5.216
   5.172
   5.097
   5.645
   5.885
   4.745
   5.089
   5.602
   4.505
   6.161
   6.227
   6.195
   6.190
   2.794
   5.955
   4.648
   5.032
   4.235
   5.964
   5.217
   5.809
   3.073
   6.186
   6.151
   6.150
   6.091
   6.084
   6.069
   6.065
   6.029
   4.260
   5.945
   3.983
   5.657
   2.414
   2.692
   5.395
  -1.478
   4.966
   3.535
   3.738
   6.264
   6.229
   1.241
   2.899
   3.221
   5.305
   5.542
   4.024
   5.811
   5.598
   5.354
   5.808
   5.346
   5.273
   3.900
   4.741
   5.696
   6.107
   5.401
   3.967
   5.986
   4.876
   6.111
   5.261
   5.630
   5.934
   2.984
   4.824
   6.235
   5.847
   5.347
   5.671
   5.351
   6.242
   6.246
   5.344
   6.253
   5.939
   6.235
   5.344
   6.259
   5.921
   5.339
   6.192
   5.335
   5.351
   5.871
   6.200
   6.262
   5.816
